2016.0000    -96.93300
2016.0027    -96.97268
2016.0055    -97.01236
2016.0082    -97.05203
2016.0109    -97.09171
2016.0137    -97.13139
2016.0164    -97.17107
2016.0191    -97.21075
2016.0219    -97.25042
2016.0246    -97.29010
2016.0273    -97.32978
2016.0301    -97.36946
2016.0328    -97.40914
2016.0355    -97.44882
2016.0383    -97.48849
2016.0410    -97.52817
2016.0437    -97.56785
2016.0464    -97.60753
2016.0492    -97.64721
2016.0519    -97.68689
2016.0546    -97.72656
2016.0574    -97.76624
2016.0601    -97.80592
2016.0628    -97.84560
2016.0656    -97.88528
2016.0683    -97.92496
2016.0710    -97.96463
2016.0738    -98.00431
2016.0765    -98.04399
2016.0792    -98.08367
2016.0820    -98.12335
2016.0847    -98.16303
2016.0874    -98.20270
2016.0902    -98.24238
2016.0929    -98.28206
2016.0956    -98.32174
2016.0984    -98.36142
2016.1011    -98.40110
2016.1038    -98.44077
2016.1066    -98.48045
2016.1093    -98.52013
2016.1120    -98.55981
2016.1148    -98.59949
2016.1175    -98.63917
2016.1202    -98.67884
2016.1230    -98.71852
2016.1257    -98.75820
2016.1284    -98.79788
2016.1311    -98.83756
2016.1339    -98.87724
2016.1366    -98.91691
2016.1393    -98.95659
2016.1421    -98.99627
2016.1448    -99.03595
2016.1475    -99.07563
2016.1503    -99.11531
2016.1530    -99.15498
2016.1557    -99.19466
2016.1585    -99.23434
2016.1612    -99.27402
2016.1639    -99.31370
2016.1667    -99.35338
2016.1694    -99.39305
2016.1721    -99.43273
2016.1749    -99.47241
2016.1776    -99.51209
2016.1803    -99.55177
2016.1831    -99.59144
2016.1858    -99.63112
2016.1885    -99.67080
2016.1913    -99.71048
2016.1940    -99.75016
2016.1967    -99.78984
2016.1995    -99.82951
2016.2022    -99.86919
2016.2049    -99.90887
2016.2077    -99.94855
2016.2104    -99.98823
2016.2131   -100.02791
2016.2158   -100.06758
2016.2186   -100.10726
2016.2213   -100.14694
2016.2240   -100.18662
2016.2268   -100.22630
2016.2295   -100.26598
2016.2322   -100.30565
2016.2350   -100.34533
2016.2377   -100.38501
2016.2404   -100.42469
2016.2432   -100.46437
2016.2459   -100.50405
2016.2486   -100.54372
2016.2514   -100.58340
2016.2541   -100.62308
2016.2568   -100.66276
2016.2596   -100.70244
2016.2623   -100.74212
2016.2650   -100.78179
2016.2678   -100.82147
2016.2705   -100.86115
2016.2732   -100.90083
2016.2760   -100.94051
2016.2787   -100.98019
2016.2814   -101.01986
2016.2842   -101.05954
2016.2869   -101.09922
2016.2896   -101.13890
2016.2923   -101.17858
2016.2951   -101.21826
2016.2978   -101.25793
2016.3005   -101.29761
2016.3033   -101.33729
2016.3060   -101.37697
2016.3087   -101.41665
2016.3115   -101.45633
2016.3142   -101.49600
2016.3169   -101.53568
2016.3197   -101.57536
2016.3224   -101.61504
2016.3251   -101.65472
2016.3279   -101.69440
2016.3306   -101.73407
2016.3333   -101.77375
2016.3361   -101.81343
2016.3388   -101.85311
2016.3415   -101.89279
2016.3443   -101.93246
2016.3470   -101.97214
2016.3497   -102.01182
2016.3525   -102.05150
2016.3552   -102.09118
2016.3579   -102.13086
2016.3607   -102.17053
2016.3634   -102.21021
2016.3661   -102.24989
2016.3689   -102.28957
2016.3716   -102.32925
2016.3743   -102.36893
2016.3770   -102.40860
2016.3798   -102.44828
2016.3825   -102.48796
2016.3852   -102.52764
2016.3880   -102.56732
2016.3907   -102.60700
2016.3934   -102.64667
2016.3962   -102.68635
2016.3989   -102.72603
2016.4016   -102.76571
2016.4044   -102.80539
2016.4071   -102.84507
2016.4098   -102.88474
2016.4126   -102.92442
2016.4153   -102.96410
2016.4180   -103.00378
2016.4208   -103.04346
2016.4235   -103.08314
2016.4262   -103.12281
2016.4290   -103.16249
2016.4317   -103.20217
2016.4344   -103.24185
2016.4372   -103.28153
2016.4399   -103.32121
2016.4426   -103.36088
2016.4454   -103.40056
2016.4481   -103.44024
2016.4508   -103.47992
2016.4536   -103.51960
2016.4563   -103.55928
2016.4590   -103.59895
2016.4617   -103.63863
2016.4645   -103.67831
2016.4672   -103.71799
2016.4699   -103.75767
2016.4727   -103.79735
2016.4754   -103.83702
2016.4781   -103.87670
2016.4809   -103.91638
2016.4836   -103.95606
2016.4863   -103.99574
2016.4891   -104.03541
2016.4918   -104.07509
2016.4945   -104.11477
2016.4973   -104.15445
2016.5000   -104.19413
2016.5027   -104.23381
2016.5055   -104.27348
2016.5082   -104.31316
2016.5109   -104.35284
2016.5137   -104.39252
2016.5164   -104.43220
2016.5191   -104.47188
2016.5219   -104.51155
2016.5246   -104.55123
2016.5273   -104.59091
2016.5301   -104.63059
2016.5328   -104.67027
2016.5355   -104.70995
2016.5383   -104.74962
2016.5410   -104.78930
2016.5437   -104.82898
2016.5464   -104.86866
2016.5492   -104.90834
2016.5519   -104.94802
2016.5546   -104.98769
2016.5574   -105.02737
2016.5601   -105.06705
2016.5628   -105.10673
2016.5656   -105.14641
2016.5683   -105.18609
2016.5710   -105.22576
2016.5738   -105.26544
2016.5765   -105.30512
2016.5792   -105.34480
2016.5820   -105.38448
2016.5847   -105.42416
2016.5874   -105.46383
2016.5902   -105.50351
2016.5929   -105.54319
2016.5956   -105.58287
2016.5984   -105.62255
2016.6011   -105.66223
2016.6038   -105.70190
2016.6066   -105.74158
2016.6093   -105.78126
2016.6120   -105.82094
2016.6148   -105.86062
2016.6175   -105.90030
2016.6202   -105.93997
2016.6230   -105.97965
2016.6257   -106.01933
2016.6284   -106.05901
2016.6311   -106.09869
2016.6339   -106.13837
2016.6366   -106.17804
2016.6393   -106.21772
2016.6421   -106.25740
2016.6448   -106.29708
2016.6475   -106.33676
2016.6503   -106.37643
2016.6530   -106.41611
2016.6557   -106.45579
2016.6585   -106.49547
2016.6612   -106.53515
2016.6639   -106.57483
2016.6667   -106.61450
2016.6694   -106.65418
2016.6721   -106.69386
2016.6749   -106.73354
2016.6776   -106.77322
2016.6803   -106.81290
2016.6831   -106.85257
2016.6858   -106.89225
2016.6885   -106.93193
2016.6913   -106.97161
2016.6940   -107.01129
2016.6967   -107.05097
2016.6995   -107.09064
2016.7022   -107.13032
2016.7049   -107.17000
2016.7077   -107.20968
2016.7104   -107.24936
2016.7131   -107.28904
2016.7158   -107.32871
2016.7186   -107.36839
2016.7213   -107.40807
2016.7240   -107.44775
2016.7268   -107.48743
2016.7295   -107.52711
2016.7322   -107.56678
2016.7350   -107.60646
2016.7377   -107.64614
2016.7404   -107.68582
2016.7432   -107.72550
2016.7459   -107.76518
2016.7486   -107.80485
2016.7514   -107.84453
2016.7541   -107.88421
2016.7568   -107.92389
2016.7596   -107.96357
2016.7623   -108.00325
2016.7650   -108.04292
2016.7678   -108.08260
2016.7705   -108.12228
2016.7732   -108.16196
2016.7760   -108.20164
2016.7787   -108.24132
2016.7814   -108.28099
2016.7842   -108.32067
2016.7869   -108.36035
2016.7896   -108.40003
2016.7923   -108.43971
2016.7951   -108.47939
2016.7978   -108.51906
2016.8005   -108.55874
2016.8033   -108.59842
2016.8060   -108.63810
2016.8087   -108.67778
2016.8115   -108.71745
2016.8142   -108.75713
2016.8169   -108.79681
2016.8197   -108.83649
2016.8224   -108.87617
2016.8251   -108.91585
2016.8279   -108.95552
2016.8306   -108.99520
2016.8333   -109.03488
2016.8361   -109.07456
2016.8388   -109.11424
2016.8415   -109.15392
2016.8443   -109.19359
2016.8470   -109.23327
2016.8497   -109.27295
2016.8525   -109.31263
2016.8552   -109.35231
2016.8579   -109.39199
2016.8607   -109.43166
2016.8634   -109.47134
2016.8661   -109.51102
2016.8689   -109.55070
2016.8716   -109.59038
2016.8743   -109.63006
2016.8770   -109.66973
2016.8798   -109.70941
2016.8825   -109.74909
2016.8852   -109.78877
2016.8880   -109.82845
2016.8907   -109.86813
2016.8934   -109.90780
2016.8962   -109.94748
2016.8989   -109.98716
2016.9016   -110.02684
2016.9044   -110.06652
2016.9071   -110.10620
2016.9098   -110.14587
2016.9126   -110.18555
2016.9153   -110.22523
2016.9180   -110.26491
2016.9208   -110.30459
2016.9235   -110.34427
2016.9262   -110.38394
2016.9290   -110.42362
2016.9317   -110.46330
2016.9344   -110.50298
2016.9372   -110.54266
2016.9399   -110.58234
2016.9426   -110.62201
2016.9454   -110.66169
2016.9481   -110.70137
2016.9508   -110.74105
2016.9536   -110.78073
2016.9563   -110.82040
2016.9590   -110.86008
2016.9617   -110.89976
2016.9645   -110.93944
