2016.00000  -98.53    2.51
2016.00273  -97.20    2.57
2016.00546  -99.61    3.04
2016.00820  -98.11    3.35
2016.01093  -98.90    2.99
2016.01366 -101.05    3.01
2016.01639  -99.62    2.71
2016.01913  -98.74    2.87
2016.02186  -99.25    2.61
2016.02459  -99.78    2.56
2016.02732  -97.96    2.75
2016.03005  -97.49    2.99
2016.03279  -99.06    2.96
2016.03552  -98.65    2.60
2016.03825  -98.90    2.79
2016.04098  -97.81    2.96
2016.04372 -100.55    3.13
2016.04645  -99.05    3.17
2016.04918  -95.82    2.93
2016.05191  -96.06    3.22
2016.05464  -99.34    2.75
2016.05738  -98.72    2.61
2016.06011  -97.09    2.60
2016.06284  -99.07    2.83
2016.06557  -98.14    3.06
2016.06831  -98.78    2.68
2016.07104  -97.96    2.84
2016.07377  -97.93    2.59
2016.07650  -98.65    3.05
2016.07923  -99.82    3.32
2016.08197  -97.69    2.70
2016.08470  -95.41    2.66
2016.08743  -96.35    2.81
2016.09016  -96.37    2.58
2016.09290  -97.05    2.67
2016.09563  -99.59    2.95
2016.09836  -97.44    2.64
2016.10109  -98.59    2.50
2016.10383  -98.14    2.75
2016.10656 -100.06    2.64
2016.10929  -98.44    2.83
2016.11202  -96.11    2.71
2016.11475 -100.13    3.09
2016.11749  -98.08    2.82
2016.12022 -100.09    2.89
2016.12295  -97.97    2.94
2016.12568  -98.77    2.84
2016.12842  -98.91    2.75
2016.13115  -98.33    2.70
2016.13388  -98.03    2.68
2016.13661  -97.12    2.68
2016.13934  -99.57    2.75
2016.14208  -99.69    2.86
2016.14481  -98.87    2.64
2016.14754  -98.05    2.63
2016.15027  -99.36    2.94
2016.15301 -101.11    2.71
2016.15574  -98.49    2.76
2016.15847  -97.51    3.00
2016.16120  -98.45    3.30
2016.16393  -95.79    2.96
2016.16667  -99.14    2.76
2016.16940  -99.21    3.13
2016.17213  -99.57    3.71
2016.17486  -97.11    3.09
2016.17760  -96.86    3.28
2016.18033  -98.83    2.76
2016.18306  -97.89    3.17
2016.18579  -98.03    4.03
2016.18852  -97.46    3.47
2016.19126  -99.82    3.32
2016.19399  -96.75    2.80
2016.19672 -100.73    3.17
2016.19945  -98.07    3.70
2016.20219  -98.74    3.40
2016.20492 -104.03    3.49
2016.20765 -102.56    3.07
2016.21038 -103.17    3.23
2016.21311  -98.23    3.59
2016.21585  -98.63    3.38
2016.21858 -100.77    2.95
2016.22131  -99.58    2.83
2016.22404 -101.32    2.87
2016.22678 -100.51    3.55
2016.22951 -100.54    2.59
2016.23224 -101.49    2.81
2016.23497 -101.55    2.63
2016.23770 -101.64    2.78
2016.24044 -100.30    3.18
2016.24317 -104.06    2.99
2016.24590 -100.03    3.05
2016.24863 -100.36    3.26
2016.25137 -102.29    2.75
2016.25410  -99.53    3.47
2016.25683 -101.77    3.31
2016.25956 -100.63    3.11
2016.26230 -101.83    3.03
2016.26503 -101.13    2.98
2016.26776 -101.02    3.54
2016.27049 -101.45    3.08
2016.27322 -101.00    2.86
2016.27596 -102.21    3.00
2016.27869 -102.42    2.79
2016.28142 -103.40    2.84
2016.28415  -99.16    3.01
2016.28689  -98.72    3.60
2016.28962 -100.60    3.17
2016.29235 -102.30    3.21
2016.29508 -100.70    3.64
2016.29781 -101.37    3.07
2016.30055 -101.51    2.88
2016.30328 -103.09    2.69
2016.30601 -101.32    3.05
2016.30874 -101.32    3.18
2016.31148 -103.07    3.51
2016.31421 -102.73    2.77
2016.31694 -102.78    2.80
2016.31967 -100.65    3.38
2016.32240 -101.12    4.07
2016.32514 -101.48    2.69
2016.32787 -104.80    2.96
2016.33060 -102.18    2.91
2016.33333 -101.59    2.95
2016.33607 -102.87    3.41
2016.33880  -99.05    3.62
2016.34153 -102.53    2.98
2016.34426 -103.65    3.91
2016.34699 -103.68    3.09
2016.34973 -101.19    4.12
2016.35246 -103.95    3.41
2016.35519 -102.96    3.46
2016.35792 -102.41    3.96
2016.36066 -102.46    2.86
2016.36339 -103.43    2.80
2016.36612 -101.49    4.60
2016.36885 -100.92    3.21
2016.37158 -100.11    3.83
2016.37432 -104.31    2.88
2016.37705 -103.23    2.63
2016.37978 -103.49    2.62
2016.38251 -103.31    2.64
2016.38525 -100.48    2.61
2016.38798 -101.34    2.77
2016.39071  -98.61    3.41
2016.39344  -99.36    4.10
2016.39617  -99.09    3.55
2016.39891 -101.59    3.55
2016.40164 -102.56    3.66
2016.40437 -100.59    4.08
2016.40710 -103.30    3.50
2016.40984 -102.27    3.38
2016.41257  -99.19    4.22
2016.41530 -100.57    3.29
2016.41803 -100.93    3.30
2016.42077  -98.46    4.12
2016.42350 -104.17    3.55
2016.42623 -104.42    3.63
2016.42896  -98.98    4.99
2016.43169 -101.81    4.08
2016.43443 -100.46    6.00
2016.43716 -101.78    4.61
2016.43989  -99.86    3.65
2016.44262 -103.59    3.16
2016.44536 -104.65    3.10
2016.44809 -103.21    3.19
2016.45082 -103.45    3.21
2016.45355 -102.31    3.26
2016.45628 -106.18    3.47
2016.45902 -105.39    3.51
2016.46448 -103.13    4.28
2016.46721 -104.00    3.78
2016.46995  -99.10    4.30
2016.47268 -104.84    3.83
2016.47541 -101.07    4.14
2016.47814 -101.99    4.10
2016.48087  -99.08    4.54
2016.48361 -104.40    4.05
2016.48634  -98.64    4.60
2016.48907 -100.17    4.26
2016.49180 -100.72    4.32
2016.49454 -100.86    5.72
2016.49727 -101.58    3.90
2016.50000 -103.65    4.02
2016.50273 -104.28    4.22
2016.50546 -100.50    3.86
2016.50820 -102.02    3.68
2016.51093 -102.67    4.49
2016.51366  -99.58    4.16
2016.51639 -102.83    4.84
2016.52186 -101.87    3.69
2016.52459 -102.06    3.62
2016.52732 -102.05    3.70
2016.53005 -104.53    3.69
2016.53279 -102.78    3.72
2016.53552 -100.40    4.25
2016.53825 -105.78    3.33
2016.54098 -104.99    3.54
2016.54372 -100.91    4.49
2016.54645 -106.55    3.88
2016.54918 -102.01    3.74
2016.55191 -105.70    4.95
2016.55464 -103.59    3.86
2016.55738 -102.65    3.16
2016.56011 -103.79    3.14
2016.56284 -107.77    4.25
2016.56557 -103.87    3.40
2016.56831 -104.10    4.16
2016.57104 -106.50    3.65
2016.57377 -106.04    3.47
2016.57650 -108.01    3.79
2016.57923 -103.47    3.66
2016.58197 -112.41    3.96
2016.58470 -107.07    4.38
2016.58743 -107.78    3.62
2016.59016 -106.22    3.52
2016.59290 -106.15    2.93
2016.59563 -103.55    3.10
2016.59836 -105.96    4.36
2016.60109 -109.16    4.14
2016.60383 -106.32    3.57
2016.60656 -107.78    4.19
2016.60929 -102.53    4.18
2016.61202 -106.09    3.54
2016.61475 -105.12    3.36
2016.61749 -107.13    3.21
2016.62022 -110.03    3.80
2016.62295 -107.18    3.61
2016.62568 -106.68    3.12
2016.62842 -108.77    3.19
2016.63115 -103.91    3.53
2016.63388 -107.29    3.83
2016.63661 -109.87    3.50
2016.63934 -111.34    3.60
2016.64208 -108.08    3.72
2016.64481 -109.17    4.67
2016.64754 -103.96    3.75
2016.65027 -106.39    4.08
2016.65301 -105.99    4.49
2016.65574 -105.45    4.88
2016.65847 -107.04    3.83
2016.66120 -107.79    3.90
2016.66393 -108.50    3.32
2016.66667 -109.17    3.94
2016.66940 -108.21    3.10
2016.67213 -108.77    4.41
2016.67486 -105.05    3.42
2016.67760 -106.26    3.96
2016.68033 -111.88    4.32
2016.68306 -108.62    3.89
2016.68579 -108.72    3.04
2016.68852 -105.89    3.12
2016.69126 -108.59    3.51
2016.69399 -108.59    3.53
2016.69672 -105.19    3.63
2016.69945 -104.45    3.23
2016.70219 -108.63    4.01
2016.70492 -110.89    5.71
2016.70765 -109.22    3.97
2016.71038 -107.92    4.16
2016.71311 -109.22    3.81
2016.71585 -108.28    3.15
2016.71858 -108.05    3.20
2016.72131 -108.59    3.30
2016.72404 -109.90    3.13
2016.72678 -104.08    4.14
2016.72951 -107.66    3.34
2016.73224 -107.35    3.10
2016.73497 -107.71    3.35
2016.73770 -104.34    4.68
2016.74044 -111.19    5.66
2016.74317 -109.60    4.71
2016.74590 -106.27    3.75
2016.74863 -102.74    3.91
2016.75137 -106.09    4.07
2016.75410 -108.63    3.65
2016.75683 -106.72    3.32
2016.75956 -111.45    3.81
2016.76230 -109.56    4.59
2016.76503 -111.03    4.22
2016.76776 -106.00    3.70
2016.77049 -107.94    3.44
2016.77322 -109.42    2.91
2016.77596 -111.51    2.88
2016.77869 -107.19    3.95
2016.78142 -108.96    3.99
2016.78415 -108.57    3.44
2016.78689 -111.14    3.65
2016.79235 -107.72    4.26
2016.79508 -106.32    4.32
2016.79781 -106.42    4.13
2016.80055 -107.72    4.84
2016.80328 -114.37    6.13
2016.80601 -112.05    3.69
2016.80874 -108.97    3.49
2016.81148 -104.55    3.45
2016.81421 -112.36    2.78
2016.81694 -108.51    3.60
2016.81967 -112.67    3.11
2016.82240 -111.86    2.96
2016.82514 -111.04    3.71
2016.82787 -109.82    3.04
2016.83060 -110.79    2.92
2016.83333 -109.37    3.03
2016.83607 -110.78    2.88
2016.83880 -111.26    2.88
2016.84153 -109.75    2.98
2016.84426 -109.62    4.10
2016.84699 -108.89    2.97
2016.84973 -108.42    3.47
2016.85246 -109.19    3.04
2016.85519 -109.14    2.80
2016.85792 -111.33    2.68
2016.86066 -109.88    3.20
2016.86339 -111.60    2.98
2016.86612 -110.29    2.78
2016.86885 -112.13    2.76
2016.87158 -111.25    2.86
2016.87432 -109.02    2.95
2016.87705 -112.20    2.76
2016.87978 -110.71    3.32
2016.88251 -111.86    3.35
2016.88525 -110.65    3.16
2016.88798 -111.44    3.18
2016.89071 -110.00    2.93
2016.89344 -105.94    2.98
2016.89617 -109.90    3.03
2016.89891 -109.63    2.93
2016.90164 -108.06    3.10
2016.90437 -110.42    3.18
2016.90710 -104.67    3.44
2016.90984 -106.83    2.98
2016.91257 -106.46    3.28
2016.91530 -111.46    3.95
2016.91803 -108.45    3.13
2016.92077 -109.53    2.87
2016.92350 -109.90    3.17
2016.92623 -109.76    2.89
2016.92896 -110.37    3.28
2016.93169 -110.01    3.07
2016.93443 -108.76    3.18
2016.93716 -107.53    3.04
2016.93989 -108.53    3.14
2016.94262 -106.78    3.23
2016.94536 -112.88    3.04
2016.94809 -111.37    3.00
2016.95082 -110.14    2.82
2016.95355 -109.51    2.56
2016.95628 -110.48    2.72
2016.95902 -109.22    2.85
2016.96175 -112.57    2.67
2016.96448 -109.54    2.90
2016.96721 -111.77    3.02