2016.00000    -96.93
2016.00273    -96.97
2016.00546    -97.01
2016.00820    -97.05
2016.01093    -97.09
2016.01366    -97.13
2016.01639    -97.17
2016.01913    -97.21
2016.02186    -97.25
2016.02459    -97.29
2016.02732    -97.33
2016.03005    -97.37
2016.03279    -97.41
2016.03552    -97.45
2016.03825    -97.49
2016.04098    -97.53
2016.04372    -97.57
2016.04645    -97.61
2016.04918    -97.65
2016.05191    -97.69
2016.05464    -97.73
2016.05738    -97.77
2016.06011    -97.81
2016.06284    -97.85
2016.06557    -97.89
2016.06831    -97.93
2016.07104    -97.96
2016.07377    -98.00
2016.07650    -98.04
2016.07923    -98.08
2016.08197    -98.12
2016.08470    -98.16
2016.08743    -98.20
2016.09016    -98.24
2016.09290    -98.28
2016.09563    -98.32
2016.09836    -98.36
2016.10109    -98.40
2016.10383    -98.44
2016.10656    -98.48
2016.10929    -98.52
2016.11202    -98.56
2016.11475    -98.60
2016.11749    -98.64
2016.12022    -98.68
2016.12295    -98.72
2016.12568    -98.76
2016.12842    -98.80
2016.13115    -98.84
2016.13388    -98.88
2016.13661    -98.92
2016.13934    -98.96
2016.14208    -99.00
2016.14481    -99.04
2016.14754    -99.08
2016.15027    -99.12
2016.15301    -99.16
2016.15574    -99.19
2016.15847    -99.23
2016.16120    -99.27
2016.16393    -99.31
2016.16667    -99.35
2016.16940    -99.39
2016.17213    -99.43
2016.17486    -99.47
2016.17760    -99.51
2016.18033    -99.55
2016.18306    -99.59
2016.18579    -99.63
2016.18852    -99.67
2016.19126    -99.71
2016.19399    -99.75
2016.19672    -99.79
2016.19945    -99.83
2016.20219    -99.87
2016.20492    -99.91
2016.20765    -99.95
2016.21038    -99.99
2016.21311   -100.03
2016.21585   -100.07
2016.21858   -100.11
2016.22131   -100.15
2016.22404   -100.19
2016.22678   -100.23
2016.22951   -100.27
2016.23224   -100.31
2016.23497   -100.35
2016.23770   -100.38
2016.24044   -100.42
2016.24317   -100.46
2016.24590   -100.50
2016.24863   -100.54
2016.25137   -100.58
2016.25410   -100.62
2016.25683   -100.66
2016.25956   -100.70
2016.26230   -100.74
2016.26503   -100.78
2016.26776   -100.82
2016.27049   -100.86
2016.27322   -100.90
2016.27596   -100.94
2016.27869   -100.98
2016.28142   -101.02
2016.28415   -101.06
2016.28689   -101.10
2016.28962   -101.14
2016.29235   -101.18
2016.29508   -101.22
2016.29781   -101.26
2016.30055   -101.30
2016.30328   -101.34
2016.30601   -101.38
2016.30874   -101.42
2016.31148   -101.46
2016.31421   -101.50
2016.31694   -101.54
2016.31967   -101.58
2016.32240   -101.61
2016.32514   -101.65
2016.32787   -101.69
2016.33060   -101.73
2016.33333   -101.77
2016.33607   -101.81
2016.33880   -101.85
2016.34153   -101.89
2016.34426   -101.93
2016.34699   -101.97
2016.34973   -102.01
2016.35246   -102.05
2016.35519   -102.09
2016.35792   -102.13
2016.36066   -102.17
2016.36339   -102.21
2016.36612   -102.25
2016.36885   -102.29
2016.37158   -102.33
2016.37432   -102.37
2016.37705   -102.41
2016.37978   -102.45
2016.38251   -102.49
2016.38525   -102.53
2016.38798   -102.57
2016.39071   -102.61
2016.39344   -102.65
2016.39617   -102.69
2016.39891   -102.73
2016.40164   -102.77
2016.40437   -102.81
2016.40710   -102.85
2016.40984   -102.88
2016.41257   -102.92
2016.41530   -102.96
2016.41803   -103.00
2016.42077   -103.04
2016.42350   -103.08
2016.42623   -103.12
2016.42896   -103.16
2016.43169   -103.20
2016.43443   -103.24
2016.43716   -103.28
2016.43989   -103.32
2016.44262   -103.36
2016.44536   -103.40
2016.44809   -103.44
2016.45082   -103.48
2016.45355   -103.52
2016.45628   -103.56
2016.45902   -103.60
2016.46448   -103.68
2016.46721   -103.72
2016.46995   -103.76
2016.47268   -103.80
2016.47541   -103.84
2016.47814   -103.88
2016.48087   -103.92
2016.48361   -103.96
2016.48634   -104.00
2016.48907   -104.04
2016.49180   -104.08
2016.49454   -104.11
2016.49727   -104.15
2016.50000   -104.19
2016.50273   -104.23
2016.50546   -104.27
2016.50820   -104.31
2016.51093   -104.35
2016.51366   -104.39
2016.51639   -104.43
2016.52186   -104.51
2016.52459   -104.55
2016.52732   -104.59
2016.53005   -104.63
2016.53279   -104.67
2016.53552   -104.71
2016.53825   -104.75
2016.54098   -104.79
2016.54372   -104.83
2016.54645   -104.87
2016.54918   -104.91
2016.55191   -104.95
2016.55464   -104.99
2016.55738   -105.03
2016.56011   -105.07
2016.56284   -105.11
2016.56557   -105.15
2016.56831   -105.19
2016.57104   -105.23
2016.57377   -105.27
2016.57650   -105.31
2016.57923   -105.34
2016.58197   -105.38
2016.58470   -105.42
2016.58743   -105.46
2016.59016   -105.50
2016.59290   -105.54
2016.59563   -105.58
2016.59836   -105.62
2016.60109   -105.66
2016.60383   -105.70
2016.60656   -105.74
2016.60929   -105.78
2016.61202   -105.82
2016.61475   -105.86
2016.61749   -105.90
2016.62022   -105.94
2016.62295   -105.98
2016.62568   -106.02
2016.62842   -106.06
2016.63115   -106.10
2016.63388   -106.14
2016.63661   -106.18
2016.63934   -106.22
2016.64208   -106.26
2016.64481   -106.30
2016.64754   -106.34
2016.65027   -106.38
2016.65301   -106.42
2016.65574   -106.46
2016.65847   -106.50
2016.66120   -106.54
2016.66393   -106.57
2016.66667   -106.61
2016.66940   -106.65
2016.67213   -106.69
2016.67486   -106.73
2016.67760   -106.77
2016.68033   -106.81
2016.68306   -106.85
2016.68579   -106.89
2016.68852   -106.93
2016.69126   -106.97
2016.69399   -107.01
2016.69672   -107.05
2016.69945   -107.09
2016.70219   -107.13
2016.70492   -107.17
2016.70765   -107.21
2016.71038   -107.25
2016.71311   -107.29
2016.71585   -107.33
2016.71858   -107.37
2016.72131   -107.41
2016.72404   -107.45
2016.72678   -107.49
2016.72951   -107.53
2016.73224   -107.57
2016.73497   -107.61
2016.73770   -107.65
2016.74044   -107.69
2016.74317   -107.73
2016.74590   -107.77
2016.74863   -107.80
2016.75137   -107.84
2016.75410   -107.88
2016.75683   -107.92
2016.75956   -107.96
2016.76230   -108.00
2016.76503   -108.04
2016.76776   -108.08
2016.77049   -108.12
2016.77322   -108.16
2016.77596   -108.20
2016.77869   -108.24
2016.78142   -108.28
2016.78415   -108.32
2016.78689   -108.36
2016.79235   -108.44
2016.79508   -108.48
2016.79781   -108.52
2016.80055   -108.56
2016.80328   -108.60
2016.80601   -108.64
2016.80874   -108.68
2016.81148   -108.72
2016.81421   -108.76
2016.81694   -108.80
2016.81967   -108.84
2016.82240   -108.88
2016.82514   -108.92
2016.82787   -108.96
2016.83060   -109.00
2016.83333   -109.03
2016.83607   -109.07
2016.83880   -109.11
2016.84153   -109.15
2016.84426   -109.19
2016.84699   -109.23
2016.84973   -109.27
2016.85246   -109.31
2016.85519   -109.35
2016.85792   -109.39
2016.86066   -109.43
2016.86339   -109.47
2016.86612   -109.51
2016.86885   -109.55
2016.87158   -109.59
2016.87432   -109.63
2016.87705   -109.67
2016.87978   -109.71
2016.88251   -109.75
2016.88525   -109.79
2016.88798   -109.83
2016.89071   -109.87
2016.89344   -109.91
2016.89617   -109.95
2016.89891   -109.99
2016.90164   -110.03
2016.90437   -110.07
2016.90710   -110.11
2016.90984   -110.15
2016.91257   -110.19
2016.91530   -110.23
2016.91803   -110.26
2016.92077   -110.30
2016.92350   -110.34
2016.92623   -110.38
2016.92896   -110.42
2016.93169   -110.46
2016.93443   -110.50
2016.93716   -110.54
2016.93989   -110.58
2016.94262   -110.62
2016.94536   -110.66
2016.94809   -110.70
2016.95082   -110.74
2016.95355   -110.78
2016.95628   -110.82
2016.95902   -110.86
2016.96175   -110.90
2016.96448   -110.94
2016.96721   -110.98
