2016.00000    332.65
2016.00273    332.72
2016.00546    332.80
2016.00820    332.88
2016.01093    332.96
2016.01366    333.04
2016.01639    333.12
2016.01913    333.20
2016.02186    333.28
2016.02459    333.36
2016.02732    333.44
2016.03005    333.52
2016.03279    333.60
2016.03552    333.68
2016.03825    333.76
2016.04098    333.84
2016.04372    333.92
2016.04645    334.00
2016.04918    334.08
2016.05191    334.16
2016.05464    334.23
2016.05738    334.31
2016.06011    334.39
2016.06284    334.47
2016.06557    334.55
2016.06831    334.63
2016.07104    334.71
2016.07377    334.79
2016.07650    334.87
2016.07923    334.95
2016.08197    335.03
2016.08470    335.11
2016.08743    335.19
2016.09016    335.27
2016.09290    335.35
2016.09563    335.43
2016.09836    335.51
2016.10109    335.59
2016.10383    335.67
2016.10656    335.75
2016.10929    335.82
2016.11202    335.90
2016.11475    335.98
2016.11749    336.06
2016.12022    336.14
2016.12295    336.22
2016.12568    336.30
2016.12842    336.38
2016.13115    336.46
2016.13388    336.54
2016.13661    336.62
2016.13934    336.70
2016.14208    336.78
2016.14481    336.86
2016.14754    336.94
2016.15027    337.02
2016.15301    337.10
2016.15574    337.18
2016.15847    337.26
2016.16120    337.33
2016.16393    337.41
2016.16667    337.49
2016.16940    337.57
2016.17213    337.65
2016.17486    337.73
2016.17760    337.81
2016.18033    337.89
2016.18306    337.97
2016.18579    338.05
2016.18852    338.13
2016.19126    338.21
2016.19399    338.29
2016.19672    338.37
2016.19945    338.45
2016.20219    338.53
2016.20492    338.61
2016.20765    338.69
2016.21038    338.77
2016.21311    338.84
2016.21585    338.92
2016.21858    339.00
2016.22131    339.08
2016.22404    339.16
2016.22678    339.24
2016.22951    339.32
2016.23224    339.40
2016.23497    339.48
2016.23770    339.56
2016.24044    339.64
2016.24317    339.72
2016.24590    339.80
2016.24863    339.88
2016.25137    339.96
2016.25410    340.04
2016.25683    340.12
2016.25956    340.20
2016.26230    340.28
2016.26503    340.35
2016.26776    340.43
2016.27049    340.51
2016.27322    340.59
2016.27596    340.67
2016.27869    340.75
2016.28142    340.83
2016.28415    340.91
2016.28689    340.99
2016.28962    341.07
2016.29235    341.15
2016.29508    341.23
2016.29781    341.31
2016.30055    341.39
2016.30328    341.47
2016.30601    341.55
2016.30874    341.63
2016.31148    341.71
2016.31421    341.79
2016.31694    341.86
2016.31967    341.94
2016.32240    342.02
2016.32514    342.10
2016.32787    342.18
2016.33060    342.26
2016.33333    342.34
2016.33607    342.42
2016.33880    342.50
2016.34153    342.58
2016.34426    342.66
2016.34699    342.74
2016.34973    342.82
2016.35246    342.90
2016.35519    342.98
2016.35792    343.06
2016.36066    343.14
2016.36339    343.22
2016.36612    343.30
2016.36885    343.38
2016.37158    343.45
2016.37432    343.53
2016.37705    343.61
2016.37978    343.69
2016.38251    343.77
2016.38525    343.85
2016.38798    343.93
2016.39071    344.01
2016.39344    344.09
2016.39617    344.17
2016.39891    344.25
2016.40164    344.33
2016.40437    344.41
2016.40710    344.49
2016.40984    344.57
2016.41257    344.65
2016.41530    344.73
2016.41803    344.81
2016.42077    344.89
2016.42350    344.96
2016.42623    345.04
2016.42896    345.12
2016.43169    345.20
2016.43443    345.28
2016.43716    345.36
2016.43989    345.44
2016.44262    345.52
2016.44536    345.60
2016.44809    345.68
2016.45082    345.76
2016.45355    345.84
2016.45628    345.92
2016.45902    346.00
2016.46448    346.16
2016.46721    346.24
2016.46995    346.32
2016.47268    346.40
2016.47541    346.47
2016.47814    346.55
2016.48087    346.63
2016.48361    346.71
2016.48634    346.79
2016.48907    346.87
2016.49180    346.95
2016.49454    347.03
2016.49727    347.11
2016.50000    347.19
2016.50273    347.27
2016.50546    347.35
2016.50820    347.43
2016.51093    347.51
2016.51366    347.59
2016.51639    347.67
2016.52186    347.83
2016.52459    347.91
2016.52732    347.98
2016.53005    348.06
2016.53279    348.14
2016.53552    348.22
2016.53825    348.30
2016.54098    348.38
2016.54372    348.46
2016.54645    348.54
2016.54918    348.62
2016.55191    348.70
2016.55464    348.78
2016.55738    348.86
2016.56011    348.94
2016.56284    349.02
2016.56557    349.10
2016.56831    349.18
2016.57104    349.26
2016.57377    349.34
2016.57650    349.42
2016.57923    349.50
2016.58197    349.57
2016.58470    349.65
2016.58743    349.73
2016.59016    349.81
2016.59290    349.89
2016.59563    349.97
2016.59836    350.05
2016.60109    350.13
2016.60383    350.21
2016.60656    350.29
2016.60929    350.37
2016.61202    350.45
2016.61475    350.53
2016.61749    350.61
2016.62022    350.69
2016.62295    350.77
2016.62568    350.85
2016.62842    350.93
2016.63115    351.01
2016.63388    351.08
2016.63661    351.16
2016.63934    351.24
2016.64208    351.32
2016.64481    351.40
2016.64754    351.48
2016.65027    351.56
2016.65301    351.64
2016.65574    351.72
2016.65847    351.80
2016.66120    351.88
2016.66393    351.96
2016.66667    352.04
2016.66940    352.12
2016.67213    352.20
2016.67486    352.28
2016.67760    352.36
2016.68033    352.44
2016.68306    352.52
2016.68579    352.59
2016.68852    352.67
2016.69126    352.75
2016.69399    352.83
2016.69672    352.91
2016.69945    352.99
2016.70219    353.07
2016.70492    353.15
2016.70765    353.23
2016.71038    353.31
2016.71311    353.39
2016.71585    353.47
2016.71858    353.55
2016.72131    353.63
2016.72404    353.71
2016.72678    353.79
2016.72951    353.87
2016.73224    353.95
2016.73497    354.03
2016.73770    354.10
2016.74044    354.18
2016.74317    354.26
2016.74590    354.34
2016.74863    354.42
2016.75137    354.50
2016.75410    354.58
2016.75683    354.66
2016.75956    354.74
2016.76230    354.82
2016.76503    354.90
2016.76776    354.98
2016.77049    355.06
2016.77322    355.14
2016.77596    355.22
2016.77869    355.30
2016.78142    355.38
2016.78415    355.46
2016.78689    355.54
2016.79235    355.69
2016.79508    355.77
2016.79781    355.85
2016.80055    355.93
2016.80328    356.01
2016.80601    356.09
2016.80874    356.17
2016.81148    356.25
2016.81421    356.33
2016.81694    356.41
2016.81967    356.49
2016.82240    356.57
2016.82514    356.65
2016.82787    356.73
2016.83060    356.81
2016.83333    356.89
2016.83607    356.97
2016.83880    357.05
2016.84153    357.13
2016.84426    357.20
2016.84699    357.28
2016.84973    357.36
2016.85246    357.44
2016.85519    357.52
2016.85792    357.60
2016.86066    357.68
2016.86339    357.76
2016.86612    357.84
2016.86885    357.92
2016.87158    358.00
2016.87432    358.08
2016.87705    358.16
2016.87978    358.24
2016.88251    358.32
2016.88525    358.40
2016.88798    358.48
2016.89071    358.56
2016.89344    358.64
2016.89617    358.71
2016.89891    358.79
2016.90164    358.87
2016.90437    358.95
2016.90710    359.03
2016.90984    359.11
2016.91257    359.19
2016.91530    359.27
2016.91803    359.35
2016.92077    359.43
2016.92350    359.51
2016.92623    359.59
2016.92896    359.67
2016.93169    359.75
2016.93443    359.83
2016.93716    359.91
2016.93989    359.99
2016.94262    360.07
2016.94536    360.15
2016.94809    360.23
2016.95082    360.30
2016.95355    360.38
2016.95628    360.46
2016.95902    360.54
2016.96175    360.62
2016.96448    360.70
2016.96721    360.78
