2016.0000    -14.20108
2016.0027    -14.18743
2016.0055    -14.17378
2016.0082    -14.16013
2016.0109    -14.14648
2016.0137    -14.13283
2016.0164    -14.11918
2016.0191    -14.10552
2016.0219    -14.09187
2016.0246    -14.07822
2016.0273    -14.06457
2016.0301    -14.05092
2016.0328    -14.03727
2016.0355    -14.02362
2016.0383    -14.00997
2016.0410    -13.99632
2016.0437    -13.98267
2016.0464    -13.96902
2016.0492    -13.95536
2016.0519    -13.94171
2016.0546    -13.92806
2016.0574    -13.91441
2016.0601    -13.90076
2016.0628    -13.88711
2016.0656    -13.87346
2016.0683    -13.85981
2016.0710    -13.84616
2016.0738    -13.83251
2016.0765    -13.81886
2016.0792    -13.80520
2016.0820    -13.79155
2016.0847    -13.77790
2016.0874    -13.76425
2016.0902    -13.75060
2016.0929    -13.73695
2016.0956    -13.72330
2016.0984    -13.70965
2016.1011    -13.69600
2016.1038    -13.68235
2016.1066    -13.66869
2016.1093    -13.65504
2016.1120    -13.64139
2016.1148    -13.62774
2016.1175    -13.61409
2016.1202    -13.60044
2016.1230    -13.58679
2016.1257    -13.57314
2016.1284    -13.55949
2016.1311    -13.54584
2016.1339    -13.53219
2016.1366    -13.51853
2016.1393    -13.50488
2016.1421    -13.49123
2016.1448    -13.47758
2016.1475    -13.46393
2016.1503    -13.45028
2016.1530    -13.43663
2016.1557    -13.42298
2016.1585    -13.40933
2016.1612    -13.39568
2016.1639    -13.38203
2016.1667    -13.36837
2016.1694    -13.35472
2016.1721    -13.34107
2016.1749    -13.32742
2016.1776    -13.31377
2016.1803    -13.30012
2016.1831    -13.28647
2016.1858    -13.27282
2016.1885    -13.25917
2016.1913    -13.24552
2016.1940    -13.23186
2016.1967    -13.21821
2016.1995    -13.20456
2016.2022    -13.19091
2016.2049    -13.17726
2016.2077    -13.16361
2016.2104    -13.14996
2016.2131    -13.13631
2016.2158    -13.12266
2016.2186    -13.10901
2016.2213    -13.09536
2016.2240    -13.08170
2016.2268    -13.06805
2016.2295    -13.05440
2016.2322    -13.04075
2016.2350    -13.02710
2016.2377    -13.01345
2016.2404    -12.99980
2016.2432    -12.98615
2016.2459    -12.97250
2016.2486    -12.95885
2016.2514    -12.94520
2016.2541    -12.93154
2016.2568    -12.91789
2016.2596    -12.90424
2016.2623    -12.89059
2016.2650    -12.87694
2016.2678    -12.86329
2016.2705    -12.84964
2016.2732    -12.83599
2016.2760    -12.82234
2016.2787    -12.80869
2016.2814    -12.79504
2016.2842    -12.78138
2016.2869    -12.76773
2016.2896    -12.75408
2016.2923    -12.74043
2016.2951    -12.72678
2016.2978    -12.71313
2016.3005    -12.69948
2016.3033    -12.68583
2016.3060    -12.67218
2016.3087    -12.65853
2016.3115    -12.64487
2016.3142    -12.63122
2016.3169    -12.61757
2016.3197    -12.60392
2016.3224    -12.59027
2016.3251    -12.57662
2016.3279    -12.56297
2016.3306    -12.54932
2016.3333    -12.53567
2016.3361    -12.52202
2016.3388    -12.50837
2016.3415    -12.49471
2016.3443    -12.48106
2016.3470    -12.46741
2016.3497    -12.45376
2016.3525    -12.44011
2016.3552    -12.42646
2016.3579    -12.41281
2016.3607    -12.39916
2016.3634    -12.38551
2016.3661    -12.37186
2016.3689    -12.35821
2016.3716    -12.34455
2016.3743    -12.33090
2016.3770    -12.31725
2016.3798    -12.30360
2016.3825    -12.28995
2016.3852    -12.27630
2016.3880    -12.26265
2016.3907    -12.24900
2016.3934    -12.23535
2016.3962    -12.22170
2016.3989    -12.20804
2016.4016    -12.19439
2016.4044    -12.18074
2016.4071    -12.16709
2016.4098    -12.15344
2016.4126    -12.13979
2016.4153    -12.12614
2016.4180    -12.11249
2016.4208    -12.09884
2016.4235    -12.08519
2016.4262    -12.07154
2016.4290    -12.05788
2016.4317    -12.04423
2016.4344    -12.03058
2016.4372    -12.01693
2016.4399    -12.00328
2016.4426    -11.98963
2016.4454    -11.97598
2016.4481    -11.96233
2016.4508    -11.94868
2016.4536    -11.93503
2016.4563    -11.92138
2016.4590    -11.90772
2016.4617    -11.89407
2016.4645    -11.88042
2016.4672    -11.86677
2016.4699    -11.85312
2016.4727    -11.83947
2016.4754    -11.82582
2016.4781    -11.81217
2016.4809    -11.79852
2016.4836    -11.78487
2016.4863    -11.77121
2016.4891    -11.75756
2016.4918    -11.74391
2016.4945    -11.73026
2016.4973    -11.71661
2016.5000    -11.70296
2016.5027    -11.68931
2016.5055    -11.67566
2016.5082    -11.66201
2016.5109    -11.64836
2016.5137    -11.63471
2016.5164    -11.62105
2016.5191    -11.60740
2016.5219    -11.59375
2016.5246    -11.58010
2016.5273    -11.56645
2016.5301    -11.55280
2016.5328    -11.53915
2016.5355    -11.52550
2016.5383    -11.51185
2016.5410    -11.49820
2016.5437    -11.48455
2016.5464    -11.47089
2016.5492    -11.45724
2016.5519    -11.44359
2016.5546    -11.42994
2016.5574    -11.41629
2016.5601    -11.40264
2016.5628    -11.38899
2016.5656    -11.37534
2016.5683    -11.36169
2016.5710    -11.34804
2016.5738    -11.33439
2016.5765    -11.32073
2016.5792    -11.30708
2016.5820    -11.29343
2016.5847    -11.27978
2016.5874    -11.26613
2016.5902    -11.25248
2016.5929    -11.23883
2016.5956    -11.22518
2016.5984    -11.21153
2016.6011    -11.19788
2016.6038    -11.18422
2016.6066    -11.17057
2016.6093    -11.15692
2016.6120    -11.14327
2016.6148    -11.12962
2016.6175    -11.11597
2016.6202    -11.10232
2016.6230    -11.08867
2016.6257    -11.07502
2016.6284    -11.06137
2016.6311    -11.04772
2016.6339    -11.03406
2016.6366    -11.02041
2016.6393    -11.00676
2016.6421    -10.99311
2016.6448    -10.97946
2016.6475    -10.96581
2016.6503    -10.95216
2016.6530    -10.93851
2016.6557    -10.92486
2016.6585    -10.91121
2016.6612    -10.89756
2016.6639    -10.88390
2016.6667    -10.87025
2016.6694    -10.85660
2016.6721    -10.84295
2016.6749    -10.82930
2016.6776    -10.81565
2016.6803    -10.80200
2016.6831    -10.78835
2016.6858    -10.77470
2016.6885    -10.76105
2016.6913    -10.74739
2016.6940    -10.73374
2016.6967    -10.72009
2016.6995    -10.70644
2016.7022    -10.69279
2016.7049    -10.67914
2016.7077    -10.66549
2016.7104    -10.65184
2016.7131    -10.63819
2016.7158    -10.62454
2016.7186    -10.61089
2016.7213    -10.59723
2016.7240    -10.58358
2016.7268    -10.56993
2016.7295    -10.55628
2016.7322    -10.54263
2016.7350    -10.52898
2016.7377    -10.51533
2016.7404    -10.50168
2016.7432    -10.48803
2016.7459    -10.47438
2016.7486    -10.46073
2016.7514    -10.44707
2016.7541    -10.43342
2016.7568    -10.41977
2016.7596    -10.40612
2016.7623    -10.39247
2016.7650    -10.37882
2016.7678    -10.36517
2016.7705    -10.35152
2016.7732    -10.33787
2016.7760    -10.32422
2016.7787    -10.31056
2016.7814    -10.29691
2016.7842    -10.28326
2016.7869    -10.26961
2016.7896    -10.25596
2016.7923    -10.24231
2016.7951    -10.22866
2016.7978    -10.21501
2016.8005    -10.20136
2016.8033    -10.18771
2016.8060    -10.17406
2016.8087    -10.16040
2016.8115    -10.14675
2016.8142    -10.13310
2016.8169    -10.11945
2016.8197    -10.10580
2016.8224    -10.09215
2016.8251    -10.07850
2016.8279    -10.06485
2016.8306    -10.05120
2016.8333    -10.03755
2016.8361    -10.02390
2016.8388    -10.01024
2016.8415     -9.99659
2016.8443     -9.98294
2016.8470     -9.96929
2016.8497     -9.95564
2016.8525     -9.94199
2016.8552     -9.92834
2016.8579     -9.91469
2016.8607     -9.90104
2016.8634     -9.88739
2016.8661     -9.87373
2016.8689     -9.86008
2016.8716     -9.84643
2016.8743     -9.83278
2016.8770     -9.81913
2016.8798     -9.80548
2016.8825     -9.79183
2016.8852     -9.77818
2016.8880     -9.76453
2016.8907     -9.75088
2016.8934     -9.73723
2016.8962     -9.72357
2016.8989     -9.70992
2016.9016     -9.69627
2016.9044     -9.68262
2016.9071     -9.66897
2016.9098     -9.65532
2016.9126     -9.64167
2016.9153     -9.62802
2016.9180     -9.61437
2016.9208     -9.60072
2016.9235     -9.58707
2016.9262     -9.57341
2016.9290     -9.55976
2016.9317     -9.54611
2016.9344     -9.53246
2016.9372     -9.51881
2016.9399     -9.50516
2016.9426     -9.49151
2016.9454     -9.47786
2016.9481     -9.46421
2016.9508     -9.45056
2016.9536     -9.43691
2016.9563     -9.42325
2016.9590     -9.40960
2016.9617     -9.39595
2016.9645     -9.38230
