2016.00000  333.24    3.03
2016.00273  332.99    3.00
2016.00546  329.76    3.57
2016.00820  328.52    3.96
2016.01093  328.41    3.51
2016.01366  334.04    3.48
2016.01639  333.62    3.23
2016.01913  331.77    3.30
2016.02186  332.23    3.12
2016.02459  330.92    3.08
2016.02732  331.62    3.23
2016.03005  332.10    3.43
2016.03279  331.72    3.49
2016.03552  331.31    3.13
2016.03825  332.19    3.24
2016.04098  335.12    3.47
2016.04372  331.57    3.74
2016.04645  334.37    3.69
2016.04918  330.61    3.53
2016.05191  331.33    3.89
2016.05464  333.69    3.26
2016.05738  334.31    3.03
2016.06011  332.71    3.03
2016.06284  336.41    3.35
2016.06557  337.10    3.62
2016.06831  333.24    3.25
2016.07104  333.79    3.38
2016.07377  333.87    3.10
2016.07650  332.29    3.61
2016.07923  331.77    4.12
2016.08197  334.14    3.19
2016.08470  332.12    3.14
2016.08743  334.76    3.27
2016.09016  333.46    3.15
2016.09290  332.25    3.12
2016.09563  333.75    3.37
2016.09836  334.24    3.21
2016.10109  334.30    2.95
2016.10383  335.50    3.20
2016.10656  337.75    3.12
2016.10929  333.05    3.34
2016.11202  334.07    3.25
2016.11475  336.38    3.72
2016.11749  337.17    3.38
2016.12022  332.73    3.48
2016.12295  337.93    3.63
2016.12568  337.42    3.32
2016.12842  336.34    3.25
2016.13115  335.39    3.20
2016.13388  333.98    3.27
2016.13661  333.53    3.19
2016.13934  332.86    3.29
2016.14208  334.35    3.40
2016.14481  336.36    3.18
2016.14754  336.94    3.13
2016.15027  336.20    3.42
2016.15301  338.24    3.20
2016.15574  338.29    3.23
2016.15847  337.21    3.59
2016.16120  334.29    4.00
2016.16393  335.49    3.42
2016.16667  336.27    3.26
2016.16940  337.40    3.75
2016.17213  338.42    4.26
2016.17486  337.15    3.64
2016.17760  338.05    3.89
2016.18033  333.12    3.38
2016.18306  337.06    3.70
2016.18579  338.95    4.61
2016.18852  339.61    4.05
2016.19126  338.45    3.89
2016.19399  337.40    3.75
2016.19672  338.82    3.78
2016.19945  337.52    4.28
2016.20219  336.31    3.91
2016.20492  338.02    4.09
2016.20765  337.46    3.51
2016.21038  340.86    3.66
2016.21311  337.91    4.02
2016.21585  337.63    3.79
2016.21858  338.78    3.33
2016.22131  337.37    3.43
2016.22404  339.64    3.44
2016.22678  341.00    4.16
2016.22951  340.08    3.02
2016.23224  339.36    3.45
2016.23497  339.65    3.13
2016.23770  340.88    3.38
2016.24044  338.71    3.79
2016.24317  343.04    3.55
2016.24590  342.30    3.74
2016.24863  341.70    3.83
2016.25137  339.48    3.23
2016.25410  343.35    3.94
2016.25683  343.53    3.71
2016.25956  339.17    3.46
2016.26230  342.51    3.42
2016.26503  343.64    3.30
2016.26776  341.13    3.89
2016.27049  345.69    3.39
2016.27322  341.19    3.27
2016.27596  341.13    3.28
2016.27869  342.92    3.12
2016.28142  341.70    3.15
2016.28415  337.48    3.36
2016.28689  340.29    4.06
2016.28962  340.00    3.54
2016.29235  341.84    3.75
2016.29508  342.49    4.27
2016.29781  345.21    3.70
2016.30055  340.42    3.35
2016.30328  343.25    3.11
2016.30601  346.18    3.57
2016.30874  345.54    3.50
2016.31148  346.01    3.88
2016.31421  346.03    3.12
2016.31694  344.21    3.20
2016.31967  347.40    3.91
2016.32240  345.06    4.59
2016.32514  342.87    3.17
2016.32787  345.29    3.42
2016.33060  345.69    3.32
2016.33333  345.52    3.61
2016.33607  342.68    3.82
2016.33880  342.99    4.14
2016.34153  349.96    3.35
2016.34426  345.81    4.29
2016.34699  346.98    3.43
2016.34973  350.81    4.60
2016.35246  346.71    3.92
2016.35519  346.21    3.93
2016.35792  346.00    4.44
2016.36066  343.93    3.33
2016.36339  341.58    3.23
2016.36612  346.60    5.15
2016.36885  345.81    3.69
2016.37158  343.95    4.36
2016.37432  342.96    3.37
2016.37705  345.06    3.16
2016.37978  344.12    3.06
2016.38251  343.06    3.12
2016.38525  341.03    3.09
2016.38798  342.79    3.26
2016.39071  348.74    3.96
2016.39344  345.22    4.74
2016.39617  341.21    4.17
2016.39891  347.21    4.19
2016.40164  344.35    4.31
2016.40437  340.62    4.73
2016.40710  345.91    4.04
2016.40984  348.96    3.90
2016.41257  348.34    4.85
2016.41530  346.30    3.80
2016.41803  343.50    3.88
2016.42077  348.77    4.78
2016.42350  349.03    4.12
2016.42623  348.41    4.17
2016.42896  345.52    5.70
2016.43169  347.30    4.74
2016.43443  345.86    6.77
2016.43716  348.97    5.25
2016.43989  342.93    4.18
2016.44262  344.94    3.65
2016.44536  348.79    3.77
2016.44809  346.93    3.66
2016.45082  346.99    3.71
2016.45355  345.31    3.73
2016.45628  348.88    3.96
2016.45902  346.39    3.98
2016.46448  348.75    4.87
2016.46721  351.14    4.32
2016.46995  351.38    4.88
2016.47268  345.65    4.34
2016.47541  346.93    4.67
2016.47814  348.89    4.66
2016.48087  348.77    5.24
2016.48361  346.24    4.72
2016.48634  344.39    5.14
2016.48907  353.23    4.77
2016.49180  348.59    4.93
2016.49454  354.15    6.40
2016.49727  351.36    4.40
2016.50000  349.93    4.50
2016.50273  349.04    4.75
2016.50546  346.73    4.35
2016.50820  349.58    4.20
2016.51093  339.15    5.18
2016.51366  345.87    4.66
2016.51639  354.23    5.41
2016.52186  352.56    4.20
2016.52459  346.39    4.12
2016.52732  344.67    4.27
2016.53005  347.35    4.26
2016.53279  347.32    4.27
2016.53552  347.07    4.85
2016.53825  348.83    3.80
2016.54098  350.27    3.96
2016.54372  354.71    5.13
2016.54645  345.34    4.42
2016.54918  346.59    4.34
2016.55191  344.21    5.71
2016.55464  345.27    4.46
2016.55738  349.01    3.71
2016.56011  346.77    3.72
2016.56284  343.60    4.74
2016.56557  348.16    3.88
2016.56831  340.78    4.39
2016.57104  344.68    4.13
2016.57377  347.72    3.93
2016.57650  347.37    4.29
2016.57923  345.28    4.05
2016.58197  352.67    4.47
2016.58470  349.35    4.95
2016.58743  347.97    4.03
2016.59016  348.49    4.04
2016.59290  348.92    3.36
2016.59563  348.78    3.59
2016.59836  350.68    5.03
2016.60109  349.17    4.67
2016.60383  350.13    4.04
2016.60656  347.56    4.79
2016.60929  352.51    4.67
2016.61202  352.22    4.00
2016.61475  347.56    3.91
2016.61749  348.12    3.61
2016.62022  346.94    4.27
2016.62295  350.33    4.14
2016.62568  347.95    3.56
2016.62842  348.72    3.66
2016.63115  351.10    4.26
2016.63388  350.14    4.39
2016.63661  354.17    4.13
2016.63934  350.87    4.21
2016.64208  354.38    4.33
2016.64481  348.65    5.44
2016.64754  350.95    4.47
2016.65027  354.04    4.96
2016.65301  356.43    5.27
2016.65574  351.65    5.54
2016.65847  352.83    4.48
2016.66120  351.93    4.53
2016.66393  350.84    4.03
2016.66667  351.53    4.61
2016.66940  349.64    3.76
2016.67213  348.08    5.03
2016.67486  351.77    4.20
2016.67760  350.08    4.75
2016.68033  346.98    5.13
2016.68306  355.82    4.60
2016.68579  350.12    3.57
2016.68852  351.09    3.76
2016.69126  352.07    4.17
2016.69399  347.37    4.16
2016.69672  345.86    4.15
2016.69945  350.25    3.79
2016.70219  354.61    4.57
2016.70492  353.64    6.38
2016.70765  351.22    4.39
2016.71038  349.95    4.67
2016.71311  348.17    4.39
2016.71585  351.71    3.52
2016.71858  350.74    3.80
2016.72131  350.58    3.92
2016.72404  350.47    3.73
2016.72678  351.17    4.91
2016.72951  351.95    3.88
2016.73224  352.33    3.71
2016.73497  348.12    3.98
2016.73770  353.13    5.28
2016.74044  352.48    6.50
2016.74317  353.53    5.24
2016.74590  357.69    4.32
2016.74863  350.50    4.61
2016.75137  348.55    4.79
2016.75410  352.86    4.23
2016.75683  355.13    3.89
2016.75956  354.48    4.41
2016.76230  356.93    5.30
2016.76503  354.64    4.95
2016.76776  355.55    4.32
2016.77049  352.71    4.08
2016.77322  352.89    3.31
2016.77596  352.27    3.35
2016.77869  351.43    4.49
2016.78142  355.40    4.69
2016.78415  357.42    4.09
2016.78689  354.37    4.19
2016.79235  352.27    4.96
2016.79508  353.71    4.87
2016.79781  354.68    4.67
2016.80055  357.82    5.41
2016.80328  362.23    6.81
2016.80601  355.47    4.24
2016.80874  358.53    3.95
2016.81148  353.61    3.89
2016.81421  357.58    3.23
2016.81694  358.17    4.21
2016.81967  355.90    3.58
2016.82240  358.01    3.51
2016.82514  353.02    4.26
2016.82787  355.21    3.64
2016.83060  358.34    3.37
2016.83333  358.59    3.51
2016.83607  355.81    3.36
2016.83880  357.99    3.33
2016.84153  355.26    3.47
2016.84426  359.63    4.92
2016.84699  359.14    3.48
2016.84973  355.87    4.02
2016.85246  356.84    3.45
2016.85519  356.66    3.19
2016.85792  360.92    3.15
2016.86066  358.46    3.66
2016.86339  358.52    3.49
2016.86612  360.07    3.21
2016.86885  360.31    3.22
2016.87158  357.73    3.34
2016.87432  356.14    3.40
2016.87705  360.00    3.19
2016.87978  364.36    3.77
2016.88251  360.58    3.77
2016.88525  359.42    3.62
2016.88798  360.39    3.63
2016.89071  359.22    3.33
2016.89344  357.66    3.53
2016.89617  359.29    3.46
2016.89891  358.49    3.40
2016.90164  354.06    3.57
2016.90437  361.63    3.53
2016.90710  361.56    4.00
2016.90984  358.53    3.45
2016.91257  360.16    3.97
2016.91530  362.01    4.91
2016.91803  362.81    3.53
2016.92077  360.55    3.33
2016.92350  358.59    3.59
2016.92623  359.69    3.36
2016.92896  361.15    3.71
2016.93169  359.09    3.45
2016.93443  358.37    3.45
2016.93716  362.03    3.56
2016.93989  355.92    3.53
2016.94262  358.22    3.61
2016.94536  360.72    3.40
2016.94809  363.16    3.42
2016.95082  358.64    3.23
2016.95355  360.34    2.92
2016.95628  361.40    3.02
2016.95902  363.48    3.22
2016.96175  359.14    3.11
2016.96448  361.07    3.36
2016.96721  361.62    3.40