2016.00000  -14.82   10.39
2016.00273  -12.29   10.70
2016.00546   -9.68   12.12
2016.00820  -11.96   15.04
2016.01093  -17.81   11.83
2016.01366  -19.52   13.09
2016.01639  -16.76   11.54
2016.01913  -19.73   12.34
2016.02186  -16.19   11.21
2016.02459  -19.68   10.88
2016.02732  -14.64   11.88
2016.03005  -15.09   12.86
2016.03279  -22.92   12.24
2016.03552  -10.23   11.11
2016.03825  -19.67   11.50
2016.04098  -15.45   11.87
2016.04372  -21.21   12.71
2016.04645  -22.13   13.29
2016.04918  -22.17   12.47
2016.05191  -18.62   13.22
2016.05464  -19.11   11.76
2016.05738  -16.40   11.67
2016.06011  -15.48   11.19
2016.06284  -20.68   11.31
2016.06557  -19.65   11.39
2016.06831  -17.78   10.84
2016.07104  -17.08   11.17
2016.07377  -13.43   11.16
2016.07650  -16.49   13.46
2016.07923  -14.34   13.37
2016.08197   -7.06   11.48
2016.08470   -8.82   11.47
2016.08743  -19.19   12.27
2016.09016  -13.96   11.00
2016.09290   -7.97   11.46
2016.09563  -13.99   12.54
2016.09836   -6.46   10.97
2016.10109  -17.17   10.72
2016.10383  -12.16   10.97
2016.10656  -15.52   10.74
2016.10929  -18.10   12.35
2016.11202  -10.46   11.68
2016.11475   -4.40   13.90
2016.11749  -12.07   12.25
2016.12022   -9.12   12.46
2016.12295  -12.82   12.58
2016.12568  -18.10   11.68
2016.12842  -13.73   11.15
2016.13115   -4.96   11.01
2016.13388   -7.73   11.44
2016.13661  -12.20   11.31
2016.13934  -18.98   11.94
2016.14208  -14.66   11.41
2016.14481  -14.74   11.16
2016.14754  -11.98   11.04
2016.15027  -21.82   10.91
2016.15301  -26.10   10.94
2016.15574  -13.21   11.33
2016.15847  -13.73   11.17
2016.16120  -12.45   14.11
2016.16393  -17.97   11.31
2016.16667  -11.75   11.21
2016.16940  -14.49   12.59
2016.17213  -11.20   14.33
2016.17486  -11.95   11.69
2016.17760  -12.01   13.19
2016.18033  -13.77   11.28
2016.18306  -14.09   12.31
2016.18579   -7.82   15.23
2016.18852  -25.04   14.20
2016.19126  -15.53   11.97
2016.19399  -11.42   11.15
2016.19672  -11.48   11.67
2016.19945  -20.90   13.74
2016.20219  -19.09   11.35
2016.20492  -19.43   11.73
2016.20765  -21.74   11.80
2016.21038  -19.32   12.02
2016.21311   -5.66   15.84
2016.21585  -20.47   13.45
2016.21858  -11.52   11.62
2016.22131   -9.26   10.83
2016.22404   -9.94   11.36
2016.22678  -14.02   12.72
2016.22951  -17.99   10.53
2016.23224  -17.05   11.26
2016.23497  -11.16   11.03
2016.23770  -16.48   11.29
2016.24044   -8.31   11.27
2016.24317   -7.76   12.21
2016.24590  -14.27   11.26
2016.24863  -12.36   11.73
2016.25137   -6.89   11.85
2016.25410   -4.98   13.94
2016.25683  -13.88   14.81
2016.25956   -7.73   13.44
2016.26230  -11.04   11.88
2016.26503   -4.67   12.75
2016.26776   -0.61   15.96
2016.27049  -11.35   12.67
2016.27322   -7.83   12.36
2016.27596   -6.47   13.25
2016.27869  -11.92   12.04
2016.28142   -2.21   12.45
2016.28415  -11.90   12.91
2016.28689   -4.09   15.74
2016.28962  -19.71   14.19
2016.29235  -13.80   14.36
2016.29508  -21.18   15.07
2016.29781  -11.10   12.80
2016.30055  -11.50   12.61
2016.30328  -11.76   11.67
2016.30601  -24.94   13.58
2016.30874  -11.63   14.02
2016.31148  -25.38   15.69
2016.31421  -16.22   12.04
2016.31694   -2.20   12.22
2016.31967   -7.78   15.11
2016.32240  -17.94   18.60
2016.32514  -12.25   11.75
2016.32787  -16.30   12.93
2016.33060   -4.94   12.42
2016.33333  -11.09   12.73
2016.33607  -12.12   14.20
2016.33880    5.16   15.67
2016.34153  -11.62   12.75
2016.34426   -9.22   17.24
2016.34699   -9.23   13.19
2016.34973   -1.53   18.55
2016.35246  -19.52   14.67
2016.35519   -5.97   14.67
2016.35792  -22.87   17.91
2016.36066  -10.64   12.01
2016.36339   -9.56   11.95
2016.36612  -22.50   21.20
2016.36885  -12.24   13.94
2016.37158  -15.35   16.71
2016.37432  -10.90   12.31
2016.37705  -15.88   11.01
2016.37978   -6.19   11.13
2016.38251  -20.84   11.32
2016.38525  -15.92   11.03
2016.38798  -15.08   11.41
2016.39071  -12.83   14.94
2016.39344  -13.66   17.71
2016.39617  -10.03   15.53
2016.39891  -15.08   15.30
2016.40164   -9.41   16.76
2016.40437  -22.14   18.49
2016.40710  -16.97   15.50
2016.40984  -26.51   14.62
2016.41257  -10.35   19.05
2016.41530   -8.39   14.45
2016.41803  -15.73   14.67
2016.42077  -11.08   18.60
2016.42350   -3.63   15.60
2016.42623  -26.36   15.76
2016.42896  -17.46   23.04
2016.43169    4.75   18.34
2016.43443  -20.68   28.71
2016.43716  -14.45   20.99
2016.43989   -6.41   16.29
2016.44262  -10.49   13.76
2016.44536   -0.22   13.27
2016.44809   -9.55   14.30
2016.45082   -1.80   13.87
2016.45355  -13.50   14.47
2016.45628  -22.41   14.99
2016.45902  -29.99   15.70
2016.46448  -12.56   19.30
2016.46721   -7.72   16.54
2016.46995  -11.22   18.93
2016.47268   10.11   17.04
2016.47541   -0.66   19.09
2016.47814    0.19   18.89
2016.48087  -15.42   20.05
2016.48361  -11.79   17.80
2016.48634  -21.69   20.71
2016.48907   -6.99   19.03
2016.49180    5.74   19.39
2016.49454   20.82   26.57
2016.49727  -16.64   17.44
2016.50000   -5.00   18.37
2016.50273   -7.94   18.72
2016.50546   -3.92   16.86
2016.50820   -7.15   15.81
2016.51093  -10.00   20.16
2016.51366  -18.47   18.42
2016.51639   -0.30   22.45
2016.52186    4.62   16.62
2016.52459  -13.18   16.21
2016.52732   -3.66   16.30
2016.53005  -13.16   16.45
2016.53279   -1.93   16.57
2016.53552   -1.68   19.36
2016.53825  -16.19   14.64
2016.54098  -10.99   15.50
2016.54372   -4.89   20.12
2016.54645   -0.65   17.81
2016.54918  -10.52   16.91
2016.55191   17.78   23.65
2016.55464   -7.61   17.88
2016.55738  -12.36   13.94
2016.56011   -4.64   14.07
2016.56284  -14.95   19.25
2016.56557  -14.84   15.21
2016.56831  -17.60   19.26
2016.57104  -17.76   16.38
2016.57377  -17.67   15.51
2016.57650  -22.19   16.93
2016.57923    0.98   16.45
2016.58197  -11.67   18.27
2016.58470   -1.56   20.11
2016.58743  -16.59   16.53
2016.59016   -2.09   15.94
2016.59290   -8.24   12.96
2016.59563   -1.94   13.68
2016.59836   -9.27   20.22
2016.60109   -4.52   18.83
2016.60383   -7.50   16.08
2016.60656  -29.00   19.09
2016.60929  -17.76   19.36
2016.61202   -8.32   16.13
2016.61475    2.21   14.77
2016.61749   -5.12   14.25
2016.62022   -6.84   17.31
2016.62295   -4.57   15.98
2016.62568  -12.84   13.87
2016.62842  -21.65   14.17
2016.63115   -5.67   14.91
2016.63388  -12.38   16.67
2016.63661  -11.10   15.20
2016.63934  -23.23   15.64
2016.64208  -17.99   16.34
2016.64481   -9.33   20.99
2016.64754    1.96   16.43
2016.65027  -19.87   16.95
2016.65301  -22.76   20.13
2016.65574  -11.14   22.26
2016.65847  -14.45   16.90
2016.66120  -20.11   15.84
2016.66393   -3.17   14.13
2016.66667  -20.93   17.28
2016.66940  -12.77   13.16
2016.67213  -26.54   18.50
2016.67486  -14.30   14.73
2016.67760  -17.31   17.86
2016.68033  -11.89   19.86
2016.68306   -4.98   17.47
2016.68579  -15.60   13.36
2016.68852  -12.28   13.90
2016.69126   -4.74   15.43
2016.69399    1.36   15.98
2016.69672    0.20   16.42
2016.69945   -9.26   14.52
2016.70219  -25.19   18.42
2016.70492  -35.12   28.38
2016.70765  -20.03   18.39
2016.71038    2.18   18.86
2016.71311  -15.69   17.08
2016.71585  -17.63   14.09
2016.71858  -16.66   14.22
2016.72131  -13.99   14.34
2016.72404  -13.51   13.51
2016.72678   -7.26   16.06
2016.72951   -7.64   13.77
2016.73224   -1.19   13.47
2016.73497   10.14   14.81
2016.73770   -5.05   21.88
2016.74044  -26.49   26.39
2016.74317   -4.92   21.61
2016.74590  -14.72   15.83
2016.74863   10.62   16.78
2016.75137  -12.11   18.52
2016.75410  -18.26   15.89
2016.75683  -14.69   14.74
2016.75956   -8.16   16.63
2016.76230  -15.32   20.83
2016.76503   -1.32   18.79
2016.76776   -7.93   16.15
2016.77049   -2.99   14.78
2016.77322   -7.83   13.04
2016.77596   -8.25   12.95
2016.77869  -15.15   18.44
2016.78142   -1.62   18.16
2016.78415  -10.97   15.50
2016.78689   -0.74   16.92
2016.79235  -31.26   19.57
2016.79508   -1.74   19.86
2016.79781  -25.25   19.06
2016.80055  -33.40   22.56
2016.80328  -37.96   29.32
2016.80601   -9.36   16.58
2016.80874   -2.19   15.37
2016.81148   -3.15   15.15
2016.81421  -12.03   11.79
2016.81694   -8.48   13.57
2016.81967  -10.44   13.27
2016.82240  -20.68   12.50
2016.82514   -8.33   14.06
2016.82787  -10.31   13.01
2016.83060   -5.29   12.36
2016.83333   -6.12   12.73
2016.83607   -9.93   11.91
2016.83880   -8.66   11.90
2016.84153   -1.63   12.39
2016.84426   10.29   17.79
2016.84699  -13.64   12.59
2016.84973   -7.87   14.70
2016.85246  -16.44   13.28
2016.85519  -12.97   12.13
2016.85792  -10.39   11.53
2016.86066  -12.04   13.99
2016.86339   -8.61   12.99
2016.86612  -10.55   11.79
2016.86885  -16.72   11.81
2016.87158  -20.58   12.15
2016.87432  -11.86   12.49
2016.87705  -13.20   11.64
2016.87978   -7.52   13.54
2016.88251  -11.88   14.82
2016.88525  -12.84   13.58
2016.88798  -11.15   13.74
2016.89071  -11.05   12.88
2016.89344   -5.56   12.68
2016.89617   -9.01   12.82
2016.89891  -15.05   12.44
2016.90164   -3.55   13.30
2016.90437  -15.82   13.91
2016.90710   -4.84   14.82
2016.90984   -9.24   12.96
2016.91257  -10.68   13.11
2016.91530   -0.82   15.91
2016.91803  -11.90   13.08
2016.92077   -8.89   12.32
2016.92350   -6.27   13.56
2016.92623   -5.31   12.45
2016.92896  -11.11   14.02
2016.93169   -6.77   13.31
2016.93443   -6.14   12.67
2016.93716  -10.79   12.83
2016.93989   -5.32   13.81
2016.94262  -12.77   14.15
2016.94536  -16.93   13.01
2016.94809  -22.19   12.74
2016.95082  -14.49   11.94
2016.95355  -17.38   10.84
2016.95628  -11.78   10.84
2016.95902  -15.40   11.69
2016.96175  -20.57   11.35
2016.96448   -9.78   12.34
2016.96721   -7.93   12.52