2016.00000     21.94
2016.00273     21.95
2016.00546     21.96
2016.00820     21.97
2016.01093     21.98
2016.01366     21.99
2016.01639     22.00
2016.01913     22.01
2016.02186     22.02
2016.02459     22.03
2016.02732     22.04
2016.03005     22.05
2016.03279     22.06
2016.03552     22.07
2016.03825     22.08
2016.04098     22.09
2016.04372     22.10
2016.04645     22.11
2016.04918     22.12
2016.05191     22.13
2016.05464     22.14
2016.05738     22.15
2016.06011     22.16
2016.06284     22.17
2016.06557     22.18
2016.06831     22.19
2016.07104     22.20
2016.07377     22.21
2016.07650     22.22
2016.07923     22.23
2016.08197     22.24
2016.08470     22.25
2016.08743     22.26
2016.09016     22.27
2016.09290     22.28
2016.09563     22.29
2016.09836     22.30
2016.10109     22.31
2016.10383     22.32
2016.10656     22.33
2016.10929     22.34
2016.11202     22.35
2016.11475     22.36
2016.11749     22.37
2016.12022     22.38
2016.12295     22.39
2016.12568     22.40
2016.12842     22.41
2016.13115     22.42
2016.13388     22.43
2016.13661     22.44
2016.13934     22.45
2016.14208     22.46
2016.14481     22.47
2016.14754     22.48
2016.15027     22.49
2016.15301     22.50
2016.15574     22.51
2016.15847     22.52
2016.16120     22.53
2016.16393     22.54
2016.16667     22.55
2016.16940     22.56
2016.17213     22.57
2016.17486     22.58
2016.17760     22.59
2016.18033     22.60
2016.18306     22.61
2016.18579     22.62
2016.18852     22.63
2016.19126     22.64
2016.19399     22.65
2016.19672     22.66
2016.19945     22.67
2016.20219     22.68
2016.20492     22.69
2016.20765     22.70
2016.21038     22.71
2016.21311     22.72
2016.21585     22.73
2016.21858     22.74
2016.22131     22.75
2016.22404     22.76
2016.22678     22.77
2016.22951     22.78
2016.23224     22.79
2016.23497     22.80
2016.23770     22.80
2016.24044     22.81
2016.24317     22.82
2016.24590     22.83
2016.24863     22.84
2016.25137     22.85
2016.25410     22.86
2016.25683     22.87
2016.25956     22.88
2016.26230     22.89
2016.26503     22.90
2016.26776     22.91
2016.27049     22.92
2016.27322     22.93
2016.27596     22.94
2016.27869     22.95
2016.28142     22.96
2016.28415     22.97
2016.28689     22.98
2016.28962     22.99
2016.29235     23.00
2016.29508     23.01
2016.29781     23.02
2016.30055     23.03
2016.30328     23.04
2016.30601     23.05
2016.30874     23.06
2016.31148     23.07
2016.31421     23.08
2016.31694     23.09
2016.31967     23.10
2016.32240     23.11
2016.32514     23.12
2016.32787     23.13
2016.33060     23.14
2016.33333     23.15
2016.33607     23.16
2016.33880     23.17
2016.34153     23.18
2016.34426     23.19
2016.34699     23.20
2016.34973     23.21
2016.35246     23.22
2016.35519     23.23
2016.35792     23.24
2016.36066     23.25
2016.36339     23.26
2016.36612     23.27
2016.36885     23.28
2016.37158     23.29
2016.37432     23.30
2016.37705     23.31
2016.37978     23.32
2016.38251     23.33
2016.38525     23.34
2016.38798     23.35
2016.39071     23.36
2016.39344     23.37
2016.39617     23.38
2016.39891     23.39
2016.40164     23.40
2016.40437     23.41
2016.40710     23.42
2016.40984     23.43
2016.41257     23.44
2016.41530     23.45
2016.41803     23.46
2016.42077     23.47
2016.42350     23.48
2016.42623     23.49
2016.42896     23.50
2016.43169     23.51
2016.43443     23.52
2016.43716     23.53
2016.43989     23.54
2016.44262     23.55
2016.44536     23.56
2016.44809     23.57
2016.45082     23.58
2016.45355     23.59
2016.45628     23.60
2016.45902     23.61
2016.46175     23.62
2016.46448     23.63
2016.46721     23.64
2016.46995     23.65
2016.47268     23.66
2016.47541     23.67
2016.47814     23.68
2016.48087     23.69
2016.48361     23.70
2016.48634     23.71
2016.48907     23.72
2016.49180     23.73
2016.49454     23.74
2016.49727     23.75
2016.50000     23.76
2016.50273     23.77
2016.50546     23.78
2016.50820     23.79
2016.51093     23.80
2016.51366     23.81
2016.51639     23.82
2016.52186     23.84
2016.52459     23.85
2016.52732     23.86
2016.53005     23.87
2016.53279     23.88
2016.53552     23.89
2016.53825     23.90
2016.54098     23.91
2016.54372     23.92
2016.54645     23.93
2016.54918     23.94
2016.55191     23.95
2016.55464     23.96
2016.55738     23.97
2016.56011     23.98
2016.56284     23.99
2016.56557     24.00
2016.56831     24.01
2016.57104     24.02
2016.57377     24.03
2016.57650     24.04
2016.57923     24.05
2016.58197     24.06
2016.58470     24.07
2016.58743     24.08
2016.59016     24.09
2016.59290     24.10
2016.59563     24.11
2016.59836     24.12
2016.60109     24.13
2016.60383     24.14
2016.60656     24.15
2016.60929     24.16
2016.61202     24.17
2016.61475     24.18
2016.61749     24.19
2016.62022     24.20
2016.62295     24.21
2016.62568     24.22
2016.62842     24.23
2016.63115     24.24
2016.63388     24.25
2016.63661     24.26
2016.63934     24.27
2016.64208     24.28
2016.64481     24.29
2016.64754     24.30
2016.65027     24.31
2016.65301     24.32
2016.65574     24.33
2016.65847     24.34
2016.66120     24.35
2016.66393     24.36
2016.66667     24.37
2016.66940     24.38
2016.67213     24.39
2016.67486     24.40
2016.67760     24.41
2016.68033     24.42
2016.68306     24.43
2016.68579     24.44
2016.68852     24.45
2016.69126     24.46
2016.69399     24.47
2016.69672     24.48
2016.69945     24.49
2016.70219     24.50
2016.70765     24.52
2016.71038     24.53
2016.71311     24.54
2016.71585     24.55
2016.71858     24.56
2016.72131     24.57
2016.72404     24.58
2016.72678     24.59
2016.72951     24.60
2016.73224     24.61
2016.73497     24.62
2016.73770     24.63
2016.74044     24.64
2016.74317     24.65
2016.74590     24.66
2016.75137     24.68
2016.75410     24.69
2016.75683     24.70
2016.75956     24.71
2016.76230     24.72
2016.76503     24.73
2016.76776     24.74
2016.77049     24.75
2016.77322     24.76
2016.77596     24.77
2016.77869     24.78
2016.78142     24.79
2016.78415     24.80
2016.78689     24.81
2016.78962     24.82
2016.79235     24.83
2016.79508     24.84
2016.79781     24.85
2016.80055     24.86
2016.80328     24.87
2016.80601     24.88
2016.80874     24.89
2016.81148     24.90
2016.81421     24.91
2016.81694     24.92
2016.81967     24.93
2016.82240     24.94
2016.82514     24.95
2016.82787     24.96
2016.83060     24.97
2016.83333     24.98
2016.83607     24.99
2016.83880     25.00
2016.84153     25.01
2016.84426     25.02
2016.84699     25.03
2016.84973     25.04
2016.85246     25.05
2016.85519     25.06
2016.85792     25.07
2016.86066     25.08
2016.86339     25.09
2016.86612     25.10
2016.86885     25.11
2016.87158     25.12
2016.87432     25.13
2016.87705     25.14
2016.87978     25.15
2016.88251     25.16
2016.88525     25.17
2016.88798     25.18
2016.89071     25.19
2016.89344     25.20
2016.89617     25.21
2016.89891     25.22
2016.91530     25.28
2016.91803     25.29
2016.92077     25.30
2016.92350     25.31
2016.92623     25.32
2016.92896     25.33
2016.93169     25.34
2016.93443     25.35
2016.93716     25.36
2016.93989     25.37
2016.94262     25.38
2016.94536     25.39
2016.94809     25.40
2016.95082     25.41
2016.95355     25.42
2016.95628     25.43
2016.95902     25.44
2016.96175     25.45
2016.96448     25.46
2016.96721     25.47
2016.96995     25.48
2016.97268     25.49
2016.97541     25.50
2016.97814     25.51
2016.98087     25.52
2016.98361     25.53
2016.98634     25.54
2016.98907     25.55
2016.99180     25.56
2016.99454     25.57
2016.99727     25.58
2017.00000     25.59
