2016.00000   -245.36
2016.00273   -245.39
2016.00546   -245.43
2016.00820   -245.46
2016.01093   -245.50
2016.01366   -245.53
2016.01639   -245.57
2016.01913   -245.60
2016.02186   -245.64
2016.02459   -245.67
2016.02732   -245.71
2016.03005   -245.74
2016.03279   -245.78
2016.03552   -245.81
2016.03825   -245.85
2016.04098   -245.88
2016.04372   -245.92
2016.04645   -245.95
2016.04918   -245.99
2016.05191   -246.02
2016.05464   -246.06
2016.05738   -246.09
2016.06011   -246.13
2016.06284   -246.16
2016.06557   -246.20
2016.06831   -246.24
2016.07104   -246.27
2016.07377   -246.31
2016.07650   -246.34
2016.07923   -246.38
2016.08197   -246.41
2016.08470   -246.45
2016.08743   -246.48
2016.09016   -246.52
2016.09290   -246.55
2016.09563   -246.59
2016.09836   -246.62
2016.10109   -246.66
2016.10383   -246.69
2016.10656   -246.73
2016.10929   -246.76
2016.11202   -246.80
2016.11475   -246.83
2016.11749   -246.87
2016.12022   -246.90
2016.12295   -246.94
2016.12568   -246.97
2016.12842   -247.01
2016.13115   -247.04
2016.13388   -247.08
2016.13661   -247.11
2016.13934   -247.15
2016.14208   -247.18
2016.14481   -247.22
2016.14754   -247.25
2016.15027   -247.29
2016.15301   -247.32
2016.15574   -247.36
2016.15847   -247.40
2016.16120   -247.43
2016.16393   -247.47
2016.16667   -247.50
2016.16940   -247.54
2016.17213   -247.57
2016.17486   -247.61
2016.17760   -247.64
2016.18033   -247.68
2016.18306   -247.71
2016.18579   -247.75
2016.18852   -247.78
2016.19126   -247.82
2016.19399   -247.85
2016.19672   -247.89
2016.19945   -247.92
2016.20219   -247.96
2016.20492   -247.99
2016.20765   -248.03
2016.21038   -248.06
2016.21311   -248.10
2016.21585   -248.13
2016.21858   -248.17
2016.22131   -248.20
2016.22404   -248.24
2016.22678   -248.27
2016.22951   -248.31
2016.23224   -248.34
2016.23497   -248.38
2016.23770   -248.41
2016.24044   -248.45
2016.24317   -248.48
2016.24590   -248.52
2016.24863   -248.55
2016.25137   -248.59
2016.25410   -248.63
2016.25683   -248.66
2016.25956   -248.70
2016.26230   -248.73
2016.26503   -248.77
2016.26776   -248.80
2016.27049   -248.84
2016.27322   -248.87
2016.27596   -248.91
2016.27869   -248.94
2016.28142   -248.98
2016.28415   -249.01
2016.28689   -249.05
2016.28962   -249.08
2016.29235   -249.12
2016.29508   -249.15
2016.29781   -249.19
2016.30055   -249.22
2016.30328   -249.26
2016.30601   -249.29
2016.30874   -249.33
2016.31148   -249.36
2016.31421   -249.40
2016.31694   -249.43
2016.31967   -249.47
2016.32240   -249.50
2016.32514   -249.54
2016.32787   -249.57
2016.33060   -249.61
2016.33333   -249.64
2016.33607   -249.68
2016.33880   -249.71
2016.34153   -249.75
2016.34426   -249.79
2016.34699   -249.82
2016.34973   -249.86
2016.35246   -249.89
2016.35519   -249.93
2016.35792   -249.96
2016.36066   -250.00
2016.36339   -250.03
2016.36612   -250.07
2016.36885   -250.10
2016.37158   -250.14
2016.37432   -250.17
2016.37705   -250.21
2016.37978   -250.24
2016.38251   -250.28
2016.38525   -250.31
2016.38798   -250.35
2016.39071   -250.38
2016.39344   -250.42
2016.39617   -250.45
2016.39891   -250.49
2016.40164   -250.52
2016.40437   -250.56
2016.40710   -250.59
2016.40984   -250.63
2016.41257   -250.66
2016.41530   -250.70
2016.41803   -250.73
2016.42077   -250.77
2016.42350   -250.80
2016.42623   -250.84
2016.42896   -250.87
2016.43169   -250.91
2016.43443   -250.95
2016.43716   -250.98
2016.43989   -251.02
2016.44262   -251.05
2016.44536   -251.09
2016.44809   -251.12
2016.45082   -251.16
2016.45355   -251.19
2016.45628   -251.23
2016.45902   -251.26
2016.46175   -251.30
2016.46448   -251.33
2016.46721   -251.37
2016.46995   -251.40
2016.47268   -251.44
2016.47541   -251.47
2016.47814   -251.51
2016.48087   -251.54
2016.48361   -251.58
2016.48634   -251.61
2016.48907   -251.65
2016.49180   -251.68
2016.49454   -251.72
2016.49727   -251.75
2016.50000   -251.79
2016.50273   -251.82
2016.50546   -251.86
2016.50820   -251.89
2016.51093   -251.93
2016.51366   -251.96
2016.51639   -252.00
2016.52186   -252.07
2016.52459   -252.10
2016.52732   -252.14
2016.53005   -252.18
2016.53279   -252.21
2016.53552   -252.25
2016.53825   -252.28
2016.54098   -252.32
2016.54372   -252.35
2016.54645   -252.39
2016.54918   -252.42
2016.55191   -252.46
2016.55464   -252.49
2016.55738   -252.53
2016.56011   -252.56
2016.56284   -252.60
2016.56557   -252.63
2016.56831   -252.67
2016.57104   -252.70
2016.57377   -252.74
2016.57650   -252.77
2016.57923   -252.81
2016.58197   -252.84
2016.58470   -252.88
2016.58743   -252.91
2016.59016   -252.95
2016.59290   -252.98
2016.59563   -253.02
2016.59836   -253.05
2016.60109   -253.09
2016.60383   -253.12
2016.60656   -253.16
2016.60929   -253.19
2016.61202   -253.23
2016.61475   -253.26
2016.61749   -253.30
2016.62022   -253.34
2016.62295   -253.37
2016.62568   -253.41
2016.62842   -253.44
2016.63115   -253.48
2016.63388   -253.51
2016.63661   -253.55
2016.63934   -253.58
2016.64208   -253.62
2016.64481   -253.65
2016.64754   -253.69
2016.65027   -253.72
2016.65301   -253.76
2016.65574   -253.79
2016.65847   -253.83
2016.66120   -253.86
2016.66393   -253.90
2016.66667   -253.93
2016.66940   -253.97
2016.67213   -254.00
2016.67486   -254.04
2016.67760   -254.07
2016.68033   -254.11
2016.68306   -254.14
2016.68579   -254.18
2016.68852   -254.21
2016.69126   -254.25
2016.69399   -254.28
2016.69672   -254.32
2016.69945   -254.35
2016.70219   -254.39
2016.70765   -254.46
2016.71038   -254.49
2016.71311   -254.53
2016.71585   -254.57
2016.71858   -254.60
2016.72131   -254.64
2016.72404   -254.67
2016.72678   -254.71
2016.72951   -254.74
2016.73224   -254.78
2016.73497   -254.81
2016.73770   -254.85
2016.74044   -254.88
2016.74317   -254.92
2016.74590   -254.95
2016.75137   -255.02
2016.75410   -255.06
2016.75683   -255.09
2016.75956   -255.13
2016.76230   -255.16
2016.76503   -255.20
2016.76776   -255.23
2016.77049   -255.27
2016.77322   -255.30
2016.77596   -255.34
2016.77869   -255.37
2016.78142   -255.41
2016.78415   -255.44
2016.78689   -255.48
2016.78962   -255.51
2016.79235   -255.55
2016.79508   -255.58
2016.79781   -255.62
2016.80055   -255.65
2016.80328   -255.69
2016.80601   -255.73
2016.80874   -255.76
2016.81148   -255.80
2016.81421   -255.83
2016.81694   -255.87
2016.81967   -255.90
2016.82240   -255.94
2016.82514   -255.97
2016.82787   -256.01
2016.83060   -256.04
2016.83333   -256.08
2016.83607   -256.11
2016.83880   -256.15
2016.84153   -256.18
2016.84426   -256.22
2016.84699   -256.25
2016.84973   -256.29
2016.85246   -256.32
2016.85519   -256.36
2016.85792   -256.39
2016.86066   -256.43
2016.86339   -256.46
2016.86612   -256.50
2016.86885   -256.53
2016.87158   -256.57
2016.87432   -256.60
2016.87705   -256.64
2016.87978   -256.67
2016.88251   -256.71
2016.88525   -256.74
2016.88798   -256.78
2016.89071   -256.81
2016.89344   -256.85
2016.89617   -256.88
2016.89891   -256.92
2016.91530   -257.13
2016.91803   -257.17
2016.92077   -257.20
2016.92350   -257.24
2016.92623   -257.27
2016.92896   -257.31
2016.93169   -257.34
2016.93443   -257.38
2016.93716   -257.41
2016.93989   -257.45
2016.94262   -257.48
2016.94536   -257.52
2016.94809   -257.55
2016.95082   -257.59
2016.95355   -257.62
2016.95628   -257.66
2016.95902   -257.69
2016.96175   -257.73
2016.96448   -257.76
2016.96721   -257.80
2016.96995   -257.83
2016.97268   -257.87
2016.97541   -257.90
2016.97814   -257.94
2016.98087   -257.97
2016.98361   -258.01
2016.98634   -258.04
2016.98907   -258.08
2016.99180   -258.12
2016.99454   -258.15
2016.99727   -258.19
2017.00000   -258.22
