2016.0000   -245.35662
2016.0027   -245.39176
2016.0055   -245.42691
2016.0082   -245.46206
2016.0109   -245.49721
2016.0137   -245.53235
2016.0164   -245.56750
2016.0191   -245.60265
2016.0219   -245.63780
2016.0246   -245.67294
2016.0273   -245.70809
2016.0301   -245.74324
2016.0328   -245.77838
2016.0355   -245.81353
2016.0383   -245.84868
2016.0410   -245.88383
2016.0437   -245.91897
2016.0464   -245.95412
2016.0492   -245.98927
2016.0519   -246.02441
2016.0546   -246.05956
2016.0574   -246.09471
2016.0601   -246.12986
2016.0628   -246.16500
2016.0656   -246.20015
2016.0683   -246.23530
2016.0710   -246.27045
2016.0738   -246.30559
2016.0765   -246.34074
2016.0792   -246.37589
2016.0820   -246.41103
2016.0847   -246.44618
2016.0874   -246.48133
2016.0902   -246.51648
2016.0929   -246.55162
2016.0956   -246.58677
2016.0984   -246.62192
2016.1011   -246.65707
2016.1038   -246.69221
2016.1066   -246.72736
2016.1093   -246.76251
2016.1120   -246.79765
2016.1148   -246.83280
2016.1175   -246.86795
2016.1202   -246.90310
2016.1230   -246.93824
2016.1257   -246.97339
2016.1284   -247.00854
2016.1311   -247.04369
2016.1339   -247.07883
2016.1366   -247.11398
2016.1393   -247.14913
2016.1421   -247.18427
2016.1448   -247.21942
2016.1475   -247.25457
2016.1503   -247.28972
2016.1530   -247.32486
2016.1557   -247.36001
2016.1585   -247.39516
2016.1612   -247.43030
2016.1639   -247.46545
2016.1667   -247.50060
2016.1694   -247.53575
2016.1721   -247.57089
2016.1749   -247.60604
2016.1776   -247.64119
2016.1803   -247.67634
2016.1831   -247.71148
2016.1858   -247.74663
2016.1885   -247.78178
2016.1913   -247.81692
2016.1940   -247.85207
2016.1967   -247.88722
2016.1995   -247.92237
2016.2022   -247.95751
2016.2049   -247.99266
2016.2077   -248.02781
2016.2104   -248.06296
2016.2131   -248.09810
2016.2158   -248.13325
2016.2186   -248.16840
2016.2213   -248.20354
2016.2240   -248.23869
2016.2268   -248.27384
2016.2295   -248.30899
2016.2322   -248.34413
2016.2350   -248.37928
2016.2377   -248.41443
2016.2404   -248.44958
2016.2432   -248.48472
2016.2459   -248.51987
2016.2486   -248.55502
2016.2514   -248.59016
2016.2541   -248.62531
2016.2568   -248.66046
2016.2596   -248.69561
2016.2623   -248.73075
2016.2650   -248.76590
2016.2678   -248.80105
2016.2705   -248.83619
2016.2732   -248.87134
2016.2760   -248.90649
2016.2787   -248.94164
2016.2814   -248.97678
2016.2842   -249.01193
2016.2869   -249.04708
2016.2896   -249.08223
2016.2923   -249.11737
2016.2951   -249.15252
2016.2978   -249.18767
2016.3005   -249.22281
2016.3033   -249.25796
2016.3060   -249.29311
2016.3087   -249.32826
2016.3115   -249.36340
2016.3142   -249.39855
2016.3169   -249.43370
2016.3197   -249.46885
2016.3224   -249.50399
2016.3251   -249.53914
2016.3279   -249.57429
2016.3306   -249.60943
2016.3333   -249.64458
2016.3361   -249.67973
2016.3388   -249.71488
2016.3415   -249.75002
2016.3443   -249.78517
2016.3470   -249.82032
2016.3497   -249.85547
2016.3525   -249.89061
2016.3552   -249.92576
2016.3579   -249.96091
2016.3607   -249.99605
2016.3634   -250.03120
2016.3661   -250.06635
2016.3689   -250.10150
2016.3716   -250.13664
2016.3743   -250.17179
2016.3770   -250.20694
2016.3798   -250.24208
2016.3825   -250.27723
2016.3852   -250.31238
2016.3880   -250.34753
2016.3907   -250.38267
2016.3934   -250.41782
2016.3962   -250.45297
2016.3989   -250.48812
2016.4016   -250.52326
2016.4044   -250.55841
2016.4071   -250.59356
2016.4098   -250.62870
2016.4126   -250.66385
2016.4153   -250.69900
2016.4180   -250.73415
2016.4208   -250.76929
2016.4235   -250.80444
2016.4262   -250.83959
2016.4290   -250.87474
2016.4317   -250.90988
2016.4344   -250.94503
2016.4372   -250.98018
2016.4399   -251.01532
2016.4426   -251.05047
2016.4454   -251.08562
2016.4481   -251.12077
2016.4508   -251.15591
2016.4536   -251.19106
2016.4563   -251.22621
2016.4590   -251.26136
2016.4617   -251.29650
2016.4645   -251.33165
2016.4672   -251.36680
2016.4699   -251.40194
2016.4727   -251.43709
2016.4754   -251.47224
2016.4781   -251.50739
2016.4809   -251.54253
2016.4836   -251.57768
2016.4863   -251.61283
2016.4891   -251.64797
2016.4918   -251.68312
2016.4945   -251.71827
2016.4973   -251.75342
2016.5000   -251.78856
2016.5027   -251.82371
2016.5055   -251.85886
2016.5082   -251.89401
2016.5109   -251.92915
2016.5137   -251.96430
2016.5164   -251.99945
2016.5191   -252.03459
2016.5219   -252.06974
2016.5246   -252.10489
2016.5273   -252.14004
2016.5301   -252.17518
2016.5328   -252.21033
2016.5355   -252.24548
2016.5383   -252.28063
2016.5410   -252.31577
2016.5437   -252.35092
2016.5464   -252.38607
2016.5492   -252.42121
2016.5519   -252.45636
2016.5546   -252.49151
2016.5574   -252.52666
2016.5601   -252.56180
2016.5628   -252.59695
2016.5656   -252.63210
2016.5683   -252.66725
2016.5710   -252.70239
2016.5738   -252.73754
2016.5765   -252.77269
2016.5792   -252.80783
2016.5820   -252.84298
2016.5847   -252.87813
2016.5874   -252.91328
2016.5902   -252.94842
2016.5929   -252.98357
2016.5956   -253.01872
2016.5984   -253.05386
2016.6011   -253.08901
2016.6038   -253.12416
2016.6066   -253.15931
2016.6093   -253.19445
2016.6120   -253.22960
2016.6148   -253.26475
2016.6175   -253.29990
2016.6202   -253.33504
2016.6230   -253.37019
2016.6257   -253.40534
2016.6284   -253.44048
2016.6311   -253.47563
2016.6339   -253.51078
2016.6366   -253.54593
2016.6393   -253.58107
2016.6421   -253.61622
2016.6448   -253.65137
2016.6475   -253.68652
2016.6503   -253.72166
2016.6530   -253.75681
2016.6557   -253.79196
2016.6585   -253.82710
2016.6612   -253.86225
2016.6639   -253.89740
2016.6667   -253.93255
2016.6694   -253.96769
2016.6721   -254.00284
2016.6749   -254.03799
2016.6776   -254.07314
2016.6803   -254.10828
2016.6831   -254.14343
2016.6858   -254.17858
2016.6885   -254.21372
2016.6913   -254.24887
2016.6940   -254.28402
2016.6967   -254.31917
2016.6995   -254.35431
2016.7022   -254.38946
2016.7049   -254.42461
2016.7077   -254.45975
2016.7104   -254.49490
2016.7131   -254.53005
2016.7158   -254.56520
2016.7186   -254.60034
2016.7213   -254.63549
2016.7240   -254.67064
2016.7268   -254.70579
2016.7295   -254.74093
2016.7322   -254.77608
2016.7350   -254.81123
2016.7377   -254.84637
2016.7404   -254.88152
2016.7432   -254.91667
2016.7459   -254.95182
2016.7486   -254.98696
2016.7514   -255.02211
2016.7541   -255.05726
2016.7568   -255.09241
2016.7596   -255.12755
2016.7623   -255.16270
2016.7650   -255.19785
2016.7678   -255.23299
2016.7705   -255.26814
2016.7732   -255.30329
2016.7760   -255.33844
2016.7787   -255.37358
2016.7814   -255.40873
2016.7842   -255.44388
2016.7869   -255.47903
2016.7896   -255.51417
2016.7923   -255.54932
2016.7951   -255.58447
2016.7978   -255.61961
2016.8005   -255.65476
2016.8033   -255.68991
2016.8060   -255.72506
2016.8087   -255.76020
2016.8115   -255.79535
2016.8142   -255.83050
2016.8169   -255.86565
2016.8197   -255.90079
2016.8224   -255.93594
2016.8251   -255.97109
2016.8279   -256.00623
2016.8306   -256.04138
2016.8333   -256.07653
2016.8361   -256.11168
2016.8388   -256.14682
2016.8415   -256.18197
2016.8443   -256.21712
2016.8470   -256.25226
2016.8497   -256.28741
2016.8525   -256.32256
2016.8552   -256.35771
2016.8579   -256.39285
2016.8607   -256.42800
2016.8634   -256.46315
2016.8661   -256.49830
2016.8689   -256.53344
2016.8716   -256.56859
2016.8743   -256.60374
2016.8770   -256.63888
2016.8798   -256.67403
2016.8825   -256.70918
2016.8852   -256.74433
2016.8880   -256.77947
2016.8907   -256.81462
2016.8934   -256.84977
2016.8962   -256.88492
2016.8989   -256.92006
2016.9016   -256.95521
2016.9044   -256.99036
2016.9071   -257.02550
2016.9098   -257.06065
2016.9126   -257.09580
2016.9153   -257.13095
2016.9180   -257.16609
2016.9208   -257.20124
2016.9235   -257.23639
2016.9262   -257.27154
2016.9290   -257.30668
2016.9317   -257.34183
2016.9344   -257.37698
2016.9372   -257.41212
2016.9399   -257.44727
2016.9426   -257.48242
2016.9454   -257.51757
2016.9481   -257.55271
2016.9508   -257.58786
2016.9536   -257.62301
2016.9563   -257.65815
2016.9590   -257.69330
2016.9617   -257.72845
2016.9645   -257.76360
2016.9672   -257.79874
2016.9699   -257.83389
2016.9727   -257.86904
2016.9754   -257.90419
2016.9781   -257.93933
2016.9809   -257.97448
2016.9836   -258.00963
2016.9863   -258.04477
2016.9891   -258.07992
2016.9918   -258.11507
2016.9945   -258.15022
2016.9973   -258.18536
2017.0000   -258.22051
