2016.00000 -249.25    2.87
2016.00273 -246.72    2.84
2016.00546 -246.69    3.29
2016.00820 -246.09    3.35
2016.01093 -244.63    3.16
2016.01366 -247.53    3.20
2016.01639 -245.39    3.00
2016.01913 -245.51    3.15
2016.02186 -246.08    2.83
2016.02459 -245.59    2.83
2016.02732 -245.74    2.85
2016.03005 -244.12    3.19
2016.03279 -244.55    3.26
2016.03552 -245.13    2.92
2016.03825 -246.20    3.02
2016.04098 -244.05    3.18
2016.04372 -247.76    3.62
2016.04645 -245.79    3.39
2016.04918 -245.00    3.21
2016.05191 -245.83    3.50
2016.05464 -248.42    2.97
2016.05738 -248.14    2.84
2016.06011 -249.58    2.91
2016.06284 -252.66    3.03
2016.06557 -250.86    3.30
2016.06831 -246.41    2.94
2016.07104 -245.82    3.01
2016.07377 -244.87    2.82
2016.07650 -245.40    3.15
2016.07923 -243.48    3.52
2016.08197 -244.56    2.96
2016.08470 -243.53    2.88
2016.08743 -244.87    3.01
2016.09016 -244.26    2.85
2016.09290 -243.38    2.87
2016.09563 -245.79    3.13
2016.09836 -244.46    2.91
2016.10109 -245.24    2.79
2016.10383 -246.39    3.01
2016.10656 -246.95    2.88
2016.10929 -245.76    3.05
2016.11202 -245.32    2.90
2016.11475 -246.49    3.23
2016.11749 -245.81    3.08
2016.12022 -247.20    3.12
2016.12295 -245.05    3.15
2016.12568 -245.37    3.02
2016.12842 -247.53    2.97
2016.13115 -245.39    2.98
2016.13388 -245.22    2.86
2016.13661 -244.71    2.85
2016.13934 -247.23    2.97
2016.14208 -247.94    3.03
2016.14481 -246.77    2.88
2016.14754 -246.10    3.01
2016.15027 -251.29    3.16
2016.15301 -248.87    2.88
2016.15574 -248.89    2.99
2016.15847 -246.49    3.22
2016.16120 -248.93    3.33
2016.16393 -244.09    3.12
2016.16667 -248.44    2.93
2016.16940 -246.61    3.21
2016.17213 -247.70    3.55
2016.17486 -244.82    3.24
2016.17760 -244.02    3.22
2016.18033 -246.48    2.88
2016.18306 -246.35    3.24
2016.18579 -246.62    4.17
2016.18852 -244.41    3.64
2016.19126 -246.77    3.51
2016.19399 -244.62    2.99
2016.19672 -247.35    3.32
2016.19945 -246.59    3.98
2016.20219 -247.45    3.56
2016.20492 -250.94    3.63
2016.20765 -248.29    3.24
2016.21038 -249.65    3.40
2016.21311 -249.34    3.73
2016.21585 -247.43    3.48
2016.21858 -248.82    3.06
2016.22131 -246.80    2.98
2016.22404 -248.97    3.06
2016.22678 -246.83    3.65
2016.22951 -247.90    2.78
2016.23224 -249.02    3.00
2016.23497 -249.07    2.90
2016.23770 -248.82    2.92
2016.24044 -248.31    3.35
2016.24317 -250.92    3.12
2016.24590 -248.66    3.25
2016.24863 -247.98    3.40
2016.25137 -250.05    3.16
2016.25410 -247.87    3.66
2016.25683 -248.41    3.31
2016.25956 -247.99    3.21
2016.26230 -251.43    3.20
2016.26503 -248.98    3.02
2016.26776 -252.04    3.60
2016.27049 -250.05    3.29
2016.27322 -249.26    2.98
2016.27596 -250.38    3.15
2016.27869 -250.41    2.99
2016.28142 -251.36    3.03
2016.28415 -247.84    3.14
2016.28689 -247.25    3.73
2016.28962 -249.81    3.55
2016.29235 -250.03    3.41
2016.29508 -248.28    3.70
2016.29781 -249.14    3.23
2016.30055 -250.30    3.18
2016.30328 -251.58    2.93
2016.30601 -251.14    3.31
2016.30874 -251.07    3.47
2016.31148 -250.69    3.40
2016.31421 -250.48    3.04
2016.31694 -250.18    3.09
2016.31967 -246.55    3.64
2016.32240 -248.56    4.04
2016.32514 -248.28    2.87
2016.32787 -249.45    3.21
2016.33060 -250.20    3.08
2016.33333 -248.61    3.25
2016.33607 -248.63    3.48
2016.33880 -248.40    3.58
2016.34153 -249.66    3.08
2016.34426 -250.74    3.55
2016.34699 -252.58    3.33
2016.34973 -247.48    3.84
2016.35246 -251.51    3.83
2016.35519 -251.54    3.94
2016.35792 -247.51    3.83
2016.36066 -248.90    3.04
2016.36339 -250.30    2.94
2016.36612 -254.70    4.42
2016.36885 -251.57    3.46
2016.37158 -248.75    3.84
2016.37432 -251.13    2.91
2016.37705 -250.52    2.74
2016.37978 -250.97    2.70
2016.38251 -250.66    2.83
2016.38525 -249.77    2.77
2016.38798 -251.41    2.90
2016.39071 -249.75    3.47
2016.39344 -250.74    4.74
2016.39617 -251.08    3.63
2016.39891 -253.42    3.73
2016.40164 -250.79    3.43
2016.40437 -250.55    5.11
2016.40710 -253.09    3.52
2016.40984 -252.77    3.64
2016.41257 -247.04    3.80
2016.41530 -248.96    3.30
2016.41803 -252.84    3.38
2016.42077 -248.05    4.41
2016.42350 -252.35    3.61
2016.42623 -253.03    3.74
2016.42896 -246.30    4.28
2016.43169 -250.59    4.57
2016.43443 -247.95    5.05
2016.43716 -249.49    4.83
2016.43989 -249.32    3.94
2016.44262 -252.77    3.27
2016.44536 -253.23    3.42
2016.44809 -250.29    3.35
2016.45082 -252.36    3.43
2016.45355 -251.14    3.57
2016.45628 -255.97    3.52
2016.45902 -255.83    4.44
2016.46175 -247.54    4.91
2016.46448 -253.49    4.28
2016.46721 -252.85    3.94
2016.46995 -246.17    4.52
2016.47268 -248.85    3.93
2016.47541 -249.18    3.76
2016.47814 -249.57    5.69
2016.48087 -246.83    4.29
2016.48361 -248.78    4.14
2016.48634 -249.41    4.44
2016.48907 -249.50    3.99
2016.49180 -249.84    4.41
2016.49454 -247.48    5.94
2016.49727 -247.96    4.00
2016.50000 -252.41    4.15
2016.50273 -251.01    4.54
2016.50546 -252.23    4.30
2016.50820 -248.97    4.23
2016.51093 -254.55    4.38
2016.51366 -249.00    4.17
2016.51639 -250.42    5.04
2016.52186 -251.62    3.69
2016.52459 -252.03    4.09
2016.52732 -250.92    3.96
2016.53005 -252.02    4.59
2016.53279 -250.11    3.72
2016.53552 -248.08    4.32
2016.53825 -256.69    3.74
2016.54098 -253.34    3.65
2016.54372 -249.09    4.45
2016.54645 -251.65    4.80
2016.54918 -250.26    4.22
2016.55191 -253.29    4.24
2016.55464 -249.99    4.36
2016.55738 -251.29    3.57
2016.56011 -249.86    3.69
2016.56284 -253.11    4.73
2016.56557 -249.77    3.69
2016.56831 -251.22    3.79
2016.57104 -253.98    3.94
2016.57377 -254.10    3.73
2016.57650 -252.38    5.22
2016.57923 -248.48    3.80
2016.58197 -253.43    4.04
2016.58470 -254.60    4.31
2016.58743 -254.41    3.55
2016.59016 -250.37    3.45
2016.59290 -254.23    3.24
2016.59563 -253.04    3.30
2016.59836 -254.31    3.86
2016.60109 -255.84    4.26
2016.60383 -255.70    3.91
2016.60656 -254.61    4.36
2016.60929 -253.74    4.36
2016.61202 -253.98    3.84
2016.61475 -253.72    3.40
2016.61749 -255.68    3.50
2016.62022 -256.55    4.00
2016.62295 -256.62    3.77
2016.62568 -253.42    3.53
2016.62842 -255.29    3.28
2016.63115 -253.15    3.73
2016.63388 -254.23    3.66
2016.63661 -254.66    3.80
2016.63934 -259.41    3.91
2016.64208 -256.26    3.78
2016.64481 -254.54    4.42
2016.64754 -254.08    4.08
2016.65027 -252.59    4.22
2016.65301 -251.86    4.79
2016.65574 -252.40    4.63
2016.65847 -252.46    3.82
2016.66120 -255.24    4.02
2016.66393 -254.22    3.49
2016.66667 -255.74    3.83
2016.66940 -254.81    3.29
2016.67213 -254.18    4.56
2016.67486 -254.02    3.68
2016.67760 -256.13    4.07
2016.68033 -258.80    4.40
2016.68306 -256.63    4.19
2016.68579 -254.82    3.11
2016.68852 -253.55    3.17
2016.69126 -256.58    3.75
2016.69399 -256.56    3.49
2016.69672 -256.09    3.69
2016.69945 -251.83    3.39
2016.70219 -257.34    4.19
2016.70765 -256.49    3.76
2016.71038 -257.16    4.01
2016.71311 -256.46    3.91
2016.71585 -255.65    3.32
2016.71858 -254.36    3.34
2016.72131 -256.64    3.46
2016.72404 -257.16    3.14
2016.72678 -251.86    4.12
2016.72951 -254.86    3.55
2016.73224 -254.33    3.42
2016.73497 -255.82    3.40
2016.73770 -258.77    4.39
2016.74044 -259.89    5.48
2016.74317 -257.07    4.37
2016.74590 -253.97    4.09
2016.75137 -256.34    4.24
2016.75410 -256.09    3.76
2016.75683 -253.27    3.64
2016.75956 -258.02    3.96
2016.76230 -257.35    4.59
2016.76503 -256.24    4.35
2016.76776 -252.23    3.80
2016.77049 -253.05    3.35
2016.77322 -254.67    3.14
2016.77596 -255.73    2.93
2016.77869 -252.43    3.91
2016.78142 -256.80    4.03
2016.78415 -256.84    3.75
2016.78689 -255.66    3.63
2016.78962 -257.24    5.18
2016.79235 -261.29    4.18
2016.79508 -259.30    4.57
2016.79781 -256.67    3.69
2016.80055 -254.95    4.60
2016.80328 -254.21    6.82
2016.80601 -258.47    3.57
2016.80874 -253.86    3.63
2016.81148 -256.57    3.30
2016.81421 -258.32    2.84
2016.81694 -255.39    3.58
2016.81967 -258.25    3.25
2016.82240 -258.11    3.12
2016.82514 -257.89    3.83
2016.82787 -256.90    3.18
2016.83060 -256.92    3.04
2016.83333 -254.53    3.14
2016.83607 -256.93    3.07
2016.83880 -256.74    3.22
2016.84153 -255.65    3.12
2016.84426 -256.14    4.19
2016.84699 -257.74    3.55
2016.84973 -257.38    3.47
2016.85246 -256.90    3.18
2016.85519 -255.09    2.96
2016.85792 -256.43    2.86
2016.86066 -255.46    3.41
2016.86339 -257.45    3.09
2016.86612 -256.98    2.98
2016.86885 -260.20    2.90
2016.87158 -255.63    2.96
2016.87432 -256.96    3.23
2016.87705 -258.16    3.11
2016.87978 -256.11    3.31
2016.88251 -255.89    3.42
2016.88525 -255.35    3.44
2016.88798 -255.16    3.59
2016.89071 -257.03    3.09
2016.89344 -251.73    3.25
2016.89617 -256.90    3.18
2016.89891 -256.41    3.47
2016.91530 -259.15    4.17
2016.91803 -257.41    3.35
2016.92077 -255.64    3.10
2016.92350 -257.75    3.16
2016.92623 -254.85    3.08
2016.92896 -255.39    3.39
2016.93169 -254.28    3.23
2016.93443 -256.52    3.34
2016.93716 -253.40    3.23
2016.93989 -254.71    3.44
2016.94262 -255.81    3.37
2016.94536 -259.45    3.26
2016.94809 -258.49    3.10
2016.95082 -257.74    2.98
2016.95355 -255.83    2.81
2016.95628 -256.52    2.92
2016.95902 -256.31    3.07
2016.96175 -260.16    2.83
2016.96448 -256.38    2.98
2016.96721 -259.29    3.06
2016.96995 -252.70    3.38
2016.97268 -258.17    3.68
2016.97541 -256.65    3.57
2016.97814 -253.58    4.07
2016.98087 -258.26    2.85
2016.98361 -260.00    3.36
2016.98634 -254.81    3.04
2016.98907 -255.36    3.24
2016.99180 -253.40    3.12
2016.99454 -260.77    3.25
2016.99727 -255.38    2.85
2017.00000 -252.88    3.07