2016.00000  120.21    2.95
2016.00273  121.22    2.87
2016.00546  117.30    3.45
2016.00820  118.50    3.65
2016.01093  116.67    3.42
2016.01366  121.12    3.39
2016.01639  121.31    3.23
2016.01913  119.89    3.28
2016.02186  120.29    3.07
2016.02459  119.01    2.95
2016.02732  120.94    3.08
2016.03005  119.78    3.35
2016.03279  119.14    3.50
2016.03552  119.44    3.09
2016.03825  120.73    3.15
2016.04098  123.12    3.41
2016.04372  121.02    3.62
2016.04645  123.64    3.64
2016.04918  119.31    3.43
2016.05191  121.09    3.89
2016.05464  121.72    3.16
2016.05738  121.95    2.98
2016.06011  121.08    3.01
2016.06284  124.77    3.30
2016.06557  125.14    3.57
2016.06831  124.42    3.28
2016.07104  123.86    3.25
2016.07377  123.76    2.98
2016.07650  124.17    3.42
2016.07923  121.29    4.08
2016.08197  124.67    3.52
2016.08470  121.13    3.08
2016.08743  123.01    3.22
2016.09016  122.45    3.14
2016.09290  122.73    3.09
2016.09563  122.92    3.28
2016.09836  123.31    3.16
2016.10109  123.11    2.94
2016.10383  124.47    3.16
2016.10656  126.94    3.07
2016.10929  123.12    3.27
2016.11202  126.50    3.15
2016.11475  126.43    3.61
2016.11749  126.42    3.32
2016.12022  123.22    3.59
2016.12295  125.91    3.61
2016.12568  126.13    3.22
2016.12842  125.72    3.13
2016.13115  123.95    3.14
2016.13388  124.70    3.15
2016.13661  125.05    3.03
2016.13934  122.95    3.22
2016.14208  126.32    3.32
2016.14481  128.05    3.09
2016.14754  127.34    3.06
2016.15027  126.83    3.37
2016.15301  127.86    3.09
2016.15574  128.43    3.15
2016.15847  128.32    3.57
2016.16120  125.09    3.89
2016.16393  126.65    3.32
2016.16667  127.10    3.07
2016.16940  126.74    3.58
2016.17213  128.71    3.80
2016.17486  127.25    3.62
2016.17760  128.14    3.62
2016.18033  123.70    3.30
2016.18306  125.83    3.55
2016.18579  127.78    4.64
2016.18852  127.29    4.00
2016.19126  127.88    3.88
2016.19399  126.48    3.70
2016.19672  128.49    3.74
2016.19945  126.67    4.22
2016.20219  127.33    3.86
2016.20492  128.18    4.06
2016.20765  127.88    3.46
2016.21038  130.15    3.63
2016.21311  131.10    3.94
2016.21585  127.51    3.75
2016.21858  128.06    3.25
2016.22131  126.07    3.38
2016.22404  129.40    3.36
2016.22678  129.82    4.10
2016.22951  128.07    3.00
2016.23224  128.29    3.48
2016.23497  128.93    3.08
2016.23770  130.24    3.31
2016.24044  128.25    3.71
2016.24317  132.55    3.49
2016.24590  131.97    3.65
2016.24863  132.04    3.74
2016.25137  130.15    3.13
2016.25410  131.53    3.87
2016.25683  131.18    3.48
2016.25956  129.51    3.41
2016.26230  131.73    3.39
2016.26503  129.89    3.19
2016.26776  129.79    3.57
2016.27049  132.83    3.40
2016.27322  129.14    3.19
2016.27596  128.45    3.18
2016.27869  129.64    3.09
2016.28142  131.45    3.10
2016.28415  129.45    3.35
2016.28689  127.08    3.95
2016.28962  129.87    3.30
2016.29235  132.66    3.68
2016.29508  130.87    4.17
2016.29781  134.15    3.60
2016.30055  130.19    3.19
2016.30328  131.88    3.14
2016.30601  131.91    3.59
2016.30874  135.27    3.35
2016.31148  134.85    3.54
2016.31421  132.63    3.11
2016.31694  130.69    3.02
2016.31967  132.28    3.98
2016.32240  131.93    4.10
2016.32514  128.71    3.13
2016.32787  134.84    3.47
2016.33060  133.04    3.25
2016.33333  134.46    3.42
2016.33607  135.35    3.69
2016.33880  130.43    3.63
2016.34153  136.58    3.35
2016.34426  133.40    3.97
2016.34699  132.55    3.44
2016.34973  133.65    4.25
2016.35246  131.69    4.01
2016.35519  131.69    4.06
2016.35792  132.05    4.24
2016.36066  129.66    3.21
2016.36339  128.13    3.12
2016.68306  141.14    4.75
2016.68579  136.76    3.52
2016.68852  138.92    3.70
2016.69126  140.81    4.33
2016.69399  133.43    4.13
2016.69672  134.20    3.97
2016.69945  138.02    3.70
2016.70219  136.39    4.59
2016.70765  138.33    4.17
2016.71038  138.79    4.47
2016.71311  134.65    4.45
2016.71585  136.39    3.50
2016.71858  137.40    3.76
2016.72131  136.84    3.95
2016.72404  136.98    3.67
2016.72678  138.42    4.74
2016.72951  138.10    3.84
2016.73224  138.80    3.62
2016.73497  135.86    3.96
2016.73770  136.85    4.70
2016.74044  137.00    6.50
2016.74317  138.36    5.16
2016.74590  143.25    4.22
2016.74863  137.91    4.84
2016.75137  136.09    4.86
2016.75410  138.93    4.25
2016.75683  137.67    3.97
2016.75956  139.04    4.26
2016.76230  140.79    5.38
2016.76503  132.41    5.08
2016.76776  139.78    4.32
2016.77049  140.68    3.97
2016.77322  138.14    3.40
2016.77596  137.60    3.37
2016.78142  140.91    4.64
2016.78415  140.56    4.13
2016.78689  138.20    4.34
2016.78962  146.31    7.27
2016.79235  135.64    5.08
2016.79508  141.73    4.95
2016.79781  138.05    4.28
2016.80055  143.93    5.14
2016.80328  142.02    7.19
2016.80601  139.51    4.05
2016.80874  141.54    4.08
2016.81148  140.53    3.74
2016.81421  142.06    3.13
2016.81694  143.01    4.13
2016.81967  140.73    3.57
2016.82240  142.58    3.48
2016.82514  138.84    4.29
2016.82787  140.97    3.61
2016.83060  145.10    3.31
2016.83333  142.54    3.46
2016.86885  145.09    3.11
2016.87158  142.88    3.24
2016.87432  144.00    3.22
2016.87705  144.52    3.15
2016.87978  150.06    3.65
2016.88251  145.28    3.85
2016.88525  144.93    3.73
2016.88798  144.99    3.71
2016.89071  144.12    3.35
2016.89344  142.09    3.48
2016.89617  143.66    3.46
2016.89891  143.70    3.31
2016.90164  145.05    3.39
2016.90437  147.77    3.50
2016.90710  147.30    3.94
2016.90984  145.56    3.36
2016.91257  147.97    3.93
2016.91530  147.87    4.86
2016.91803  147.30    3.43
2016.92623  145.93    3.24
2016.92896  147.81    3.61
2016.93169  145.79    3.57
2016.93443  143.59    3.35
2016.93716  147.13    3.50
2016.93989  144.41    3.73
2016.94262  145.13    3.63
2016.94536  146.74    3.34
2016.94809  149.06    3.34
2016.95082  143.86    3.10
2016.95355  145.59    2.85
2016.95628  147.29    2.96
2016.95902  149.05    3.16
2016.96175  146.73    2.91
2016.96448  149.02    3.18
2016.96721  148.03    3.24
2016.96995  145.97    3.62
2016.97268  149.61    3.76
2016.97541  147.18    3.68
2016.97814  147.25    3.97
2016.98087  148.64    2.91