2016.00000  -30.52    2.46
2016.00273  -30.78    2.46
2016.00546  -32.41    2.94
2016.00820  -31.04    3.08
2016.01093  -30.39    2.95
2016.01366  -31.99    2.97
2016.01639  -30.71    2.72
2016.01913  -30.78    2.89
2016.02186  -31.82    2.60
2016.02459  -31.55    2.46
2016.02732  -30.95    2.63
2016.03005  -29.22    2.92
2016.03279  -29.71    2.98
2016.03552  -30.36    2.58
2016.03825  -31.04    2.69
2016.04098  -30.85    2.92
2016.04372  -33.08    3.04
2016.04645  -30.87    3.18
2016.04918  -29.60    2.86
2016.05191  -28.51    3.27
2016.05464  -31.82    2.67
2016.05738  -31.97    2.63
2016.06011  -29.71    2.61
2016.06284  -31.05    2.81
2016.06557  -31.50    3.04
2016.06831  -33.16    2.79
2016.07104  -32.89    2.71
2016.07377  -32.03    2.50
2016.07650  -32.37    2.89
2016.07923  -30.51    3.30
2016.08197  -30.04    3.09
2016.08470  -28.84    2.62
2016.08743  -29.41    2.79
2016.09016  -29.43    2.56
2016.09290  -30.05    2.62
2016.09563  -32.35    2.89
2016.09836  -31.12    2.60
2016.10109  -31.91    2.49
2016.10383  -32.61    2.71
2016.10656  -33.52    2.62
2016.10929  -32.54    2.76
2016.11202  -32.57    2.63
2016.11475  -33.18    2.99
2016.11749  -30.86    2.78
2016.12022  -32.31    2.99
2016.12295  -28.61    2.94
2016.12568  -31.26    2.76
2016.12842  -32.30    2.66
2016.13115  -31.77    2.66
2016.13388  -30.32    2.60
2016.13661  -31.43    2.54
2016.13934  -33.21    2.70
2016.14208  -32.49    2.79
2016.14481  -32.28    2.56
2016.14754  -30.84    2.56
2016.15027  -31.61    2.91
2016.15301  -33.64    2.60
2016.15574  -31.46    2.69
2016.15847  -29.88    3.00
2016.16120  -33.16    3.19
2016.16393  -29.49    2.85
2016.16667  -31.82    2.62
2016.16940  -31.36    2.98
2016.17213  -32.23    3.29
2016.17486  -28.47    3.07
2016.17760  -29.13    3.02
2016.18033  -30.42    2.67
2016.18306  -29.60    3.01
2016.18579  -31.91    4.07
2016.18852  -27.44    3.42
2016.19126  -31.56    3.31
2016.19399  -29.30    2.76
2016.19672  -33.20    3.13
2016.19945  -32.01    3.65
2016.20219  -32.31    3.36
2016.20492  -36.56    3.47
2016.20765  -34.60    3.07
2016.21038  -35.18    3.20
2016.21311  -33.62    3.51
2016.21585  -32.24    3.34
2016.21858  -34.46    2.88
2016.22131  -32.17    2.78
2016.22404  -34.04    2.81
2016.22678  -31.85    3.50
2016.22951  -33.32    2.58
2016.23224  -34.64    2.84
2016.23497  -35.08    2.60
2016.23770  -34.87    2.70
2016.24044  -33.66    3.10
2016.24317  -37.01    2.94
2016.24590  -34.52    2.96
2016.24863  -32.25    3.18
2016.25137  -33.98    2.66
2016.25410  -33.39    3.42
2016.25683  -33.45    3.10
2016.25956  -31.93    3.07
2016.26230  -35.31    2.99
2016.26503  -32.87    2.87
2016.26776  -35.54    3.22
2016.27049  -33.94    3.09
2016.27322  -33.92    2.78
2016.27596  -34.37    2.92
2016.27869  -34.04    2.76
2016.28142  -36.46    2.79
2016.28415  -32.49    3.02
2016.28689  -31.95    3.55
2016.28962  -35.77    2.96
2016.29235  -34.21    3.14
2016.29508  -34.44    3.55
2016.29781  -33.52    2.97
2016.30055  -33.74    2.72
2016.30328  -35.48    2.72
2016.30601  -33.94    3.07
2016.30874  -35.02    3.04
2016.31148  -32.14    3.19
2016.31421  -33.67    2.78
2016.31694  -34.22    2.63
2016.31967  -32.03    3.46
2016.32240  -33.44    3.61
2016.32514  -33.44    2.66
2016.32787  -35.12    3.03
2016.33060  -33.80    2.84
2016.33333  -32.00    2.87
2016.33607  -34.41    3.27
2016.33880  -32.18    3.22
2016.34153  -33.98    2.92
2016.34426  -34.46    3.62
2016.34699  -31.35    3.12
2016.34973  -33.71    3.82
2016.35246  -30.22    3.83
2016.35519  -30.22    3.60
2016.35792  -27.39    3.77
2016.36066  -28.49    2.77
2016.36339  -30.46    2.69
2016.68306  -33.65    4.05
2016.68579  -34.23    2.98
2016.68852  -33.77    3.04
2016.69126  -36.04    3.65
2016.69399  -35.15    3.54
2016.69672  -34.10    3.46
2016.69945  -30.34    3.14
2016.70219  -31.98    3.99
2016.70765  -35.08    3.74
2016.71038  -36.82    3.95
2016.71311  -35.13    3.86
2016.71585  -35.17    3.11
2016.71858  -33.65    3.16
2016.72131  -37.15    3.32
2016.72404  -37.83    3.06
2016.72678  -30.89    3.98
2016.72951  -33.75    3.30
2016.73224  -33.62    3.00
2016.73497  -34.59    3.32
2016.73770  -38.89    4.12
2016.74044  -35.58    5.62
2016.74317  -35.82    4.62
2016.74590  -32.63    3.65
2016.74863  -27.09    4.14
2016.75137  -32.77    4.16
2016.75410  -33.86    3.68
2016.75683  -30.38    3.42
2016.75956  -35.98    3.66
2016.76230  -36.46    4.66
2016.76503  -31.10    4.34
2016.76776  -31.68    3.71
2016.77049  -32.60    3.32
2016.77322  -33.74    2.98
2016.77596  -34.09    2.91
2016.78142  -34.03    3.94
2016.78415  -36.34    3.49
2016.78689  -36.77    3.79
2016.78962  -32.34    6.57
2016.79235  -32.32    4.39
2016.79508  -32.38    4.39
2016.79781  -31.45    3.74
2016.80055  -31.96    4.52
2016.80328  -37.04    6.52
2016.80601  -35.79    3.51
2016.80874  -31.92    3.65
2016.81148  -33.68    3.27
2016.81421  -36.65    2.69
2016.81694  -33.16    3.51
2016.81967  -36.19    3.09
2016.82240  -36.78    2.94
2016.82514  -35.78    3.72
2016.82787  -35.12    3.05
2016.83060  -36.84    2.84
2016.83333  -34.25    2.96
2016.86885  -36.60    2.68
2016.87158  -34.28    2.78
2016.87432  -36.22    2.79
2016.87705  -35.90    2.71
2016.87978  -35.59    3.19
2016.88251  -36.02    3.40
2016.88525  -35.78    3.28
2016.88798  -34.01    3.29
2016.89071  -34.74    2.95
2016.89344  -31.63    2.95
2016.89617  -35.55    3.03
2016.89891  -35.72    2.88
2016.90164  -33.20    2.93
2016.90437  -37.23    3.14
2016.90710  -31.89    3.38
2016.90984  -33.43    2.88
2016.91257  -34.15    3.22
2016.91530  -38.10    3.88
2016.91803  -35.13    3.06
2016.92623  -34.63    2.81
2016.92896  -36.00    3.18
2016.93169  -36.60    3.17
2016.93443  -36.34    3.10
2016.93716  -33.90    2.99
2016.93989  -36.34    3.31
2016.94262  -36.10    3.23
2016.94536  -38.49    2.98
2016.94809  -39.42    2.91
2016.95082  -36.76    2.72
2016.95355  -35.60    2.49
2016.95628  -36.74    2.65
2016.95902  -36.01    2.79
2016.96175  -38.22    2.51
2016.96448  -36.25    2.74
2016.96721  -37.67    2.89
2016.96995  -32.77    3.21
2016.97268  -36.48    3.30
2016.97541  -36.39    3.44
2016.97814  -33.96    3.56
2016.98087  -38.09    2.57