2016.00000   38.90   10.01 
2016.00273   40.17   10.03 
2016.00546   46.55   11.48 
2016.00820   44.12   13.35 
2016.01093   39.63   11.50 
2016.01366   35.85   12.76 
2016.01639   36.71   11.55 
2016.01913   34.91   12.32 
2016.02186   34.53   11.08 
2016.02459   33.70   10.20 
2016.02732   39.34   11.16 
2016.03005   42.12   12.44 
2016.03279   35.01   12.32 
2016.03552   44.84   10.87 
2016.03825   39.82   10.94 
2016.04098   36.59   11.48 
2016.04372   28.03   12.06 
2016.04645   37.47   13.08 
2016.04918   32.90   11.98 
2016.05191   34.22   13.35 
2016.05464   32.49   11.32 
2016.05738   38.06   11.61 
2016.06011   39.62   11.12 
2016.06284   35.17   11.04 
2016.06557   34.28   11.18 
2016.06831   29.19   10.55 
2016.07104   27.78   10.46 
2016.07377   35.85   10.59 
2016.07650   38.38   12.54 
2016.07923   42.25   13.17 
2016.08197   42.46   14.42 
2016.08470   37.04   11.19 
2016.08743   37.32   12.04 
2016.09016   39.05   10.83 
2016.09290   45.71   11.20 
2016.09563   42.10   12.17 
2016.09836   43.28   10.67 
2016.10109   37.65   10.65 
2016.10383   39.33   10.72 
2016.10656   37.55   10.48 
2016.10929   35.61   11.92 
2016.11202   41.85   11.14 
2016.11475   46.87   13.27 
2016.11749   42.40   11.92 
2016.12022   50.77   12.97 
2016.12295   39.64   12.48 
2016.12568   35.41   11.08 
2016.12842   39.88   10.55 
2016.13115   46.25   10.70 
2016.13388   40.70   10.93 
2016.13661   40.89   10.51 
2016.13934   39.08   11.52 
2016.14208   35.24   10.96 
2016.14481   37.11   10.63 
2016.14754   38.47   10.59 
2016.15027   37.25   10.61 
2016.15301   29.04   10.26 
2016.15574   41.19   10.83 
2016.15847   40.98   10.96 
2016.16120   36.22   13.44 
2016.16393   33.51   10.65 
2016.16667   38.27   10.28 
2016.16940   44.02   11.60 
2016.17213   41.75   11.57 
2016.17486   39.09   11.68 
2016.17760   41.66   11.63 
2016.18033   41.22   10.74 
2016.18306   37.79   11.34 
2016.18579   39.88   15.36 
2016.18852   31.90   13.76 
2016.19126   35.34   11.84 
2016.19399   39.47   10.75 
2016.19672   34.79   11.34 
2016.19945   30.74   13.34 
2016.20219   30.26   10.97 
2016.20492   31.24   11.39 
2016.20765   31.84   11.53 
2016.21038   30.33   11.77 
2016.21311   40.11   15.30 
2016.21585   30.65   13.11 
2016.21858   35.16   11.06 
2016.22131   36.76   10.40 
2016.22404   38.44   10.89 
2016.22678   33.95   12.25 
2016.22951   33.67   10.33 
2016.23224   28.34   11.28 
2016.23497   35.92   10.66 
2016.23770   31.83   10.76 
2016.24044   40.87   10.68 
2016.24317   43.44   11.82 
2016.24590   32.09   10.63 
2016.24863   40.79   11.06 
2016.25137   42.57   11.29 
2016.25410   45.89   13.54 
2016.25683   42.85   13.61 
2016.25956   43.17   13.14 
2016.26230   43.47   11.59 
2016.26503   53.77   12.14 
2016.26776   36.87   14.34 
2016.27049   37.96   12.71 
2016.27322   48.83   11.89 
2016.27596   49.93   12.70 
2016.27869   38.19   11.78 
2016.28142   45.26   12.08 
2016.28415   43.48   12.76 
2016.28689   44.91   15.22 
2016.28962   32.89   12.89 
2016.29235   34.34   13.95 
2016.29508   28.08   14.44 
2016.29781   38.38   12.19 
2016.30055   46.69   11.70 
2016.30328   39.53   11.75 
2016.30601   40.95   13.60 
2016.30874   36.54   13.23 
2016.31148   28.34   14.01 
2016.31421   37.69   11.93 
2016.31694   46.01   11.24 
2016.31967   41.45   15.46 
2016.32240   38.38   16.40 
2016.32514   39.39   11.55 
2016.32787   38.56   13.15 
2016.33060   47.34   12.05 
2016.33333   42.47   12.30 
2016.33607   43.17   14.03 
2016.33880   49.99   13.88 
2016.34153   37.93   12.47 
2016.34426   36.03   15.42 
2016.34699   43.39   13.20 
2016.34973   45.41   16.22 
2016.35246   33.03   15.43 
2016.35519   33.03   15.30 
2016.35792   45.44   16.96 
2016.36066   38.63   11.38 
2016.36339   42.92   11.39 
2016.68306   36.91   18.51 
2016.68579   36.88   12.98 
2016.68852   41.54   13.53 
2016.69126   32.46   16.23 
2016.69399   47.44   16.02 
2016.69672   47.96   15.55 
2016.69945   44.37   14.06 
2016.70219   39.09   18.53 
2016.70765   32.02   17.24 
2016.71038   43.37   17.92 
2016.71311   46.07   17.33 
2016.71585   34.13   13.84 
2016.71858   34.02   14.01 
2016.72131   35.70   14.45 
2016.72404   32.47   13.17 
2016.72678   42.96   15.09 
2016.72951   41.86   13.46 
2016.73224   47.99   13.00 
2016.73497   57.69   14.69 
2016.73770   53.13   18.96 
2016.74044   36.11   26.35 
2016.74317   41.71   21.11 
2016.74590   35.78   15.30 
2016.74863   49.80   18.02 
2016.75137   44.83   18.90 
2016.75410   40.56   16.01 
2016.75683   40.54   15.14 
2016.75956   53.17   15.84 
2016.76230   43.99   21.06 
2016.76503   62.79   19.40 
2016.76776   54.07   16.13 
2016.77049   52.03   14.17 
2016.77322   41.38   13.47 
2016.77596   40.95   13.08 
2016.78142   59.21   17.90 
2016.78415   39.74   15.72 
2016.78689   43.69   17.53 
2016.78962   26.82   32.87 
2016.79235   36.99   20.26 
2016.79508   48.26   20.25 
2016.79781   45.40   17.01 
2016.80055   42.86   20.96 
2016.80328   21.53   31.66 
2016.80601   43.12   15.71 
2016.80874   56.10   16.15 
2016.81148   40.07   14.37 
2016.81421   46.66   11.35 
2016.81694   50.64   13.10 
2016.81967   45.21   13.17 
2016.82240   40.42   12.46 
2016.82514   44.96   14.16 
2016.82787   41.16   13.00 
2016.83060   44.66   11.93 
2016.83333   43.23   12.36 
2016.86885   39.19   11.27 
2016.87158   33.55   11.61 
2016.87432   33.52   11.68 
2016.87705   39.09   11.36 
2016.87978   48.06   12.78 
2016.88251   45.08   15.13 
2016.88525   40.39   14.14 
2016.88798   44.31   14.22 
2016.89071   44.72   12.95 
2016.89344   43.67   12.47 
2016.89617   45.05   12.78 
2016.89891   36.24   12.09 
2016.90164   42.49   12.38 
2016.90437   35.74   13.64 
2016.90710   41.81   14.49 
2016.90984   45.14   12.44 
2016.91257   43.72   12.72 
2016.91530   54.90   15.47 
2016.91803   43.39   12.66 
2016.92623   52.13   12.00 
2016.92896   45.51   13.51 
2016.93169   43.19   13.83 
2016.93443   43.88   12.20 
2016.93716   41.10   12.55 
2016.93989   47.25   14.74 
2016.94262   40.78   14.16 
2016.94536   42.70   12.71 
2016.94809   40.65   12.29 
2016.95082   34.20   11.42 
2016.95355   39.48   10.47 
2016.95628   43.32   10.50 
2016.95902   36.83   11.36 
2016.96175   35.05   10.47 
2016.96448   40.75   11.47 
2016.96721   44.31   11.73 
2016.96995   43.25   13.31 
2016.97268   49.48   13.99 
2016.97541   44.03   13.68 
2016.97814   49.22   13.02 
2016.98087   40.81   10.76