2016.0000    -31.29371
2016.0027    -31.30584
2016.0055    -31.31797
2016.0082    -31.33011
2016.0109    -31.34224
2016.0137    -31.35437
2016.0164    -31.36650
2016.0191    -31.37864
2016.0219    -31.39077
2016.0246    -31.40290
2016.0273    -31.41503
2016.0301    -31.42717
2016.0328    -31.43930
2016.0355    -31.45143
2016.0383    -31.46356
2016.0410    -31.47570
2016.0437    -31.48783
2016.0464    -31.49996
2016.0492    -31.51210
2016.0519    -31.52423
2016.0546    -31.53636
2016.0574    -31.54849
2016.0601    -31.56063
2016.0628    -31.57276
2016.0656    -31.58489
2016.0683    -31.59702
2016.0710    -31.60916
2016.0738    -31.62129
2016.0765    -31.63342
2016.0792    -31.64555
2016.0820    -31.65769
2016.0847    -31.66982
2016.0874    -31.68195
2016.0902    -31.69408
2016.0929    -31.70622
2016.0956    -31.71835
2016.0984    -31.73048
2016.1011    -31.74261
2016.1038    -31.75475
2016.1066    -31.76688
2016.1093    -31.77901
2016.1120    -31.79114
2016.1148    -31.80328
2016.1175    -31.81541
2016.1202    -31.82754
2016.1230    -31.83967
2016.1257    -31.85181
2016.1284    -31.86394
2016.1311    -31.87607
2016.1339    -31.88820
2016.1366    -31.90034
2016.1393    -31.91247
2016.1421    -31.92460
2016.1448    -31.93673
2016.1475    -31.94887
2016.1503    -31.96100
2016.1530    -31.97313
2016.1557    -31.98527
2016.1585    -31.99740
2016.1612    -32.00953
2016.1639    -32.02166
2016.1667    -32.03380
2016.1694    -32.04593
2016.1721    -32.05806
2016.1749    -32.07019
2016.1776    -32.08233
2016.1803    -32.09446
2016.1831    -32.10659
2016.1858    -32.11872
2016.1885    -32.13086
2016.1913    -32.14299
2016.1940    -32.15512
2016.1967    -32.16725
2016.1995    -32.17939
2016.2022    -32.19152
2016.2049    -32.20365
2016.2077    -32.21578
2016.2104    -32.22792
2016.2131    -32.24005
2016.2158    -32.25218
2016.2186    -32.26431
2016.2213    -32.27645
2016.2240    -32.28858
2016.2268    -32.30071
2016.2295    -32.31284
2016.2322    -32.32498
2016.2350    -32.33711
2016.2377    -32.34924
2016.2404    -32.36137
2016.2432    -32.37351
2016.2459    -32.38564
2016.2486    -32.39777
2016.2514    -32.40990
2016.2541    -32.42204
2016.2568    -32.43417
2016.2596    -32.44630
2016.2623    -32.45843
2016.2650    -32.47057
2016.2678    -32.48270
2016.2705    -32.49483
2016.2732    -32.50697
2016.2760    -32.51910
2016.2787    -32.53123
2016.2814    -32.54336
2016.2842    -32.55550
2016.2869    -32.56763
2016.2896    -32.57976
2016.2923    -32.59189
2016.2951    -32.60403
2016.2978    -32.61616
2016.3005    -32.62829
2016.3033    -32.64042
2016.3060    -32.65256
2016.3087    -32.66469
2016.3115    -32.67682
2016.3142    -32.68895
2016.3169    -32.70109
2016.3197    -32.71322
2016.3224    -32.72535
2016.3251    -32.73748
2016.3279    -32.74962
2016.3306    -32.76175
2016.3333    -32.77388
2016.3361    -32.78601
2016.3388    -32.79815
2016.3415    -32.81028
2016.3443    -32.82241
2016.3470    -32.83454
2016.3497    -32.84668
2016.3525    -32.85881
2016.3552    -32.87094
2016.3579    -32.88307
2016.3607    -32.89521
2016.3634    -32.90734
2016.3661    -32.91947
2016.3689    -32.93160
2016.3716    -32.94374
2016.3743    -32.95587
2016.3770    -32.96800
2016.3798    -32.98014
2016.3825    -32.99227
2016.3852    -33.00440
2016.3880    -33.01653
2016.3907    -33.02867
2016.3934    -33.04080
2016.3962    -33.05293
2016.3989    -33.06506
2016.4016    -33.07720
2016.4044    -33.08933
2016.4071    -33.10146
2016.4098    -33.11359
2016.4126    -33.12573
2016.4153    -33.13786
2016.4180    -33.14999
2016.4208    -33.16212
2016.4235    -33.17426
2016.4262    -33.18639
2016.4290    -33.19852
2016.4317    -33.21065
2016.4344    -33.22279
2016.4372    -33.23492
2016.4399    -33.24705
2016.4426    -33.25918
2016.4454    -33.27132
2016.4481    -33.28345
2016.4508    -33.29558
2016.4536    -33.30771
2016.4563    -33.31985
2016.4590    -33.33198
2016.4617    -33.34411
2016.4645    -33.35624
2016.4672    -33.36838
2016.4699    -33.38051
2016.4727    -33.39264
2016.4754    -33.40477
2016.4781    -33.41691
2016.4809    -33.42904
2016.4836    -33.44117
2016.4863    -33.45331
2016.4891    -33.46544
2016.4918    -33.47757
2016.4945    -33.48970
2016.4973    -33.50184
2016.5000    -33.51397
2016.5027    -33.52610
2016.5055    -33.53823
2016.5082    -33.55037
2016.5109    -33.56250
2016.5137    -33.57463
2016.5164    -33.58676
2016.5191    -33.59890
2016.5219    -33.61103
2016.5246    -33.62316
2016.5273    -33.63529
2016.5301    -33.64743
2016.5328    -33.65956
2016.5355    -33.67169
2016.5383    -33.68382
2016.5410    -33.69596
2016.5437    -33.70809
2016.5464    -33.72022
2016.5492    -33.73235
2016.5519    -33.74449
2016.5546    -33.75662
2016.5574    -33.76875
2016.5601    -33.78088
2016.5628    -33.79302
2016.5656    -33.80515
2016.5683    -33.81728
2016.5710    -33.82941
2016.5738    -33.84155
2016.5765    -33.85368
2016.5792    -33.86581
2016.5820    -33.87794
2016.5847    -33.89008
2016.5874    -33.90221
2016.5902    -33.91434
2016.5929    -33.92648
2016.5956    -33.93861
2016.5984    -33.95074
2016.6011    -33.96287
2016.6038    -33.97501
2016.6066    -33.98714
2016.6093    -33.99927
2016.6120    -34.01140
2016.6148    -34.02354
2016.6175    -34.03567
2016.6202    -34.04780
2016.6230    -34.05993
2016.6257    -34.07207
2016.6284    -34.08420
2016.6311    -34.09633
2016.6339    -34.10846
2016.6366    -34.12060
2016.6393    -34.13273
2016.6421    -34.14486
2016.6448    -34.15699
2016.6475    -34.16913
2016.6503    -34.18126
2016.6530    -34.19339
2016.6557    -34.20552
2016.6585    -34.21766
2016.6612    -34.22979
2016.6639    -34.24192
2016.6667    -34.25405
2016.6694    -34.26619
2016.6721    -34.27832
2016.6749    -34.29045
2016.6776    -34.30258
2016.6803    -34.31472
2016.6831    -34.32685
2016.6858    -34.33898
2016.6885    -34.35111
2016.6913    -34.36325
2016.6940    -34.37538
2016.6967    -34.38751
2016.6995    -34.39964
2016.7022    -34.41178
2016.7049    -34.42391
2016.7077    -34.43604
2016.7104    -34.44818
2016.7131    -34.46031
2016.7158    -34.47244
2016.7186    -34.48457
2016.7213    -34.49671
2016.7240    -34.50884
2016.7268    -34.52097
2016.7295    -34.53310
2016.7322    -34.54524
2016.7350    -34.55737
2016.7377    -34.56950
2016.7404    -34.58163
2016.7432    -34.59377
2016.7459    -34.60590
2016.7486    -34.61803
2016.7514    -34.63016
2016.7541    -34.64230
2016.7568    -34.65443
2016.7596    -34.66656
2016.7623    -34.67869
2016.7650    -34.69083
2016.7678    -34.70296
2016.7705    -34.71509
2016.7732    -34.72722
2016.7760    -34.73936
2016.7787    -34.75149
2016.7814    -34.76362
2016.7842    -34.77575
2016.7869    -34.78789
2016.7896    -34.80002
2016.7923    -34.81215
2016.7951    -34.82428
2016.7978    -34.83642
2016.8005    -34.84855
2016.8033    -34.86068
2016.8060    -34.87281
2016.8087    -34.88495
2016.8115    -34.89708
2016.8142    -34.90921
2016.8169    -34.92135
2016.8197    -34.93348
2016.8224    -34.94561
2016.8251    -34.95774
2016.8279    -34.96988
2016.8306    -34.98201
2016.8333    -34.99414
2016.8361    -35.00627
2016.8388    -35.01841
2016.8415    -35.03054
2016.8443    -35.04267
2016.8470    -35.05480
2016.8497    -35.06694
2016.8525    -35.07907
2016.8552    -35.09120
2016.8579    -35.10333
2016.8607    -35.11547
2016.8634    -35.12760
2016.8661    -35.13973
2016.8689    -35.15186
2016.8716    -35.16400
2016.8743    -35.17613
2016.8770    -35.18826
2016.8798    -35.20039
2016.8825    -35.21253
2016.8852    -35.22466
2016.8880    -35.23679
2016.8907    -35.24892
2016.8934    -35.26106
2016.8962    -35.27319
2016.8989    -35.28532
2016.9016    -35.29745
2016.9044    -35.30959
2016.9071    -35.32172
2016.9098    -35.33385
2016.9126    -35.34598
2016.9153    -35.35812
2016.9180    -35.37025
2016.9208    -35.38238
2016.9235    -35.39452
2016.9262    -35.40665
2016.9290    -35.41878
2016.9317    -35.43091
2016.9344    -35.44305
2016.9372    -35.45518
2016.9399    -35.46731
2016.9426    -35.47944
2016.9454    -35.49158
2016.9481    -35.50371
2016.9508    -35.51584
2016.9536    -35.52797
2016.9563    -35.54011
2016.9590    -35.55224
2016.9617    -35.56437
2016.9645    -35.57650
2016.9672    -35.58864
2016.9699    -35.60077
2016.9727    -35.61290
2016.9754    -35.62503
2016.9781    -35.63717
