2016.0000     37.55086
2016.0027     37.56811
2016.0055     37.58536
2016.0082     37.60260
2016.0109     37.61985
2016.0137     37.63710
2016.0164     37.65435
2016.0191     37.67160
2016.0219     37.68885
2016.0246     37.70610
2016.0273     37.72335
2016.0301     37.74060
2016.0328     37.75785
2016.0355     37.77509
2016.0383     37.79234
2016.0410     37.80959
2016.0437     37.82684
2016.0464     37.84409
2016.0492     37.86134
2016.0519     37.87859
2016.0546     37.89584
2016.0574     37.91309
2016.0601     37.93034
2016.0628     37.94758
2016.0656     37.96483
2016.0683     37.98208
2016.0710     37.99933
2016.0738     38.01658
2016.0765     38.03383
2016.0792     38.05108
2016.0820     38.06833
2016.0847     38.08558
2016.0874     38.10283
2016.0902     38.12007
2016.0929     38.13732
2016.0956     38.15457
2016.0984     38.17182
2016.1011     38.18907
2016.1038     38.20632
2016.1066     38.22357
2016.1093     38.24082
2016.1120     38.25807
2016.1148     38.27531
2016.1175     38.29256
2016.1202     38.30981
2016.1230     38.32706
2016.1257     38.34431
2016.1284     38.36156
2016.1311     38.37881
2016.1339     38.39606
2016.1366     38.41331
2016.1393     38.43056
2016.1421     38.44780
2016.1448     38.46505
2016.1475     38.48230
2016.1503     38.49955
2016.1530     38.51680
2016.1557     38.53405
2016.1585     38.55130
2016.1612     38.56855
2016.1639     38.58580
2016.1667     38.60305
2016.1694     38.62029
2016.1721     38.63754
2016.1749     38.65479
2016.1776     38.67204
2016.1803     38.68929
2016.1831     38.70654
2016.1858     38.72379
2016.1885     38.74104
2016.1913     38.75829
2016.1940     38.77554
2016.1967     38.79278
2016.1995     38.81003
2016.2022     38.82728
2016.2049     38.84453
2016.2077     38.86178
2016.2104     38.87903
2016.2131     38.89628
2016.2158     38.91353
2016.2186     38.93078
2016.2213     38.94803
2016.2240     38.96527
2016.2268     38.98252
2016.2295     38.99977
2016.2322     39.01702
2016.2350     39.03427
2016.2377     39.05152
2016.2404     39.06877
2016.2432     39.08602
2016.2459     39.10327
2016.2486     39.12052
2016.2514     39.13776
2016.2541     39.15501
2016.2568     39.17226
2016.2596     39.18951
2016.2623     39.20676
2016.2650     39.22401
2016.2678     39.24126
2016.2705     39.25851
2016.2732     39.27576
2016.2760     39.29301
2016.2787     39.31025
2016.2814     39.32750
2016.2842     39.34475
2016.2869     39.36200
2016.2896     39.37925
2016.2923     39.39650
2016.2951     39.41375
2016.2978     39.43100
2016.3005     39.44825
2016.3033     39.46550
2016.3060     39.48274
2016.3087     39.49999
2016.3115     39.51724
2016.3142     39.53449
2016.3169     39.55174
2016.3197     39.56899
2016.3224     39.58624
2016.3251     39.60349
2016.3279     39.62074
2016.3306     39.63799
2016.3333     39.65523
2016.3361     39.67248
2016.3388     39.68973
2016.3415     39.70698
2016.3443     39.72423
2016.3470     39.74148
2016.3497     39.75873
2016.3525     39.77598
2016.3552     39.79323
2016.3579     39.81048
2016.3607     39.82772
2016.3634     39.84497
2016.3661     39.86222
2016.3689     39.87947
2016.3716     39.89672
2016.3743     39.91397
2016.3770     39.93122
2016.3798     39.94847
2016.3825     39.96572
2016.3852     39.98296
2016.3880     40.00021
2016.3907     40.01746
2016.3934     40.03471
2016.3962     40.05196
2016.3989     40.06921
2016.4016     40.08646
2016.4044     40.10371
2016.4071     40.12096
2016.4098     40.13821
2016.4126     40.15545
2016.4153     40.17270
2016.4180     40.18995
2016.4208     40.20720
2016.4235     40.22445
2016.4262     40.24170
2016.4290     40.25895
2016.4317     40.27620
2016.4344     40.29345
2016.4372     40.31070
2016.4399     40.32794
2016.4426     40.34519
2016.4454     40.36244
2016.4481     40.37969
2016.4508     40.39694
2016.4536     40.41419
2016.4563     40.43144
2016.4590     40.44869
2016.4617     40.46594
2016.4645     40.48319
2016.4672     40.50043
2016.4699     40.51768
2016.4727     40.53493
2016.4754     40.55218
2016.4781     40.56943
2016.4809     40.58668
2016.4836     40.60393
2016.4863     40.62118
2016.4891     40.63843
2016.4918     40.65568
2016.4945     40.67292
2016.4973     40.69017
2016.5000     40.70742
2016.5027     40.72467
2016.5055     40.74192
2016.5082     40.75917
2016.5109     40.77642
2016.5137     40.79367
2016.5164     40.81092
2016.5191     40.82817
2016.5219     40.84541
2016.5246     40.86266
2016.5273     40.87991
2016.5301     40.89716
2016.5328     40.91441
2016.5355     40.93166
2016.5383     40.94891
2016.5410     40.96616
2016.5437     40.98341
2016.5464     41.00066
2016.5492     41.01790
2016.5519     41.03515
2016.5546     41.05240
2016.5574     41.06965
2016.5601     41.08690
2016.5628     41.10415
2016.5656     41.12140
2016.5683     41.13865
2016.5710     41.15590
2016.5738     41.17315
2016.5765     41.19039
2016.5792     41.20764
2016.5820     41.22489
2016.5847     41.24214
2016.5874     41.25939
2016.5902     41.27664
2016.5929     41.29389
2016.5956     41.31114
2016.5984     41.32839
2016.6011     41.34564
2016.6038     41.36288
2016.6066     41.38013
2016.6093     41.39738
2016.6120     41.41463
2016.6148     41.43188
2016.6175     41.44913
2016.6202     41.46638
2016.6230     41.48363
2016.6257     41.50088
2016.6284     41.51813
2016.6311     41.53537
2016.6339     41.55262
2016.6366     41.56987
2016.6393     41.58712
2016.6421     41.60437
2016.6448     41.62162
2016.6475     41.63887
2016.6503     41.65612
2016.6530     41.67337
2016.6557     41.69061
2016.6585     41.70786
2016.6612     41.72511
2016.6639     41.74236
2016.6667     41.75961
2016.6694     41.77686
2016.6721     41.79411
2016.6749     41.81136
2016.6776     41.82861
2016.6803     41.84586
2016.6831     41.86310
2016.6858     41.88035
2016.6885     41.89760
2016.6913     41.91485
2016.6940     41.93210
2016.6967     41.94935
2016.6995     41.96660
2016.7022     41.98385
2016.7049     42.00110
2016.7077     42.01835
2016.7104     42.03559
2016.7131     42.05284
2016.7158     42.07009
2016.7186     42.08734
2016.7213     42.10459
2016.7240     42.12184
2016.7268     42.13909
2016.7295     42.15634
2016.7322     42.17359
2016.7350     42.19084
2016.7377     42.20808
2016.7404     42.22533
2016.7432     42.24258
2016.7459     42.25983
2016.7486     42.27708
2016.7514     42.29433
2016.7541     42.31158
2016.7568     42.32883
2016.7596     42.34608
2016.7623     42.36333
2016.7650     42.38057
2016.7678     42.39782
2016.7705     42.41507
2016.7732     42.43232
2016.7760     42.44957
2016.7787     42.46682
2016.7814     42.48407
2016.7842     42.50132
2016.7869     42.51857
2016.7896     42.53582
2016.7923     42.55306
2016.7951     42.57031
2016.7978     42.58756
2016.8005     42.60481
2016.8033     42.62206
2016.8060     42.63931
2016.8087     42.65656
2016.8115     42.67381
2016.8142     42.69106
2016.8169     42.70831
2016.8197     42.72555
2016.8224     42.74280
2016.8251     42.76005
2016.8279     42.77730
2016.8306     42.79455
2016.8333     42.81180
2016.8361     42.82905
2016.8388     42.84630
2016.8415     42.86355
2016.8443     42.88080
2016.8470     42.89804
2016.8497     42.91529
2016.8525     42.93254
2016.8552     42.94979
2016.8579     42.96704
2016.8607     42.98429
2016.8634     43.00154
2016.8661     43.01879
2016.8689     43.03604
2016.8716     43.05329
2016.8743     43.07053
2016.8770     43.08778
2016.8798     43.10503
2016.8825     43.12228
2016.8852     43.13953
2016.8880     43.15678
2016.8907     43.17403
2016.8934     43.19128
2016.8962     43.20853
2016.8989     43.22578
2016.9016     43.24302
2016.9044     43.26027
2016.9071     43.27752
2016.9098     43.29477
2016.9126     43.31202
2016.9153     43.32927
2016.9180     43.34652
2016.9208     43.36377
2016.9235     43.38102
2016.9262     43.39826
2016.9290     43.41551
2016.9317     43.43276
2016.9344     43.45001
2016.9372     43.46726
2016.9399     43.48451
2016.9426     43.50176
2016.9454     43.51901
2016.9481     43.53626
2016.9508     43.55351
2016.9536     43.57075
2016.9563     43.58800
2016.9590     43.60525
2016.9617     43.62250
2016.9645     43.63975
2016.9672     43.65700
2016.9699     43.67425
2016.9727     43.69150
2016.9754     43.70875
2016.9781     43.72600
