2015.00000   -246.99
2015.00274   -247.02
2015.00548   -247.04
2015.00822   -247.07
2015.01096   -247.10
2015.01370   -247.13
2015.01644   -247.16
2015.01918   -247.19
2015.02192   -247.22
2015.02466   -247.25
2015.02740   -247.28
2015.03014   -247.31
2015.03288   -247.34
2015.03562   -247.37
2015.03836   -247.39
2015.04110   -247.42
2015.04384   -247.45
2015.04658   -247.48
2015.04932   -247.51
2015.05205   -247.54
2015.05479   -247.57
2015.05753   -247.60
2015.06027   -247.63
2015.06301   -247.66
2015.06575   -247.69
2015.06849   -247.72
2015.07123   -247.75
2015.07397   -247.77
2015.07671   -247.80
2015.07945   -247.83
2015.08219   -247.86
2015.08493   -247.89
2015.08767   -247.92
2015.09041   -247.95
2015.09315   -247.98
2015.09589   -248.01
2015.09863   -248.04
2015.10137   -248.07
2015.10411   -248.10
2015.10685   -248.13
2015.10959   -248.15
2015.11233   -248.18
2015.11507   -248.21
2015.11781   -248.24
2015.12055   -248.27
2015.12329   -248.30
2015.12603   -248.33
2015.12877   -248.36
2015.13151   -248.39
2015.13425   -248.42
2015.13699   -248.45
2015.13973   -248.48
2015.14247   -248.50
2015.14521   -248.53
2015.14795   -248.56
2015.15068   -248.59
2015.15342   -248.62
2015.15616   -248.65
2015.15890   -248.68
2015.16164   -248.71
2015.16438   -248.74
2015.16712   -248.77
2015.16986   -248.80
2015.17260   -248.83
2015.17534   -248.86
2015.17808   -248.88
2015.18082   -248.91
2015.18356   -248.94
2015.18630   -248.97
2015.18904   -249.00
2015.19178   -249.03
2015.19452   -249.06
2015.19726   -249.09
2015.20000   -249.12
2015.20274   -249.15
2015.20548   -249.18
2015.20822   -249.21
2015.21096   -249.24
2015.21370   -249.26
2015.21644   -249.29
2015.21918   -249.32
2015.22192   -249.35
2015.22466   -249.38
2015.22740   -249.41
2015.23014   -249.44
2015.23288   -249.47
2015.23562   -249.50
2015.23836   -249.53
2015.24110   -249.56
2015.24384   -249.59
2015.24658   -249.61
2015.24932   -249.64
2015.25205   -249.67
2015.25479   -249.70
2015.25753   -249.73
2015.26027   -249.76
2015.26301   -249.79
2015.26575   -249.82
2015.26849   -249.85
2015.27123   -249.88
2015.27397   -249.91
2015.27671   -249.94
2015.27945   -249.97
2015.28219   -249.99
2015.28493   -250.02
2015.28767   -250.05
2015.29041   -250.08
2015.29315   -250.11
2015.29589   -250.14
2015.29863   -250.17
2015.30137   -250.20
2015.30411   -250.23
2015.30685   -250.26
2015.30959   -250.29
2015.31233   -250.32
2015.31507   -250.35
2015.31781   -250.37
2015.32055   -250.40
2015.32329   -250.43
2015.32603   -250.46
2015.32877   -250.49
2015.33151   -250.52
2015.33425   -250.55
2015.33699   -250.58
2015.33973   -250.61
2015.34247   -250.64
2015.34521   -250.67
2015.34795   -250.70
2015.35068   -250.72
2015.35342   -250.75
2015.35616   -250.78
2015.35890   -250.81
2015.36164   -250.84
2015.36438   -250.87
2015.36712   -250.90
2015.36986   -250.93
2015.37260   -250.96
2015.37534   -250.99
2015.37808   -251.02
2015.38082   -251.05
2015.38356   -251.08
2015.38630   -251.10
2015.38904   -251.13
2015.39178   -251.16
2015.39452   -251.19
2015.39726   -251.22
2015.40000   -251.25
2015.40274   -251.28
2015.40548   -251.31
2015.40822   -251.34
2015.41096   -251.37
2015.41370   -251.40
2015.41644   -251.43
2015.41918   -251.46
2015.42192   -251.48
2015.42466   -251.51
2015.42740   -251.54
2015.43014   -251.57
2015.43288   -251.60
2015.43562   -251.63
2015.43836   -251.66
2015.44110   -251.69
2015.44384   -251.72
2015.44658   -251.75
2015.44932   -251.78
2015.45205   -251.81
2015.45479   -251.83
2015.45753   -251.86
2015.46027   -251.89
2015.46301   -251.92
2015.46575   -251.95
2015.46849   -251.98
2015.47123   -252.01
2015.47397   -252.04
2015.47671   -252.07
2015.47945   -252.10
2015.48219   -252.13
2015.48493   -252.16
2015.48767   -252.19
2015.49041   -252.21
2015.49315   -252.24
2015.49589   -252.27
2015.49863   -252.30
2015.50137   -252.33
2015.50411   -252.36
2015.50685   -252.39
2015.50959   -252.42
2015.51233   -252.45
2015.51507   -252.48
2015.51781   -252.51
2015.52055   -252.54
2015.52329   -252.57
2015.52603   -252.59
2015.52877   -252.62
2015.53151   -252.65
2015.53425   -252.68
2015.53699   -252.71
2015.53973   -252.74
2015.54247   -252.77
2015.54521   -252.80
2015.54795   -252.83
2015.55068   -252.86
2015.55342   -252.89
2015.55616   -252.92
2015.55890   -252.94
2015.56164   -252.97
2015.56438   -253.00
2015.56712   -253.03
2015.56986   -253.06
2015.57260   -253.09
2015.57534   -253.12
2015.57808   -253.15
2015.58082   -253.18
2015.58356   -253.21
2015.58630   -253.24
2015.58904   -253.27
2015.59178   -253.30
2015.59452   -253.32
2015.59726   -253.35
2015.60000   -253.38
2015.60274   -253.41
2015.60548   -253.44
2015.60822   -253.47
2015.61096   -253.50
2015.61370   -253.53
2015.61644   -253.56
2015.61918   -253.59
2015.62192   -253.62
2015.62466   -253.65
2015.62740   -253.68
2015.63014   -253.70
2015.63288   -253.73
2015.63562   -253.76
2015.63836   -253.79
2015.64110   -253.82
2015.64384   -253.85
2015.64658   -253.88
2015.64932   -253.91
2015.65205   -253.94
2015.65479   -253.97
2015.65753   -254.00
2015.66027   -254.03
2015.66301   -254.05
2015.66575   -254.08
2015.66849   -254.11
2015.67123   -254.14
2015.67397   -254.17
2015.67671   -254.20
2015.67945   -254.23
2015.68219   -254.26
2015.68493   -254.29
2015.68767   -254.32
2015.69041   -254.35
2015.69315   -254.38
2015.69589   -254.41
2015.69863   -254.43
2015.70137   -254.46
2015.70411   -254.49
2015.70685   -254.52
2015.70959   -254.55
2015.71233   -254.58
2015.71507   -254.61
2015.71781   -254.64
2015.72055   -254.67
2015.72329   -254.70
2015.72603   -254.73
2015.72877   -254.76
2015.73151   -254.79
2015.73425   -254.81
2015.73699   -254.84
2015.73973   -254.87
2015.74247   -254.90
2015.74521   -254.93
2015.74795   -254.96
2015.75068   -254.99
2015.75342   -255.02
2015.75616   -255.05
2015.75890   -255.08
2015.76164   -255.11
2015.76438   -255.14
2015.76712   -255.16
2015.76986   -255.19
2015.77260   -255.22
2015.77534   -255.25
2015.77808   -255.28
2015.78082   -255.31
2015.78356   -255.34
2015.78630   -255.37
2015.78904   -255.40
2015.79178   -255.43
2015.79452   -255.46
2015.79726   -255.49
2015.80000   -255.52
2015.80274   -255.54
2015.80548   -255.57
2015.80822   -255.60
2015.81096   -255.63
2015.81370   -255.66
2015.81644   -255.69
2015.81918   -255.72
2015.82192   -255.75
2015.82466   -255.78
2015.82740   -255.81
2015.83014   -255.84
2015.83288   -255.87
2015.83562   -255.90
2015.83836   -255.92
2015.84110   -255.95
2015.84384   -255.98
2015.84658   -256.01
2015.84932   -256.04
2015.85205   -256.07
2015.85479   -256.10
2015.86027   -256.16
2015.86301   -256.19
2015.86575   -256.22
2015.86849   -256.25
2015.87123   -256.27
2015.87397   -256.30
2015.87671   -256.33
2015.87945   -256.36
2015.88219   -256.39
2015.88493   -256.42
2015.88767   -256.45
2015.89041   -256.48
2015.89315   -256.51
2015.89589   -256.54
2015.89863   -256.57
2015.90137   -256.60
2015.90411   -256.63
2015.90685   -256.65
2015.90959   -256.68
2015.91233   -256.71
2015.91507   -256.74
2015.91781   -256.77
2015.92055   -256.80
2015.92329   -256.83
2015.92603   -256.86
2015.92877   -256.89
2015.93151   -256.92
2015.93425   -256.95
2015.93699   -256.98
2015.93973   -257.01
2015.94247   -257.03
2015.94521   -257.06
2015.94795   -257.09
2015.95068   -257.12
2015.95342   -257.15
2015.95616   -257.18
2015.95890   -257.21
2015.96164   -257.24
2015.96438   -257.27
2015.96712   -257.30
2015.96986   -257.33
2015.97260   -257.36
2015.97534   -257.38
2015.97808   -257.41
2015.98082   -257.44
2015.98356   -257.47
2015.98630   -257.50
2015.98904   -257.53
2015.99178   -257.56
2015.99452   -257.59
2015.99726   -257.62
2016.00000   -257.65
2016.00273   -257.68
2016.00546   -257.71
2016.00820   -257.74
2016.01093   -257.76
2016.01366   -257.79
2016.01639   -257.82
2016.01913   -257.85
2016.02186   -257.88
2016.02459   -257.91
2016.02732   -257.94
2016.03005   -257.97
2016.03279   -258.00
2016.03552   -258.03
2016.03825   -258.06
2016.04098   -258.08
2016.04372   -258.11
2016.04645   -258.14
2016.04918   -258.17
2016.05191   -258.20
2016.05464   -258.23
2016.05738   -258.26
2016.06011   -258.29
2016.06284   -258.32
2016.06557   -258.35
2016.06831   -258.38
2016.07104   -258.41
2016.07377   -258.43
2016.07650   -258.46
2016.07923   -258.49
2016.08197   -258.52
2016.08470   -258.55
2016.08743   -258.58
2016.09016   -258.61
2016.09290   -258.64
2016.09563   -258.67
2016.09836   -258.70
2016.10109   -258.73
2016.10383   -258.75
2016.10656   -258.78
2016.10929   -258.81
2016.11202   -258.84
2016.11475   -258.87
2016.11749   -258.90
2016.12022   -258.93
2016.12295   -258.96
2016.12568   -258.99
2016.12842   -259.02
2016.13115   -259.05
2016.13388   -259.08
2016.13661   -259.10
2016.13934   -259.13
2016.14208   -259.16
2016.14481   -259.19
2016.14754   -259.22
2016.15027   -259.25
2016.15301   -259.28
2016.15574   -259.31
2016.15847   -259.34
2016.16120   -259.37
2016.16393   -259.40
2016.16667   -259.42
2016.16940   -259.45
2016.17213   -259.48
2016.17486   -259.51
2016.17760   -259.54
2016.18033   -259.57
2016.18306   -259.60
2016.18579   -259.63
2016.18852   -259.66
2016.19126   -259.69
2016.19399   -259.72
2016.19672   -259.75
2016.19945   -259.77
2016.20219   -259.80
2016.20492   -259.83
2016.20765   -259.86
2016.21038   -259.89
2016.21311   -259.92
2016.21585   -259.95
2016.21858   -259.98
2016.22131   -260.01
2016.22404   -260.04
2016.22678   -260.07
2016.22951   -260.09
2016.23224   -260.12
2016.23497   -260.15
2016.23770   -260.18
2016.24044   -260.21
2016.24317   -260.24
2016.24590   -260.27
2016.24863   -260.30
2016.25137   -260.33
2016.25410   -260.36
2016.25683   -260.39
2016.25956   -260.42
2016.26230   -260.44
2016.26503   -260.47
2016.26776   -260.50
2016.27049   -260.53
2016.27322   -260.56
2016.27596   -260.59
2016.27869   -260.62
2016.28142   -260.65
2016.28415   -260.68
2016.28689   -260.71
2016.28962   -260.74
2016.29235   -260.76
2016.29508   -260.79
2016.29781   -260.82
2016.30055   -260.85
2016.30328   -260.88
2016.30601   -260.91
