2015.0000   -246.98583
2015.0027   -247.01504
2015.0055   -247.04425
2015.0082   -247.07346
2015.0110   -247.10267
2015.0137   -247.13188
2015.0164   -247.16110
2015.0192   -247.19031
2015.0219   -247.21952
2015.0247   -247.24873
2015.0274   -247.27794
2015.0301   -247.30715
2015.0329   -247.33636
2015.0356   -247.36557
2015.0384   -247.39478
2015.0411   -247.42399
2015.0438   -247.45321
2015.0466   -247.48242
2015.0493   -247.51163
2015.0521   -247.54084
2015.0548   -247.57005
2015.0575   -247.59926
2015.0603   -247.62847
2015.0630   -247.65768
2015.0658   -247.68689
2015.0685   -247.71610
2015.0712   -247.74531
2015.0740   -247.77453
2015.0767   -247.80374
2015.0795   -247.83295
2015.0822   -247.86216
2015.0849   -247.89137
2015.0877   -247.92058
2015.0904   -247.94979
2015.0932   -247.97900
2015.0959   -248.00821
2015.0986   -248.03742
2015.1014   -248.06664
2015.1041   -248.09585
2015.1068   -248.12506
2015.1096   -248.15427
2015.1123   -248.18348
2015.1151   -248.21269
2015.1178   -248.24190
2015.1205   -248.27111
2015.1233   -248.30032
2015.1260   -248.32953
2015.1288   -248.35875
2015.1315   -248.38796
2015.1342   -248.41717
2015.1370   -248.44638
2015.1397   -248.47559
2015.1425   -248.50480
2015.1452   -248.53401
2015.1479   -248.56322
2015.1507   -248.59243
2015.1534   -248.62164
2015.1562   -248.65085
2015.1589   -248.68007
2015.1616   -248.70928
2015.1644   -248.73849
2015.1671   -248.76770
2015.1699   -248.79691
2015.1726   -248.82612
2015.1753   -248.85533
2015.1781   -248.88454
2015.1808   -248.91375
2015.1836   -248.94296
2015.1863   -248.97218
2015.1890   -249.00139
2015.1918   -249.03060
2015.1945   -249.05981
2015.1973   -249.08902
2015.2000   -249.11823
2015.2027   -249.14744
2015.2055   -249.17665
2015.2082   -249.20586
2015.2110   -249.23507
2015.2137   -249.26429
2015.2164   -249.29350
2015.2192   -249.32271
2015.2219   -249.35192
2015.2247   -249.38113
2015.2274   -249.41034
2015.2301   -249.43955
2015.2329   -249.46876
2015.2356   -249.49797
2015.2384   -249.52718
2015.2411   -249.55639
2015.2438   -249.58561
2015.2466   -249.61482
2015.2493   -249.64403
2015.2521   -249.67324
2015.2548   -249.70245
2015.2575   -249.73166
2015.2603   -249.76087
2015.2630   -249.79008
2015.2658   -249.81929
2015.2685   -249.84850
2015.2712   -249.87772
2015.2740   -249.90693
2015.2767   -249.93614
2015.2795   -249.96535
2015.2822   -249.99456
2015.2849   -250.02377
2015.2877   -250.05298
2015.2904   -250.08219
2015.2932   -250.11140
2015.2959   -250.14061
2015.2986   -250.16982
2015.3014   -250.19904
2015.3041   -250.22825
2015.3068   -250.25746
2015.3096   -250.28667
2015.3123   -250.31588
2015.3151   -250.34509
2015.3178   -250.37430
2015.3205   -250.40351
2015.3233   -250.43272
2015.3260   -250.46193
2015.3288   -250.49115
2015.3315   -250.52036
2015.3342   -250.54957
2015.3370   -250.57878
2015.3397   -250.60799
2015.3425   -250.63720
2015.3452   -250.66641
2015.3479   -250.69562
2015.3507   -250.72483
2015.3534   -250.75404
2015.3562   -250.78326
2015.3589   -250.81247
2015.3616   -250.84168
2015.3644   -250.87089
2015.3671   -250.90010
2015.3699   -250.92931
2015.3726   -250.95852
2015.3753   -250.98773
2015.3781   -251.01694
2015.3808   -251.04615
2015.3836   -251.07536
2015.3863   -251.10458
2015.3890   -251.13379
2015.3918   -251.16300
2015.3945   -251.19221
2015.3973   -251.22142
2015.4000   -251.25063
2015.4027   -251.27984
2015.4055   -251.30905
2015.4082   -251.33826
2015.4110   -251.36747
2015.4137   -251.39669
2015.4164   -251.42590
2015.4192   -251.45511
2015.4219   -251.48432
2015.4247   -251.51353
2015.4274   -251.54274
2015.4301   -251.57195
2015.4329   -251.60116
2015.4356   -251.63037
2015.4384   -251.65958
2015.4411   -251.68880
2015.4438   -251.71801
2015.4466   -251.74722
2015.4493   -251.77643
2015.4521   -251.80564
2015.4548   -251.83485
2015.4575   -251.86406
2015.4603   -251.89327
2015.4630   -251.92248
2015.4658   -251.95169
2015.4685   -251.98090
2015.4712   -252.01012
2015.4740   -252.03933
2015.4767   -252.06854
2015.4795   -252.09775
2015.4822   -252.12696
2015.4849   -252.15617
2015.4877   -252.18538
2015.4904   -252.21459
2015.4932   -252.24380
2015.4959   -252.27301
2015.4986   -252.30223
2015.5014   -252.33144
2015.5041   -252.36065
2015.5068   -252.38986
2015.5096   -252.41907
2015.5123   -252.44828
2015.5151   -252.47749
2015.5178   -252.50670
2015.5205   -252.53591
2015.5233   -252.56512
2015.5260   -252.59434
2015.5288   -252.62355
2015.5315   -252.65276
2015.5342   -252.68197
2015.5370   -252.71118
2015.5397   -252.74039
2015.5425   -252.76960
2015.5452   -252.79881
2015.5479   -252.82802
2015.5507   -252.85723
2015.5534   -252.88644
2015.5562   -252.91566
2015.5589   -252.94487
2015.5616   -252.97408
2015.5644   -253.00329
2015.5671   -253.03250
2015.5699   -253.06171
2015.5726   -253.09092
2015.5753   -253.12013
2015.5781   -253.14934
2015.5808   -253.17855
2015.5836   -253.20777
2015.5863   -253.23698
2015.5890   -253.26619
2015.5918   -253.29540
2015.5945   -253.32461
2015.5973   -253.35382
2015.6000   -253.38303
2015.6027   -253.41224
2015.6055   -253.44145
2015.6082   -253.47066
2015.6110   -253.49987
2015.6137   -253.52909
2015.6164   -253.55830
2015.6192   -253.58751
2015.6219   -253.61672
2015.6247   -253.64593
2015.6274   -253.67514
2015.6301   -253.70435
2015.6329   -253.73356
2015.6356   -253.76277
2015.6384   -253.79198
2015.6411   -253.82120
2015.6438   -253.85041
2015.6466   -253.87962
2015.6493   -253.90883
2015.6521   -253.93804
2015.6548   -253.96725
2015.6575   -253.99646
2015.6603   -254.02567
2015.6630   -254.05488
2015.6658   -254.08409
2015.6685   -254.11331
2015.6712   -254.14252
2015.6740   -254.17173
2015.6767   -254.20094
2015.6795   -254.23015
2015.6822   -254.25936
2015.6849   -254.28857
2015.6877   -254.31778
2015.6904   -254.34699
2015.6932   -254.37620
2015.6959   -254.40541
2015.6986   -254.43463
2015.7014   -254.46384
2015.7041   -254.49305
2015.7068   -254.52226
2015.7096   -254.55147
2015.7123   -254.58068
2015.7151   -254.60989
2015.7178   -254.63910
2015.7205   -254.66831
2015.7233   -254.69752
2015.7260   -254.72674
2015.7288   -254.75595
2015.7315   -254.78516
2015.7342   -254.81437
2015.7370   -254.84358
2015.7397   -254.87279
2015.7425   -254.90200
2015.7452   -254.93121
2015.7479   -254.96042
2015.7507   -254.98963
2015.7534   -255.01885
2015.7562   -255.04806
2015.7589   -255.07727
2015.7616   -255.10648
2015.7644   -255.13569
2015.7671   -255.16490
2015.7699   -255.19411
2015.7726   -255.22332
2015.7753   -255.25253
2015.7781   -255.28174
2015.7808   -255.31095
2015.7836   -255.34017
2015.7863   -255.36938
2015.7890   -255.39859
2015.7918   -255.42780
2015.7945   -255.45701
2015.7973   -255.48622
2015.8000   -255.51543
2015.8027   -255.54464
2015.8055   -255.57385
2015.8082   -255.60306
2015.8110   -255.63228
2015.8137   -255.66149
2015.8164   -255.69070
2015.8192   -255.71991
2015.8219   -255.74912
2015.8247   -255.77833
2015.8274   -255.80754
2015.8301   -255.83675
2015.8329   -255.86596
2015.8356   -255.89517
2015.8384   -255.92439
2015.8411   -255.95360
2015.8438   -255.98281
2015.8466   -256.01202
2015.8493   -256.04123
2015.8521   -256.07044
2015.8548   -256.09965
2015.8575   -256.12886
2015.8603   -256.15807
2015.8630   -256.18728
2015.8658   -256.21649
2015.8685   -256.24571
2015.8712   -256.27492
2015.8740   -256.30413
2015.8767   -256.33334
2015.8795   -256.36255
2015.8822   -256.39176
2015.8849   -256.42097
2015.8877   -256.45018
2015.8904   -256.47939
2015.8932   -256.50860
2015.8959   -256.53782
2015.8986   -256.56703
2015.9014   -256.59624
2015.9041   -256.62545
2015.9068   -256.65466
2015.9096   -256.68387
2015.9123   -256.71308
2015.9151   -256.74229
2015.9178   -256.77150
2015.9205   -256.80071
2015.9233   -256.82992
2015.9260   -256.85914
2015.9288   -256.88835
2015.9315   -256.91756
2015.9342   -256.94677
2015.9370   -256.97598
2015.9397   -257.00519
2015.9425   -257.03440
2015.9452   -257.06361
2015.9479   -257.09282
2015.9507   -257.12203
2015.9534   -257.15125
2015.9562   -257.18046
2015.9589   -257.20967
2015.9616   -257.23888
2015.9644   -257.26809
2015.9671   -257.29730
2015.9699   -257.32651
2015.9726   -257.35572
2015.9753   -257.38493
2015.9781   -257.41414
2015.9808   -257.44336
2015.9836   -257.47257
2015.9863   -257.50178
2015.9890   -257.53099
2015.9918   -257.56020
2015.9945   -257.58941
2015.9973   -257.61862
2016.0000   -257.64783
2016.0027   -257.67696
2016.0055   -257.70609
2016.0082   -257.73523
2016.0109   -257.76436
2016.0137   -257.79349
2016.0164   -257.82262
2016.0191   -257.85175
2016.0219   -257.88088
2016.0246   -257.91001
2016.0273   -257.93914
2016.0301   -257.96827
2016.0328   -257.99741
2016.0355   -258.02654
2016.0383   -258.05567
2016.0410   -258.08480
2016.0437   -258.11393
2016.0464   -258.14306
2016.0492   -258.17219
2016.0519   -258.20132
2016.0546   -258.23045
2016.0574   -258.25959
2016.0601   -258.28872
2016.0628   -258.31785
2016.0656   -258.34698
2016.0683   -258.37611
2016.0710   -258.40524
2016.0738   -258.43437
2016.0765   -258.46350
2016.0792   -258.49264
2016.0820   -258.52177
2016.0847   -258.55090
2016.0874   -258.58003
2016.0902   -258.60916
2016.0929   -258.63829
2016.0956   -258.66742
2016.0984   -258.69655
2016.1011   -258.72568
2016.1038   -258.75482
2016.1066   -258.78395
2016.1093   -258.81308
2016.1120   -258.84221
2016.1148   -258.87134
2016.1175   -258.90047
2016.1202   -258.92960
2016.1230   -258.95873
2016.1257   -258.98786
2016.1284   -259.01700
2016.1311   -259.04613
2016.1339   -259.07526
2016.1366   -259.10439
2016.1393   -259.13352
2016.1421   -259.16265
2016.1448   -259.19178
2016.1475   -259.22091
2016.1503   -259.25005
2016.1530   -259.27918
2016.1557   -259.30831
2016.1585   -259.33744
2016.1612   -259.36657
2016.1639   -259.39570
2016.1667   -259.42483
2016.1694   -259.45396
2016.1721   -259.48309
2016.1749   -259.51223
2016.1776   -259.54136
2016.1803   -259.57049
2016.1831   -259.59962
2016.1858   -259.62875
2016.1885   -259.65788
2016.1913   -259.68701
2016.1940   -259.71614
2016.1967   -259.74527
2016.1995   -259.77441
2016.2022   -259.80354
2016.2049   -259.83267
2016.2077   -259.86180
2016.2104   -259.89093
2016.2131   -259.92006
2016.2158   -259.94919
2016.2186   -259.97832
2016.2213   -260.00746
2016.2240   -260.03659
2016.2268   -260.06572
2016.2295   -260.09485
2016.2322   -260.12398
2016.2350   -260.15311
2016.2377   -260.18224
2016.2404   -260.21137
2016.2432   -260.24050
2016.2459   -260.26964
2016.2486   -260.29877
2016.2514   -260.32790
2016.2541   -260.35703
2016.2568   -260.38616
2016.2596   -260.41529
2016.2623   -260.44442
2016.2650   -260.47355
2016.2678   -260.50268
2016.2705   -260.53182
2016.2732   -260.56095
2016.2760   -260.59008
2016.2787   -260.61921
2016.2814   -260.64834
2016.2842   -260.67747
2016.2869   -260.70660
2016.2896   -260.73573
2016.2923   -260.76486
2016.2951   -260.79400
2016.2978   -260.82313
2016.3005   -260.85226
2016.3033   -260.88139
