2015.00000 -246.50    2.42                          
2015.00274 -249.21    2.40                          
2015.00548 -244.97    2.52                          
2015.00822 -247.48    2.42                          
2015.01096 -245.30    2.47                          
2015.01370 -245.18    2.44                          
2015.01644 -246.85    2.59                          
2015.01918 -247.38    2.73                          
2015.02192 -245.13    2.85                          
2015.02466 -248.85    2.36                          
2015.02740 -247.40    2.45                          
2015.03014 -247.01    2.28                          
2015.03288 -245.77    2.39                          
2015.03562 -245.43    2.95                          
2015.03836 -248.39    2.46                          
2015.04110 -248.03    2.36                          
2015.04384 -248.60    2.48                          
2015.04658 -248.88    2.38                          
2015.04932 -248.76    2.40                          
2015.05205 -246.27    2.55                          
2015.05479 -245.52    2.64                          
2015.05753 -248.82    2.73                          
2015.06027 -248.48    2.59                          
2015.06301 -245.63    3.10                          
2015.06575 -244.98    2.70                          
2015.06849 -246.26    2.32                          
2015.07123 -248.23    2.37                          
2015.07397 -249.51    2.36                          
2015.07671 -249.31    2.19                          
2015.07945 -247.27    2.63                          
2015.08219 -248.55    2.42                          
2015.08493 -249.15    2.49                          
2015.08767 -246.87    2.27                          
2015.09041 -247.29    2.44                          
2015.09315 -246.95    2.61                          
2015.09589 -245.48    2.42                          
2015.09863 -246.07    2.33                          
2015.10137 -245.91    2.24                          
2015.10411 -248.12    2.59                          
2015.10685 -247.02    2.20                          
2015.10959 -247.51    2.29                          
2015.11233 -245.91    2.31                          
2015.11507 -244.31    2.54                          
2015.11781 -247.06    2.37                          
2015.12055 -245.09    2.47                          
2015.12329 -248.14    2.74                          
2015.12603 -244.24    3.03                          
2015.12877 -246.29    2.87                          
2015.13151 -246.94    2.30                          
2015.13425 -248.15    2.28                          
2015.13699 -248.52    2.38                          
2015.13973 -246.72    2.48                          
2015.14247 -245.64    3.18                          
2015.14521 -246.90    2.57                          
2015.14795 -246.90    3.17                          
2015.15068 -245.95    2.76                          
2015.15342 -245.74    3.03                          
2015.15616 -250.45    2.89                          
2015.15890 -245.16    2.92                          
2015.16164 -246.59    2.94                          
2015.16438 -248.13    2.53                          
2015.16712 -245.93    2.89                          
2015.16986 -246.66    2.64                          
2015.17260 -247.20    3.44                          
2015.17534 -248.31    2.81                          
2015.17808 -249.51    3.06                          
2015.18082 -247.73    2.19                          
2015.18356 -245.76    3.26                          
2015.18630 -245.53    2.97                          
2015.18904 -249.66    2.84                          
2015.19178 -246.28    3.09                          
2015.19452 -250.08    2.69                          
2015.19726 -247.47    2.65                          
2015.20000 -249.84    3.08                          
2015.20274 -250.07    2.56                          
2015.20548 -249.06    2.60                          
2015.20822 -247.93    2.73                          
2015.21096 -245.30    2.82                          
2015.21370 -247.00    2.93                          
2015.21644 -249.79    2.52                          
2015.21918 -248.94    2.82                          
2015.22192 -249.44    2.89                          
2015.22466 -248.54    3.61                          
2015.22740 -246.80    3.11                          
2015.23014 -247.72    3.06                          
2015.23288 -248.30    3.16                          
2015.23562 -250.33    2.68                          
2015.23836 -250.66    2.87                          
2015.24110 -251.36    2.86                          
2015.24384 -250.07    2.72                          
2015.24658 -247.28    2.64                          
2015.24932 -249.22    3.08                          
2015.25205 -247.66    3.20                          
2015.25479 -249.63    3.27                          
2015.25753 -248.94    3.58                          
2015.26027 -246.55    3.76                          
2015.26301 -245.45    3.40                          
2015.26575 -252.01    3.35                          
2015.26849 -251.80    2.85                          
2015.27123 -254.24    2.58                          
2015.27397 -248.93    3.06                          
2015.27671 -246.68    3.38                          
2015.27945 -248.11    3.20                          
2015.28219 -251.16    3.09                          
2015.28493 -249.03    2.72                          
2015.28767 -249.69    3.69                          
2015.29041 -248.25    3.55                          
2015.29315 -248.29    3.84                          
2015.29589 -251.96    3.86                          
2015.29863 -251.27    3.81                          
2015.30137 -248.36    4.41                          
2015.30411 -249.01    3.12                          
2015.30685 -251.84    3.34                          
2015.30959 -250.84    3.25                          
2015.31233 -250.86    3.07                          
2015.31507 -251.66    2.64                          
2015.31781 -252.02    3.10                          
2015.32055 -252.46    3.28                          
2015.32329 -251.98    3.64                          
2015.32603 -253.19    3.39                          
2015.32877 -251.94    2.93                          
2015.33151 -253.97    3.01                          
2015.33425 -253.01    3.59                          
2015.33699 -252.38    4.00                          
2015.33973 -252.44    3.52                          
2015.34247 -255.23    3.51                          
2015.34521 -252.02    2.83                          
2015.34795 -252.62    3.40                          
2015.35068 -255.12    3.46                          
2015.35342 -256.16    4.47                          
2015.35616 -253.13    4.01                          
2015.35890 -252.76    3.82                          
2015.36164 -249.55    3.94                          
2015.36438 -253.49    3.09                          
2015.36712 -252.73    3.54                          
2015.36986 -252.53    4.20                          
2015.37260 -253.55    3.67                          
2015.37534 -252.54    4.29                          
2015.37808 -254.94    3.52                          
2015.38082 -252.44    3.01                          
2015.38356 -254.26    2.92                          
2015.38630 -254.35    2.92                          
2015.38904 -253.05    3.34                          
2015.39178 -253.83    3.41                          
2015.39452 -255.73    2.61                          
2015.39726 -254.55    3.17                          
2015.40000 -250.17    3.00                          
2015.40274 -254.52    2.80                          
2015.40548 -255.81    3.03                          
2015.40822 -253.48    2.73                          
2015.41096 -253.36    3.64                          
2015.41370 -254.72    3.84                          
2015.41644 -255.95    3.27                          
2015.41918 -253.87    4.01                          
2015.42192 -253.57    3.71                          
2015.42466 -254.01    3.60                          
2015.42740 -253.50    4.06                          
2015.43014 -252.62    3.21                          
2015.43288 -254.30    4.00                          
2015.43562 -253.90    3.76                          
2015.43836 -256.61    3.87                          
2015.44110 -256.06    3.51                          
2015.44384 -253.67    4.22                          
2015.44658 -253.99    4.04                          
2015.44932 -254.32    4.24                          
2015.45205 -254.73    5.27                          
2015.45479 -256.00    4.03                          
2015.45753 -254.60    4.50                          
2015.46027 -256.71    3.62                          
2015.46301 -253.63    3.70                          
2015.46575 -249.44    4.38                          
2015.46849 -252.77    3.92                          
2015.47123 -259.53    4.70                          
2015.47397 -257.58    4.17                          
2015.47671 -252.18    3.61                          
2015.47945 -258.59    4.58                          
2015.48219 -252.12    3.76                          
2015.48493 -255.26    3.60                          
2015.48767 -255.29    4.21                          
2015.49041 -255.05    3.53                          
2015.49315 -254.72    3.49                          
2015.49589 -257.48    3.76                          
2015.49863 -254.41    3.71                          
2015.50137 -255.08    5.05                          
2015.50411 -253.90    4.38                          
2015.50685 -253.63    6.67                          
2015.50959 -252.35    3.90                          
2015.51233 -253.34    3.73                          
2015.51507 -255.14    3.86                          
2015.51781 -254.66    4.94                          
2015.52055 -250.62    4.41                          
2015.52329 -249.86    3.95                          
2015.52603 -252.09    3.27                          
2015.52877 -252.03    4.33                          
2015.53151 -256.55    3.83                          
2015.53425 -255.01    3.17                          
2015.53699 -250.50    3.74                          
2015.53973 -252.01    3.21                          
2015.54247 -251.98    3.50                          
2015.54521 -250.19    3.77                          
2015.54795 -252.78    4.08                          
2015.55068 -256.99    3.21                          
2015.55342 -252.58    3.76                          
2015.55616 -254.07    3.50                          
2015.55890 -252.67    3.62                          
2015.56164 -255.29    3.94                          
2015.56438 -256.11    3.68                          
2015.56712 -253.57    3.89                          
2015.56986 -257.26    4.31                          
2015.57260 -259.34    4.31                          
2015.57534 -252.12    3.90                          
2015.57808 -255.88    4.36                          
2015.58082 -252.19    4.29                          
2015.58356 -249.90    4.04                          
2015.58630 -250.94    4.09                          
2015.58904 -252.88    3.12                          
2015.59178 -255.04    3.61                          
2015.59452 -251.57    3.95                          
2015.59726 -252.97    4.53                          
2015.60000 -252.58    4.58                          
2015.60274 -250.60    4.88                          
2015.60548 -250.65    4.82                          
2015.60822 -251.99    4.54                          
2015.61096 -253.25    4.05                          
2015.61370 -250.37    4.07                          
2015.61644 -253.64    4.02                          
2015.61918 -249.78    3.49                          
2015.62192 -252.72    3.50                          
2015.62466 -250.27    3.59                          
2015.62740 -247.68    3.46                          
2015.63014 -250.66    4.34                          
2015.63288 -250.46    3.78                          
2015.63562 -248.65    3.73                          
2015.63836 -252.91    4.60                          
2015.64110 -248.73    4.39                          
2015.64384 -250.94    4.09                          
2015.64658 -251.68    3.95                          
2015.64932 -250.11    4.11                          
2015.65205 -251.43    3.40                          
2015.65479 -252.79    3.33                          
2015.65753 -254.66    3.40                          
2015.66027 -251.99    3.17                          
2015.66301 -252.91    3.08                          
2015.66575 -252.43    3.06                          
2015.66849 -252.22    3.58                          
2015.67123 -258.39    3.20                          
2015.67397 -255.11    3.09                          
2015.67671 -251.27    3.11                          
2015.67945 -253.68    3.11                          
2015.68219 -253.30    4.14                          
2015.68493 -253.05    3.98                          
2015.68767 -253.73    3.46                          
2015.69041 -253.92    3.49                          
2015.69315 -254.30    3.07                          
2015.69589 -250.41    3.44                          
2015.69863 -255.64    3.71                          
2015.70137 -253.94    3.74                          
2015.70411 -252.67    3.98                          
2015.70685 -253.02    3.48                          
2015.70959 -257.42    3.70                          
2015.71233 -257.50    3.11                          
2015.71507 -257.61    2.87                          
2015.71781 -254.36    2.66                          
2015.72055 -253.75    2.94                          
2015.72329 -255.27    2.67                          
2015.72603 -256.91    2.80                          
2015.72877 -257.41    2.97                          
2015.73151 -254.89    3.15                          
2015.73425 -254.00    3.19                          
2015.73699 -256.17    3.21                          
2015.73973 -255.40    3.88                          
2015.74247 -251.73    5.94                          
2015.74521 -251.22    5.10                          
2015.74795 -256.32    3.76                          
2015.75068 -253.19    4.86                          
2015.75342 -255.99    3.54                          
2015.75616 -254.07    3.59                          
2015.75890 -249.19    3.62                          
2015.76164 -253.93    3.25                          
2015.76438 -257.52    3.25                          
2015.76712 -255.84    2.88                          
2015.76986 -258.64    3.99                          
2015.77260 -256.35    3.13                          
2015.77534 -256.37    3.36                          
2015.77808 -255.88    3.23                          
2015.78082 -258.95    3.10                          
2015.78356 -256.41    2.92                          
2015.78630 -258.35    3.00                          
2015.78904 -257.61    3.06                          
2015.79178 -256.99    3.16                          
2015.79452 -257.22    3.58                          
2015.79726 -255.12    3.25                          
2015.80000 -251.62    4.48                          
2015.80274 -256.49    3.30                          
2015.80548 -256.35    4.07                          
2015.80822 -256.40    3.60                          
2015.81096 -254.53    3.20                          
2015.81370 -254.17    3.23                          
2015.81644 -255.51    2.86                          
2015.81918 -255.06    2.87                          
2015.82192 -257.95    3.06                          
2015.82466 -254.66    3.07                          
2015.82740 -255.29    3.08                          
2015.83014 -257.77    3.61                          
2015.83288 -256.43    3.63                          
2015.83562 -256.43    3.30                          
2015.83836 -254.80    3.32                          
2015.84110 -256.87    3.99                          
2015.84384 -253.61    3.59                          
2015.84658 -250.35    3.02                          
2015.84932 -253.26    3.44                          
2015.85205 -255.66    3.62                          
2015.85479 -252.06    3.26                          
2015.86027 -254.35    2.99                          
2015.86301 -253.63    3.18                          
2015.86575 -258.31    2.83                          
2015.86849 -256.68    2.91                          
2015.87123 -254.02    2.90                          
2015.87397 -254.24    2.94                          
2015.87671 -256.09    2.86                          
2015.87945 -255.52    2.77                          
2015.88219 -254.40    3.12                          
2015.88493 -252.41    3.79                          
2015.88767 -249.73    4.55                          
2015.89041 -255.13    3.22                          
2015.89315 -253.45    3.59                          
2015.89589 -253.84    3.07                          
2015.89863 -256.03    6.21                          
2015.90137 -253.12    3.09                          
2015.90411 -251.97    2.83                          
2015.90685 -254.46    2.70                          
2015.90959 -253.13    2.98                          
2015.91233 -256.82    2.57                          
2015.91507 -255.23    2.93                          
2015.91781 -256.78    3.00                          
2015.92055 -256.24    2.82                          
2015.92329 -255.14    2.86                          
2015.92603 -255.97    2.82                          
2015.92877 -255.81    3.26                          
2015.93151 -254.95    2.87                          
2015.93425 -255.09    2.83                          
2015.93699 -254.87    2.56                          
2015.93973 -256.60    3.31                          
2015.94247 -255.88    3.42                          
2015.94521 -259.30    3.37                          
2015.94795 -254.47    3.23                          
2015.95068 -255.95    2.76                          
2015.95342 -255.92    2.89                          
2015.95616 -258.07    2.28                          
2015.95890 -255.29    2.33                          
2015.96164 -255.81    2.54                          
2015.96438 -255.90    2.15                          
2015.96712 -254.63    2.36                          
2015.96986 -255.72    2.71                          
2015.97260 -257.44    2.47                          
2015.97534 -256.90    2.38                          
2015.97808 -256.25    2.35                          
2015.98082 -256.79    2.68                          
2015.98356 -258.17    2.50                          
2015.98630 -257.42    2.36                          
2015.98904 -255.52    2.91                          
2015.99178 -257.83    2.33                          
2015.99452 -258.85    2.22                          
2015.99726 -257.13    2.15                          
2016.00000 -256.96    2.14                          
2016.00273 -256.63    2.18                          
2016.00546 -258.71    2.78                          
2016.00820 -255.65    3.24                          
2016.01093 -256.19    2.75                          
2016.01366 -258.56    2.74                          
2016.01639 -259.57    2.52                          
2016.01913 -259.46    2.48                          
2016.02186 -260.21    2.34                          
2016.02459 -257.79    2.28                          
2016.02732 -257.51    2.51                          
2016.03005 -256.80    2.65                          
2016.03279 -258.91    2.59                          
2016.03552 -258.13    2.28                          
2016.03825 -258.39    2.46                          
2016.04098 -259.19    2.64                          
2016.04372 -260.45    2.82                          
2016.04645 -258.43    2.83                          
2016.04918 -256.62    2.43                          
2016.05191 -257.23    2.89                          
2016.05464 -259.04    2.38                          
2016.05738 -259.05    2.27                          
2016.06011 -257.40    2.26                          
2016.06284 -257.39    2.47                          
2016.06557 -257.61    2.75                          
2016.06831 -258.45    2.48                          
2016.07104 -257.76    2.47                          
2016.07377 -256.90    2.23                          
2016.07650 -258.31    2.73                          
2016.07923 -258.25    3.17                          
2016.08197 -257.40    2.43                          
2016.08470 -254.84    2.35                          
2016.08743 -255.64    2.47                          
2016.09016 -256.42    2.27                          
2016.09290 -257.21    2.28                          
2016.09563 -260.52    2.65                          
2016.09836 -258.04    2.35                          
2016.10109 -258.35    2.18                          
2016.10383 -259.13    2.45                          
2016.10656 -258.69    2.31                          
2016.10929 -256.97    2.45                          
2016.11202 -257.94    2.35                          
2016.11475 -259.08    2.67                          
2016.11749 -257.48    2.46                          
2016.12022 -258.28    2.83                          
2016.12295 -256.54    2.56                          
2016.12568 -259.25    2.44                          
2016.12842 -259.73    2.38                          
2016.13115 -258.86    2.33                          
2016.13388 -257.02    2.39                          
2016.13661 -258.43    2.30                          
2016.13934 -259.35    2.40                          
2016.14208 -258.98    2.49                          
2016.14481 -259.58    2.27                          
2016.14754 -257.96    2.26                          
2016.15027 -259.55    2.64                          
2016.15301 -261.43    2.35                          
2016.15574 -257.64    2.38                          
2016.15847 -257.63    2.71                          
2016.16120 -260.01    2.98                          
2016.16393 -256.85    2.65                          
2016.16667 -257.73    2.35                          
2016.16940 -257.77    2.82                          
2016.17213 -258.06    3.12                          
2016.17486 -256.80    2.81                          
2016.17760 -256.94    2.97                          
2016.18033 -259.16    2.57                          
2016.18306 -258.02    2.86                          
2016.18579 -259.92    3.91                          
2016.18852 -256.22    3.19                          
2016.19126 -259.84    3.06                          
2016.19399 -257.00    2.51                          
2016.19672 -259.73    2.92                          
2016.19945 -258.88    3.57                          
2016.20219 -258.97    3.20                          
2016.20492 -263.22    3.30                          
2016.20765 -262.10    2.82                          
2016.21038 -261.21    3.04                          
2016.21311 -262.95    3.34                          
2016.21585 -260.49    3.10                          
2016.21858 -262.24    2.64                          
2016.22131 -260.19    2.54                          
2016.22404 -261.96    2.59                          
2016.22678 -260.73    3.29                          
2016.22951 -261.25    2.31                          
2016.23224 -261.26    2.56                          
2016.23497 -262.70    2.33                          
2016.23770 -262.83    2.44                          
2016.24044 -260.32    2.89                          
2016.24317 -262.94    2.76                          
2016.24590 -261.93    2.78                          
2016.24863 -259.96    3.08                          
2016.25137 -262.13    2.55                          
2016.25410 -260.28    3.31                          
2016.25683 -261.31    2.92                          
2016.25956 -259.98    2.76                          
2016.26230 -263.88    2.89                          
2016.26503 -261.64    2.61                          
2016.26776 -264.61    2.80                          
2016.27049 -261.50    2.88                          
2016.27322 -263.20    2.67                          
2016.27596 -264.73    2.78                          
2016.27869 -264.34    2.48                          
2016.28142 -264.29    2.67                          
2016.28415 -261.42    2.79                          
2016.28689 -261.01    3.34                          
2016.28962 -263.97    2.91                          
2016.29235 -262.42    3.49                          
2016.29508 -262.94    3.29                          
2016.29781 -262.21    2.82                          
2016.30055 -260.17    2.77                          
2016.30328 -263.61    2.49                          
2016.30601 -262.07    2.54                          