2015.00000    653.33
2015.00274    653.43
2015.00548    653.53
2015.00822    653.63
2015.01096    653.74
2015.01370    653.84
2015.01644    653.94
2015.01918    654.04
2015.02192    654.14
2015.02466    654.24
2015.02740    654.34
2015.03014    654.44
2015.03288    654.54
2015.03562    654.64
2015.03836    654.74
2015.04110    654.84
2015.04384    654.95
2015.04658    655.05
2015.04932    655.15
2015.05205    655.25
2015.05479    655.35
2015.05753    655.45
2015.06027    655.55
2015.06301    655.65
2015.06575    655.75
2015.06849    655.85
2015.07123    655.95
2015.07397    656.05
2015.07671    656.16
2015.07945    656.26
2015.08219    656.36
2015.08493    656.46
2015.08767    656.56
2015.09041    656.66
2015.09315    656.76
2015.09589    656.86
2015.09863    656.96
2015.10137    657.06
2015.10411    657.16
2015.10685    657.27
2015.10959    657.37
2015.11233    657.47
2015.11507    657.57
2015.11781    657.67
2015.12055    657.77
2015.12329    657.87
2015.12603    657.97
2015.12877    658.07
2015.13151    658.17
2015.13425    658.27
2015.13699    658.37
2015.13973    658.48
2015.14247    658.58
2015.14521    658.68
2015.14795    658.78
2015.15068    658.88
2015.15342    658.98
2015.15616    659.08
2015.15890    659.18
2015.16164    659.28
2015.16438    659.38
2015.16712    659.48
2015.16986    659.58
2015.17260    659.69
2015.17534    659.79
2015.17808    659.89
2015.18082    659.99
2015.18356    660.09
2015.18630    660.19
2015.18904    660.29
2015.19178    660.39
2015.19452    660.49
2015.19726    660.59
2015.20000    660.69
2015.20274    660.80
2015.20548    660.90
2015.20822    661.00
2015.21096    661.10
2015.21370    661.20
2015.21644    661.30
2015.21918    661.40
2015.22192    661.50
2015.22466    661.60
2015.22740    661.70
2015.23014    661.80
2015.23288    661.91
2015.23562    662.01
2015.23836    662.11
2015.24110    662.21
2015.24384    662.31
2015.24658    662.41
2015.24932    662.51
2015.25205    662.61
2015.25479    662.71
2015.25753    662.81
2015.26027    662.91
2015.26301    663.01
2015.26575    663.12
2015.26849    663.22
2015.27123    663.32
2015.27397    663.42
2015.27671    663.52
2015.27945    663.62
2015.28219    663.72
2015.28493    663.82
2015.28767    663.92
2015.29041    664.02
2015.29315    664.12
2015.29589    664.22
2015.29863    664.33
2015.30137    664.43
2015.30411    664.53
2015.30685    664.63
2015.30959    664.73
2015.31233    664.83
2015.31507    664.93
2015.31781    665.03
2015.32055    665.13
2015.32329    665.23
2015.32603    665.33
2015.32877    665.44
2015.33151    665.54
2015.33425    665.64
2015.33699    665.74
2015.33973    665.84
2015.34247    665.94
2015.34521    666.04
2015.34795    666.14
2015.35068    666.24
2015.35342    666.34
2015.35616    666.44
2015.35890    666.54
2015.36164    666.65
2015.36438    666.75
2015.36712    666.85
2015.36986    666.95
2015.37260    667.05
2015.37534    667.15
2015.37808    667.25
2015.38082    667.35
2015.38356    667.45
2015.38630    667.55
2015.38904    667.65
2015.39178    667.76
2015.39452    667.86
2015.39726    667.96
2015.40000    668.06
2015.40274    668.16
2015.40548    668.26
2015.40822    668.36
2015.41096    668.46
2015.41370    668.56
2015.41644    668.66
2015.41918    668.76
2015.42192    668.86
2015.42466    668.97
2015.42740    669.07
2015.43014    669.17
2015.43288    669.27
2015.43562    669.37
2015.43836    669.47
2015.44110    669.57
2015.44384    669.67
2015.44658    669.77
2015.44932    669.87
2015.45205    669.97
2015.45479    670.07
2015.45753    670.18
2015.46027    670.28
2015.46301    670.38
2015.46575    670.48
2015.46849    670.58
2015.47123    670.68
2015.47397    670.78
2015.47671    670.88
2015.47945    670.98
2015.48219    671.08
2015.48493    671.18
2015.48767    671.29
2015.49041    671.39
2015.49315    671.49
2015.49589    671.59
2015.49863    671.69
2015.50137    671.79
2015.50411    671.89
2015.50685    671.99
2015.50959    672.09
2015.51233    672.19
2015.51507    672.29
2015.51781    672.39
2015.52055    672.50
2015.52329    672.60
2015.52603    672.70
2015.52877    672.80
2015.53151    672.90
2015.53425    673.00
2015.53699    673.10
2015.53973    673.20
2015.54247    673.30
2015.54521    673.40
2015.54795    673.50
2015.55068    673.60
2015.55342    673.71
2015.55616    673.81
2015.55890    673.91
2015.56164    674.01
2015.56438    674.11
2015.56712    674.21
2015.56986    674.31
2015.57260    674.41
2015.57534    674.51
2015.57808    674.61
2015.58082    674.71
2015.58356    674.82
2015.58630    674.92
2015.58904    675.02
2015.59178    675.12
2015.59452    675.22
2015.59726    675.32
2015.60000    675.42
2015.60274    675.52
2015.60548    675.62
2015.60822    675.72
2015.61096    675.82
2015.61370    675.93
2015.61644    676.03
2015.61918    676.13
2015.62192    676.23
2015.62466    676.33
2015.62740    676.43
2015.63014    676.53
2015.63288    676.63
2015.63562    676.73
2015.63836    676.83
2015.64110    676.93
2015.64384    677.03
2015.64658    677.14
2015.64932    677.24
2015.65205    677.34
2015.65479    677.44
2015.65753    677.54
2015.66027    677.64
2015.66301    677.74
2015.66575    677.84
2015.66849    677.94
2015.67123    678.04
2015.67397    678.14
2015.67671    678.24
2015.67945    678.35
2015.68219    678.45
2015.68493    678.55
2015.68767    678.65
2015.69041    678.75
2015.69315    678.85
2015.69589    678.95
2015.69863    679.05
2015.70137    679.15
2015.70411    679.25
2015.70685    679.35
2015.70959    679.46
2015.71233    679.56
2015.71507    679.66
2015.71781    679.76
2015.72055    679.86
2015.72329    679.96
2015.72603    680.06
2015.72877    680.16
2015.73151    680.26
2015.73425    680.36
2015.73699    680.46
2015.73973    680.56
2015.74247    680.67
2015.74521    680.77
2015.74795    680.87
2015.75068    680.97
2015.75342    681.07
2015.75616    681.17
2015.75890    681.27
2015.76164    681.37
2015.76438    681.47
2015.76712    681.57
2015.76986    681.67
2015.77260    681.77
2015.77534    681.88
2015.77808    681.98
2015.78082    682.08
2015.78356    682.18
2015.78630    682.28
2015.78904    682.38
2015.79178    682.48
2015.79452    682.58
2015.79726    682.68
2015.80000    682.78
2015.80274    682.88
2015.80548    682.99
2015.80822    683.09
2015.81096    683.19
2015.81370    683.29
2015.81644    683.39
2015.81918    683.49
2015.82192    683.59
2015.82466    683.69
2015.82740    683.79
2015.83014    683.89
2015.83288    683.99
2015.83562    684.10
2015.83836    684.20
2015.84110    684.30
2015.84384    684.40
2015.84658    684.50
2015.84932    684.60
2015.85205    684.70
2015.85479    684.80
2015.86027    685.00
2015.86301    685.10
2015.86575    685.20
2015.86849    685.31
2015.87123    685.41
2015.87397    685.51
2015.87671    685.61
2015.87945    685.71
2015.88219    685.81
2015.88493    685.91
2015.88767    686.01
2015.89041    686.11
2015.89315    686.21
2015.89589    686.31
2015.89863    686.41
2015.90137    686.52
2015.90411    686.62
2015.90685    686.72
2015.90959    686.82
2015.91233    686.92
2015.91507    687.02
2015.91781    687.12
2015.92055    687.22
2015.92329    687.32
2015.92603    687.42
2015.92877    687.52
2015.93151    687.63
2015.93425    687.73
2015.93699    687.83
2015.93973    687.93
2015.94247    688.03
2015.94521    688.13
2015.94795    688.23
2015.95068    688.33
2015.95342    688.43
2015.95616    688.53
2015.95890    688.63
2015.96164    688.73
2015.96438    688.84
2015.96712    688.94
2015.96986    689.04
2015.97260    689.14
2015.97534    689.24
2015.97808    689.34
2015.98082    689.44
2015.98356    689.54
2015.98630    689.64
2015.98904    689.74
2015.99178    689.84
2015.99452    689.95
2015.99726    690.05
2016.00000    690.15
2016.00273    690.25
2016.00546    690.35
2016.00820    690.45
2016.01093    690.55
2016.01366    690.65
2016.01639    690.75
2016.01913    690.85
2016.02186    690.95
2016.02459    691.05
2016.02732    691.15
2016.03005    691.25
2016.03279    691.35
2016.03552    691.45
2016.03825    691.55
2016.04098    691.66
2016.04372    691.76
2016.04645    691.86
2016.04918    691.96
2016.05191    692.06
2016.05464    692.16
2016.05738    692.26
2016.06011    692.36
2016.06284    692.46
2016.06557    692.56
2016.06831    692.66
2016.07104    692.76
2016.07377    692.86
2016.07650    692.96
2016.07923    693.06
2016.08197    693.16
2016.08470    693.27
2016.08743    693.37
2016.09016    693.47
2016.09290    693.57
2016.09563    693.67
2016.09836    693.77
2016.10109    693.87
2016.10383    693.97
2016.10656    694.07
2016.10929    694.17
2016.11202    694.27
2016.11475    694.37
2016.11749    694.47
2016.12022    694.57
2016.12295    694.67
2016.12568    694.77
2016.12842    694.87
2016.13115    694.98
2016.13388    695.08
2016.13661    695.18
2016.13934    695.28
2016.14208    695.38
2016.14481    695.48
2016.14754    695.58
2016.15027    695.68
2016.15301    695.78
2016.15574    695.88
2016.15847    695.98
2016.16120    696.08
2016.16393    696.18
2016.16667    696.28
2016.16940    696.38
2016.17213    696.48
2016.17486    696.58
2016.17760    696.69
2016.18033    696.79
2016.18306    696.89
2016.18579    696.99
2016.18852    697.09
2016.19126    697.19
2016.19399    697.29
2016.19672    697.39
2016.19945    697.49
2016.20219    697.59
2016.20492    697.69
2016.20765    697.79
2016.21038    697.89
2016.21311    697.99
2016.21585    698.09
2016.21858    698.19
2016.22131    698.29
2016.22404    698.39
2016.22678    698.50
2016.22951    698.60
2016.23224    698.70
2016.23497    698.80
2016.23770    698.90
2016.24044    699.00
2016.24317    699.10
2016.24590    699.20
2016.24863    699.30
2016.25137    699.40
2016.25410    699.50
2016.25683    699.60
2016.25956    699.70
2016.26230    699.80
2016.26503    699.90
2016.26776    700.00
2016.27049    700.10
2016.27322    700.21
2016.27596    700.31
2016.27869    700.41
2016.28142    700.51
2016.28415    700.61
2016.28689    700.71
2016.28962    700.81
2016.29235    700.91
2016.29508    701.01
2016.29781    701.11
2016.30055    701.21
2016.30328    701.31
2016.30601    701.41
