2016.00000   -125.82
2016.00273   -125.87
2016.00546   -125.93
2016.00820   -125.99
2016.01093   -126.04
2016.01366   -126.10
2016.01639   -126.16
2016.01913   -126.21
2016.02186   -126.27
2016.02459   -126.33
2016.02732   -126.38
2016.03005   -126.44
2016.03279   -126.50
2016.03552   -126.55
2016.03825   -126.61
2016.04098   -126.67
2016.04372   -126.72
2016.04645   -126.78
2016.04918   -126.84
2016.05191   -126.89
2016.05464   -126.95
2016.05738   -127.01
2016.06011   -127.06
2016.06284   -127.12
2016.06557   -127.18
2016.06831   -127.23
2016.07104   -127.29
2016.07377   -127.35
2016.07650   -127.40
2016.07923   -127.46
2016.08197   -127.52
2016.08470   -127.57
2016.08743   -127.63
2016.09016   -127.69
2016.09290   -127.74
2016.09563   -127.80
2016.09836   -127.86
2016.10109   -127.91
2016.10383   -127.97
2016.10656   -128.03
2016.10929   -128.08
2016.11202   -128.14
2016.11475   -128.20
2016.11749   -128.25
2016.12022   -128.31
2016.12295   -128.37
2016.12568   -128.42
2016.12842   -128.48
2016.13115   -128.54
2016.13388   -128.59
2016.13661   -128.65
2016.13934   -128.71
2016.14208   -128.76
2016.14481   -128.82
2016.14754   -128.88
2016.15027   -128.93
2016.15301   -128.99
2016.15574   -129.05
2016.15847   -129.10
2016.16120   -129.16
2016.16393   -129.22
2016.16667   -129.27
2016.16940   -129.33
2016.17213   -129.39
2016.17486   -129.44
2016.17760   -129.50
2016.18033   -129.56
2016.18306   -129.61
2016.18579   -129.67
2016.18852   -129.73
2016.19126   -129.78
2016.19399   -129.84
2016.19672   -129.90
2016.19945   -129.95
2016.20219   -130.01
2016.20492   -130.07
2016.20765   -130.12
2016.21038   -130.18
2016.21311   -130.24
2016.21585   -130.29
2016.21858   -130.35
2016.22131   -130.41
2016.22404   -130.46
2016.22678   -130.52
2016.22951   -130.58
2016.23224   -130.63
2016.23497   -130.69
2016.23770   -130.75
2016.24317   -130.86
2016.24590   -130.92
2016.24863   -130.97
2016.25683   -131.14
2016.25956   -131.20
2016.26230   -131.26
2016.26503   -131.31
2016.26776   -131.37
2016.27049   -131.43
2016.27322   -131.48
2016.27596   -131.54
2016.27869   -131.60
2016.28142   -131.65
2016.28415   -131.71
2016.28689   -131.77
2016.28962   -131.82
2016.29235   -131.88
2016.29508   -131.94
2016.29781   -131.99
2016.30055   -132.05
2016.30328   -132.11
2016.30601   -132.16
2016.30874   -132.22
2016.31148   -132.28
2016.31421   -132.33
2016.31694   -132.39
2016.31967   -132.45
2016.32240   -132.50
2016.32514   -132.56
2016.32787   -132.62
2016.33060   -132.67
2016.33333   -132.73
2016.33607   -132.79
2016.33880   -132.84
2016.34153   -132.90
2016.34426   -132.96
2016.34699   -133.01
2016.34973   -133.07
2016.35246   -133.13
2016.35519   -133.18
2016.35792   -133.24
2016.36066   -133.30
2016.36339   -133.35
2016.38251   -133.75
2016.38525   -133.81
2016.38798   -133.86
2016.39071   -133.92
2016.39344   -133.98
2016.39617   -134.03
2016.39891   -134.09
2016.40164   -134.15
2016.40437   -134.20
2016.40710   -134.26
2016.40984   -134.32
2016.41257   -134.37
2016.41530   -134.43
2016.41803   -134.49
2016.42077   -134.54
2016.42350   -134.60
2016.42623   -134.66
2016.42896   -134.71
2016.43169   -134.77
2016.43443   -134.83
2016.43716   -134.88
2016.43989   -134.94
2016.44262   -135.00
2016.44536   -135.05
2016.44809   -135.11
2016.45082   -135.17
2016.45355   -135.22
2016.45628   -135.28
2016.45902   -135.34
2016.46448   -135.45
2016.46721   -135.51
2016.46995   -135.56
2016.47541   -135.68
2016.47814   -135.73
2016.48087   -135.79
2016.48361   -135.85
2016.48634   -135.90
2016.48907   -135.96
2016.49180   -136.02
2016.49454   -136.07
2016.49727   -136.13
2016.50000   -136.19
2016.50273   -136.24
2016.50546   -136.30
2016.50820   -136.36
2016.51093   -136.41
2016.51366   -136.47
2016.51639   -136.53
2016.51913   -136.58
2016.52186   -136.64
2016.52459   -136.70
2016.52732   -136.75
2016.53005   -136.81
2016.53279   -136.87
2016.53825   -136.98
2016.54098   -137.04
2016.54372   -137.09
2016.54645   -137.15
2016.54918   -137.21
2016.55191   -137.26
2016.55464   -137.32
2016.55738   -137.38
2016.56011   -137.43
2016.56557   -137.55
2016.56831   -137.60
2016.57104   -137.66
2016.57377   -137.72
2016.57650   -137.77
2016.57923   -137.83
2016.58470   -137.94
2016.58743   -138.00
2016.59016   -138.06
2016.59290   -138.11
2016.59563   -138.17
2016.59836   -138.23
2016.60109   -138.28
2016.60383   -138.34
2016.60656   -138.40
2016.60929   -138.45
2016.61202   -138.51
2016.61475   -138.57
2016.61749   -138.62
2016.62022   -138.68
2016.62295   -138.74
2016.62568   -138.79
2016.62842   -138.85
2016.63115   -138.91
2016.63388   -138.96
2016.63661   -139.02
2016.63934   -139.08
2016.64208   -139.13
2016.64481   -139.19
2016.64754   -139.25
2016.65027   -139.30
2016.65301   -139.36
2016.65574   -139.42
2016.65847   -139.47
2016.66120   -139.53
2016.66393   -139.59
2016.66667   -139.64
2016.66940   -139.70
2016.67213   -139.76
2016.67486   -139.81
2016.67760   -139.87
2016.68033   -139.93
2016.68306   -139.98
2016.68579   -140.04
2016.68852   -140.10
2016.69126   -140.15
2016.69399   -140.21
2016.69672   -140.27
2016.69945   -140.32
2016.70219   -140.38
2016.70765   -140.49
2016.71038   -140.55
2016.71311   -140.60
2016.71585   -140.66
2016.71858   -140.72
2016.72131   -140.77
2016.72404   -140.83
2016.72678   -140.89
2016.72951   -140.95
2016.73224   -141.00
2016.73497   -141.06
2016.73770   -141.11
2016.74044   -141.17
2016.74317   -141.23
2016.74590   -141.28
2016.74863   -141.34
2016.75137   -141.40
2016.75410   -141.45
2016.75683   -141.51
2016.75956   -141.57
2016.76230   -141.63
2016.76503   -141.68
2016.76776   -141.74
2016.77049   -141.79
2016.77322   -141.85
2016.77596   -141.91
2016.77869   -141.96
2016.78142   -142.02
2016.78415   -142.08
2016.78689   -142.13
2016.78962   -142.19
2016.79235   -142.25
2016.79508   -142.30
2016.79781   -142.36
2016.80055   -142.42
2016.80328   -142.47
2016.81421   -142.70
2016.81694   -142.76
2016.81967   -142.81
2016.82240   -142.87
2016.82514   -142.93
2016.82787   -142.98
2016.83060   -143.04
2016.83333   -143.10
2016.83607   -143.15
2016.83880   -143.21
2016.84153   -143.27
2016.84426   -143.32
2016.85246   -143.49
2016.85519   -143.55
2016.85792   -143.61
2016.86066   -143.66
2016.86339   -143.72
2016.86612   -143.78
2016.86885   -143.83
2016.87158   -143.89
2016.87432   -143.95
2016.87705   -144.00
2016.87978   -144.06
2016.88251   -144.12
2016.88525   -144.17
2016.88798   -144.23
2016.89071   -144.29
2016.89344   -144.34
2016.89617   -144.40
2016.89891   -144.46
2016.90164   -144.51
2016.90437   -144.57
2016.90710   -144.63
2016.90984   -144.68
2016.91257   -144.74
2016.91530   -144.80
2016.91803   -144.85
2016.92077   -144.91
2016.92350   -144.97
2016.92623   -145.02
2016.92896   -145.08
