2016.00273  -43.37    3.92
2016.00546  -43.85    4.30
2016.00820  -43.70    4.50
2016.01093  -42.22    4.29
2016.01366  -45.44    4.25
2016.01639  -49.59    9.43
2016.02186  -44.20    4.06
2016.02459  -44.05    3.91
2016.02732  -43.21    4.07
2016.03005  -40.71    4.38
2016.03279  -42.23    4.42
2016.03552  -42.83    4.07
2016.03825  -44.42    3.97
2016.04098  -43.97    4.33
2016.04372  -46.47    4.42
2016.04645  -43.18    4.58
2016.04918  -43.33    4.21
2016.05191  -41.62    4.37
2016.05464  -46.01    4.02
2016.05738  -43.71    4.13
2016.06011  -40.79    4.00
2016.06284  -41.31    4.27
2016.06557  -41.29    4.26
2016.06831  -43.71    4.17
2016.07104  -44.25    3.96
2016.07377  -42.31    3.92
2016.07650  -45.93    4.30
2016.07923  -42.00    4.47
2016.08197  -42.14    3.98
2016.08470  -40.63    4.00
2016.08743  -41.84    4.21
2016.09016  -42.67    4.00
2016.09290  -42.42    3.88
2016.09563  -44.41    4.12
2016.09836  -42.66    3.94
2016.10109  -42.29    3.85
2016.10383  -43.15    3.89
2016.10656  -45.11    3.82
2016.10929  -44.56    3.95
2016.11202  -44.64    3.98
2016.11475  -46.09    4.22
2016.11749  -45.02    4.06
2016.12022  -46.26    4.00
2016.12295  -41.72    4.13
2016.12568  -42.17    3.95
2016.12842  -44.18    4.01
2016.13115  -44.45    3.99
2016.13388  -43.33    3.77
2016.13661  -43.00    3.88
2016.13934  -44.82    3.77
2016.14208  -44.24    4.02
2016.14481  -44.15    3.95
2016.14754  -41.95    3.85
2016.15027  -44.18    3.95
2016.15301  -46.80    3.68
2016.15574  -43.36    3.97
2016.15847  -40.85    4.17
2016.16120  -45.09    4.15
2016.16393  -40.74    3.94
2016.16667  -43.91    3.77
2016.16940  -43.86    4.13
2016.17213  -44.38    4.35
2016.17486  -42.07    4.23
2016.17760  -41.17    4.19
2016.18033  -45.08    3.94
2016.18306  -42.97    4.15
2016.18579  -44.84    5.04
2016.18852  -42.06    4.48
2016.19126  -44.09    4.51
2016.19399  -42.47    3.99
2016.19672  -45.92    4.25
2016.19945  -43.68    4.77
2016.20219  -44.10    4.44
2016.20492  -47.88    4.50
2016.20765  -46.42    4.17
2016.21038  -47.51    4.34
2016.21311  -46.95    4.56
2016.21585  -45.09    4.43
2016.21858  -46.53    4.03
2016.22131  -44.35    4.06
2016.22404  -46.36    4.22
2016.22678  -44.04    4.65
2016.22951  -44.91    3.94
2016.23224  -46.28    4.06
2016.23497  -47.76    3.90
2016.23770  -47.01    3.97
2016.24044  -46.46    4.29
2016.24317  -48.17    4.23
2016.24590  -46.44    4.26
2016.24863  -44.43    4.31
2016.25683  -46.77    4.36
2016.25956  -44.83    4.29
2016.26230  -49.70    4.22
2016.26503  -45.32    4.19
2016.26776  -49.93    4.61
2016.27049  -48.62    4.38
2016.27322  -45.90    4.27
2016.27596  -47.70    4.27
2016.27869  -47.86    4.30
2016.28142  -48.37    4.52
2016.28415  -45.93    4.49
2016.28689  -46.14    4.74
2016.28962  -48.93    4.55
2016.29235  -47.56    4.58
2016.29508  -49.40    4.74
2016.29781  -46.97    4.59
2016.30055  -49.32    4.09
2016.30328  -49.28    4.16
2016.30601  -47.24    4.34
2016.30874  -47.89    4.12
2016.31148  -45.29    4.52
2016.31421  -48.87    4.41
2016.31694  -49.01    4.20
2016.31967  -46.57    4.72
2016.32240  -47.23    5.07
2016.32514  -48.20    4.09
2016.32787  -48.83    4.10
2016.33060  -49.60    4.48
2016.33333  -48.39    4.34
2016.33607  -47.17    4.62
2016.33880  -47.08    4.34
2016.34153  -49.90    4.31
2016.34426  -49.37    5.14
2016.34699  -49.21    4.42
2016.34973  -48.58    4.72
2016.35246  -48.61    4.97
2016.35519  -48.61    4.84
2016.35792  -47.03    5.04
2016.36066  -48.65    4.14
2016.36339  -48.72    4.25
2016.38251  -50.05    5.01
2016.38525  -49.68    4.36
2016.38798  -51.93    4.52
2016.39071  -48.13    4.72
2016.39344  -47.00    5.34
2016.39617  -49.87    4.90
2016.39891  -51.89    4.75
2016.40164  -49.25    4.61
2016.40437  -48.73    5.33
2016.40710  -51.31    4.62
2016.40984  -50.55    4.55
2016.41257  -48.06    7.94
2016.41530  -47.30    4.67
2016.41803  -49.40    4.45
2016.42077  -52.13    5.28
2016.42350  -49.79    4.62
2016.42623  -50.57    4.80
2016.42896  -43.24    5.54
2016.43169  -52.26    5.04
2016.43443  -47.17    5.66
2016.43716  -48.31    5.04
2016.43989  -46.88    5.09
2016.44262  -51.98    4.68
2016.44536  -53.49    4.47
2016.44809  -51.70    4.76
2016.45082  -53.40    4.35
2016.45355  -52.65    4.78
2016.45628  -53.40    4.60
2016.45902  -53.67    4.82
2016.46175  -48.82    5.98
2016.46448  -52.43    5.35
2016.46721  -52.40    4.95
2016.46995  -48.81    5.70
2016.47268  -52.33    4.54
2016.47541  -50.71    4.53
2016.47814  -53.53    4.97
2016.48087  -47.89    5.41
2016.48361  -50.29    4.85
2016.48634  -54.06    5.15
2016.48907  -50.85    5.13
2016.49180  -52.44    5.21
2016.49454  -45.86    6.66
2016.49727  -53.63    5.14
2016.50000  -54.10    5.06
2016.50273  -54.24    5.84
2016.50546  -52.70    5.71
2016.50820  -49.92    4.84
2016.51093  -48.75    5.15
2016.51366  -46.08    5.26
2016.51639  -53.14    5.38
2016.51913  -50.32    6.06
2016.52186  -54.57    4.78
2016.52459  -52.91    4.95
2016.52732  -54.04    5.09
2016.53005  -53.67    4.67
2016.53279  -52.26    4.65
2016.53552  -51.86    4.97
2016.53825  -56.36    4.75
2016.54098  -54.24    4.76
2016.54372  -51.96    5.10
2016.54645  -57.14    5.43
2016.54918  -51.42    5.18
2016.55191  -54.24    5.54
2016.55464  -51.54    4.60
2016.55738  -54.10    4.68
2016.56011  -52.15    4.89
2016.56284  -52.92    5.15
2016.56557  -55.36    4.62
2016.56831  -56.38    4.81
2016.57104  -55.57    4.94
2016.57377  -57.23    4.71
2016.57650  -51.61    5.37
2016.57923  -53.15    4.81
2016.58197  -56.93    5.26
2016.58470  -57.96    5.13
2016.58743  -58.45    4.61
2016.59016  -54.18    4.80
2016.59290  -57.74    4.36
2016.59563  -55.32    4.55
2016.59836  -57.45    5.11
2016.60109  -58.01    5.26
2016.60383  -54.94    4.88
2016.60656  -54.32    5.32
2016.60929  -55.61    5.26
2016.61202  -58.49    4.87
2016.61475  -54.25    4.78
2016.61749  -56.91    4.49
2016.62022  -56.67    4.82
2016.62295  -59.43    4.74
2016.62568  -55.26    4.60
2016.62842  -55.85    4.80
2016.63115  -54.20    5.10
2016.63388  -56.16    5.08
2016.63661  -55.02    5.44
2016.63934  -56.43    5.14
2016.64208  -54.24    4.98
2016.64481  -53.80    5.60
2016.64754  -54.40    5.33
2016.65027  -53.76    5.08
2016.65301  -58.54    5.78
2016.65574  -53.81    5.90
2016.65847  -53.75    5.35
2016.66120  -54.35    5.03
2016.66393  -56.98    4.77
2016.66667  -59.93    5.09
2016.66940  -61.51    4.69
2016.67213  -59.58    5.75
2016.67486  -57.09    4.85
2016.67760  -52.03    5.04
2016.68033  -57.81    5.21
2016.68306  -59.32    5.49
2016.68579  -58.28    4.67
2016.68852  -57.29    4.66
2016.69126  -61.36    5.18
2016.69399  -60.37    5.00
2016.69672  -57.75    4.86
2016.69945  -52.79    4.87
2016.70219  -56.67    5.14
2016.70492  -58.07    6.14
2016.70765  -59.74    5.09
2016.71038  -58.48    5.42
2016.71311  -59.37    5.25
2016.71585  -59.03    4.99
2016.71858  -58.31    4.96
2016.72131  -62.12    4.94
2016.72404  -59.65    4.53
2016.72678  -53.88    5.19
2016.72951  -55.88    4.68
2016.73224  -53.59    4.51
2016.73497  -55.01    4.90
2016.73770  -58.86    5.67
2016.74044  -63.72    6.72
2016.74317  -68.56    5.97
2016.74590  -67.86    5.36
2016.74863  -58.06    5.69
2016.75137  -63.77    5.30
2016.75410  -64.03    5.20
2016.75683  -63.21    4.88
2016.75956  -64.94    5.11
2016.76230  -63.36    6.07
2016.76503  -69.03    5.34
2016.76776  -64.75    5.56
2016.77049  -66.06    5.60
2016.77322  -71.25    5.14
2016.77596  -72.64    5.25
2016.77869  -68.19    5.35
2016.78142  -69.98    5.51
2016.78415  -68.10    5.14
2016.78689  -71.09    5.28
2016.78962  -67.23    6.46
2016.79235  -65.67    5.60
2016.79508  -67.09    5.49
2016.79781  -63.72    5.21
2016.80055  -66.05    5.85
2016.80328  -61.68    6.73
2016.81421  -73.03    4.67
2016.81694  -68.29    5.27
2016.81967  -71.09    4.97
2016.82240  -70.72    4.79
2016.82514  -70.31    5.34
2016.82787  -67.13    4.85
2016.83060  -69.34    4.60
2016.83333  -67.75    4.86
2016.83607  -69.00    4.69
2016.86066  -57.94    5.06
2016.86339  -59.08    4.48
2016.86612  -60.51    4.64
2016.86885  -61.04    4.51
2016.87158  -59.89    4.52
2016.87432  -58.81    4.29
2016.87705  -61.27    4.46
2016.87978  -57.78    4.85
2016.88251  -60.54    8.16
2016.88525  -59.28    5.10
2016.88798  -58.89    4.91
2016.89071  -59.22    4.73
2016.89344  -54.83    4.83
2016.89617  -58.44    4.78
2016.89891  -59.91    4.50
2016.90164  -57.78    4.67
2016.90437  -60.87    4.94
2016.90710  -53.56    5.11
2016.90984  -55.27    4.52
2016.91257  -54.96    4.89
2016.91530  -59.79    5.41
2016.91803  -57.01    4.99
2016.92077  -56.87    4.57
2016.92350  -59.68    4.78
2016.92623  -56.79    4.78
2016.92896  -58.33    4.83