2016.0000   -125.81677
2016.0027   -125.87343
2016.0055   -125.93009
2016.0082   -125.98675
2016.0109   -126.04341
2016.0137   -126.10007
2016.0164   -126.15673
2016.0191   -126.21339
2016.0219   -126.27005
2016.0246   -126.32671
2016.0273   -126.38337
2016.0301   -126.44003
2016.0328   -126.49669
2016.0355   -126.55335
2016.0383   -126.61001
2016.0410   -126.66667
2016.0437   -126.72333
2016.0464   -126.77999
2016.0492   -126.83665
2016.0519   -126.89331
2016.0546   -126.94997
2016.0574   -127.00663
2016.0601   -127.06329
2016.0628   -127.11995
2016.0656   -127.17661
2016.0683   -127.23327
2016.0710   -127.28993
2016.0738   -127.34659
2016.0765   -127.40325
2016.0792   -127.45991
2016.0820   -127.51657
2016.0847   -127.57323
2016.0874   -127.62989
2016.0902   -127.68655
2016.0929   -127.74321
2016.0956   -127.79987
2016.0984   -127.85653
2016.1011   -127.91319
2016.1038   -127.96985
2016.1066   -128.02651
2016.1093   -128.08317
2016.1120   -128.13983
2016.1148   -128.19649
2016.1175   -128.25315
2016.1202   -128.30981
2016.1230   -128.36647
2016.1257   -128.42313
2016.1284   -128.47979
2016.1311   -128.53645
2016.1339   -128.59311
2016.1366   -128.64977
2016.1393   -128.70643
2016.1421   -128.76309
2016.1448   -128.81975
2016.1475   -128.87641
2016.1503   -128.93307
2016.1530   -128.98973
2016.1557   -129.04639
2016.1585   -129.10305
2016.1612   -129.15971
2016.1639   -129.21637
2016.1667   -129.27303
2016.1694   -129.32969
2016.1721   -129.38635
2016.1749   -129.44301
2016.1776   -129.49967
2016.1803   -129.55633
2016.1831   -129.61299
2016.1858   -129.66965
2016.1885   -129.72631
2016.1913   -129.78297
2016.1940   -129.83963
2016.1967   -129.89629
2016.1995   -129.95295
2016.2022   -130.00961
2016.2049   -130.06627
2016.2077   -130.12293
2016.2104   -130.17959
2016.2131   -130.23625
2016.2158   -130.29291
2016.2186   -130.34957
2016.2213   -130.40623
2016.2240   -130.46289
2016.2268   -130.51955
2016.2295   -130.57621
2016.2322   -130.63287
2016.2350   -130.68953
2016.2377   -130.74619
2016.2404   -130.80285
2016.2432   -130.85951
2016.2459   -130.91617
2016.2486   -130.97283
2016.2514   -131.02949
2016.2541   -131.08615
2016.2568   -131.14281
2016.2596   -131.19947
2016.2623   -131.25613
2016.2650   -131.31279
2016.2678   -131.36945
2016.2705   -131.42611
2016.2732   -131.48277
2016.2760   -131.53943
2016.2787   -131.59609
2016.2814   -131.65275
2016.2842   -131.70941
2016.2869   -131.76607
2016.2896   -131.82273
2016.2923   -131.87939
2016.2951   -131.93605
2016.2978   -131.99271
2016.3005   -132.04937
2016.3033   -132.10603
2016.3060   -132.16269
2016.3087   -132.21935
2016.3115   -132.27601
2016.3142   -132.33267
2016.3169   -132.38933
2016.3197   -132.44599
2016.3224   -132.50265
2016.3251   -132.55931
2016.3279   -132.61597
2016.3306   -132.67263
2016.3333   -132.72929
2016.3361   -132.78595
2016.3388   -132.84261
2016.3415   -132.89927
2016.3443   -132.95593
2016.3470   -133.01259
2016.3497   -133.06925
2016.3525   -133.12591
2016.3552   -133.18257
2016.3579   -133.23923
2016.3607   -133.29589
2016.3634   -133.35255
2016.3661   -133.40921
2016.3689   -133.46587
2016.3716   -133.52253
2016.3743   -133.57919
2016.3770   -133.63585
2016.3798   -133.69251
2016.3825   -133.74917
2016.3852   -133.80583
2016.3880   -133.86249
2016.3907   -133.91915
2016.3934   -133.97581
2016.3962   -134.03247
2016.3989   -134.08913
2016.4016   -134.14579
2016.4044   -134.20245
2016.4071   -134.25911
2016.4098   -134.31577
2016.4126   -134.37243
2016.4153   -134.42909
2016.4180   -134.48575
2016.4208   -134.54241
2016.4235   -134.59907
2016.4262   -134.65573
2016.4290   -134.71239
2016.4317   -134.76905
2016.4344   -134.82571
2016.4372   -134.88237
2016.4399   -134.93903
2016.4426   -134.99569
2016.4454   -135.05235
2016.4481   -135.10901
2016.4508   -135.16567
2016.4536   -135.22233
2016.4563   -135.27899
2016.4590   -135.33565
2016.4617   -135.39231
2016.4645   -135.44897
2016.4672   -135.50563
2016.4699   -135.56229
2016.4727   -135.61895
2016.4754   -135.67561
2016.4781   -135.73227
2016.4809   -135.78893
2016.4836   -135.84559
2016.4863   -135.90225
2016.4891   -135.95891
2016.4918   -136.01557
2016.4945   -136.07223
2016.4973   -136.12890
2016.5000   -136.18556
2016.5027   -136.24222
2016.5055   -136.29888
2016.5082   -136.35554
2016.5109   -136.41220
2016.5137   -136.46886
2016.5164   -136.52552
2016.5191   -136.58218
2016.5219   -136.63884
2016.5246   -136.69550
2016.5273   -136.75216
2016.5301   -136.80882
2016.5328   -136.86548
2016.5355   -136.92214
2016.5383   -136.97880
2016.5410   -137.03546
2016.5437   -137.09212
2016.5464   -137.14878
2016.5492   -137.20544
2016.5519   -137.26210
2016.5546   -137.31876
2016.5574   -137.37542
2016.5601   -137.43208
2016.5628   -137.48874
2016.5656   -137.54540
2016.5683   -137.60206
2016.5710   -137.65872
2016.5738   -137.71538
2016.5765   -137.77204
2016.5792   -137.82870
2016.5820   -137.88536
2016.5847   -137.94202
2016.5874   -137.99868
2016.5902   -138.05534
2016.5929   -138.11200
2016.5956   -138.16866
2016.5984   -138.22532
2016.6011   -138.28198
2016.6038   -138.33864
2016.6066   -138.39530
2016.6093   -138.45196
2016.6120   -138.50862
2016.6148   -138.56528
2016.6175   -138.62194
2016.6202   -138.67860
2016.6230   -138.73526
2016.6257   -138.79192
2016.6284   -138.84858
2016.6311   -138.90524
2016.6339   -138.96190
2016.6366   -139.01856
2016.6393   -139.07522
2016.6421   -139.13188
2016.6448   -139.18854
2016.6475   -139.24520
2016.6503   -139.30186
2016.6530   -139.35852
2016.6557   -139.41518
2016.6585   -139.47184
2016.6612   -139.52850
2016.6639   -139.58516
2016.6667   -139.64182
2016.6694   -139.69848
2016.6721   -139.75514
2016.6749   -139.81180
2016.6776   -139.86846
2016.6803   -139.92512
2016.6831   -139.98178
2016.6858   -140.03844
2016.6885   -140.09510
2016.6913   -140.15176
2016.6940   -140.20842
2016.6967   -140.26508
2016.6995   -140.32174
2016.7022   -140.37840
2016.7049   -140.43506
2016.7077   -140.49172
2016.7104   -140.54838
2016.7131   -140.60504
2016.7158   -140.66170
2016.7186   -140.71836
2016.7213   -140.77502
2016.7240   -140.83168
2016.7268   -140.88834
2016.7295   -140.94500
2016.7322   -141.00166
2016.7350   -141.05832
2016.7377   -141.11498
2016.7404   -141.17164
2016.7432   -141.22830
2016.7459   -141.28496
2016.7486   -141.34162
2016.7514   -141.39828
2016.7541   -141.45494
2016.7568   -141.51160
2016.7596   -141.56826
2016.7623   -141.62492
2016.7650   -141.68158
2016.7678   -141.73824
2016.7705   -141.79490
2016.7732   -141.85156
2016.7760   -141.90822
2016.7787   -141.96488
2016.7814   -142.02154
2016.7842   -142.07820
2016.7869   -142.13486
2016.7896   -142.19152
2016.7923   -142.24818
2016.7951   -142.30484
2016.7978   -142.36150
2016.8005   -142.41816
2016.8033   -142.47482
2016.8060   -142.53148
2016.8087   -142.58814
2016.8115   -142.64480
2016.8142   -142.70146
2016.8169   -142.75812
2016.8197   -142.81478
2016.8224   -142.87144
2016.8251   -142.92810
2016.8279   -142.98476
2016.8306   -143.04142
2016.8333   -143.09808
2016.8361   -143.15474
2016.8388   -143.21140
2016.8415   -143.26806
2016.8443   -143.32472
2016.8470   -143.38138
2016.8497   -143.43804
2016.8525   -143.49470
2016.8552   -143.55136
2016.8579   -143.60802
2016.8607   -143.66468
2016.8634   -143.72134
2016.8661   -143.77800
2016.8689   -143.83466
2016.8716   -143.89132
2016.8743   -143.94798
2016.8770   -144.00464
2016.8798   -144.06130
2016.8825   -144.11796
2016.8852   -144.17462
2016.8880   -144.23128
2016.8907   -144.28794
2016.8934   -144.34460
2016.8962   -144.40126
2016.8989   -144.45792
2016.9016   -144.51458
2016.9044   -144.57124
2016.9071   -144.62790
2016.9098   -144.68456
2016.9126   -144.74122
2016.9153   -144.79788
2016.9180   -144.85454
2016.9208   -144.91120
2016.9235   -144.96786
2016.9262   -145.02452
