2016.00000    455.22
2016.00273    455.29
2016.00546    455.36
2016.00820    455.43
2016.01093    455.49
2016.01366    455.56
2016.01639    455.63
2016.01913    455.70
2016.02186    455.76
2016.02459    455.83
2016.02732    455.90
2016.03005    455.97
2016.03279    456.03
2016.03552    456.10
2016.03825    456.17
2016.04098    456.24
2016.04372    456.30
2016.04645    456.37
2016.04918    456.44
2016.05191    456.51
2016.05464    456.57
2016.05738    456.64
2016.06011    456.71
2016.06284    456.77
2016.06557    456.84
2016.06831    456.91
2016.07104    456.98
2016.07377    457.04
2016.07650    457.11
2016.07923    457.18
2016.08197    457.25
2016.08470    457.31
2016.08743    457.38
2016.09016    457.45
2016.09290    457.52
2016.09563    457.58
2016.09836    457.65
2016.10109    457.72
2016.10383    457.79
2016.10656    457.85
2016.10929    457.92
2016.11202    457.99
2016.11475    458.06
2016.11749    458.12
2016.12022    458.19
2016.12295    458.26
2016.12568    458.33
2016.12842    458.39
2016.13115    458.46
2016.13388    458.53
2016.13661    458.60
2016.13934    458.66
2016.14208    458.73
2016.14481    458.80
2016.14754    458.87
2016.15027    458.93
2016.15301    459.00
2016.15574    459.07
2016.15847    459.14
2016.16120    459.20
2016.16393    459.27
2016.16667    459.34
2016.16940    459.41
2016.17213    459.47
2016.17486    459.54
2016.17760    459.61
2016.18033    459.68
2016.18306    459.74
2016.18579    459.81
2016.18852    459.88
2016.19126    459.95
2016.19399    460.01
2016.19672    460.08
2016.19945    460.15
2016.20219    460.22
2016.20492    460.28
2016.20765    460.35
2016.21038    460.42
2016.21311    460.49
2016.21585    460.55
2016.21858    460.62
2016.22131    460.69
2016.22404    460.76
2016.22678    460.82
2016.22951    460.89
2016.23224    460.96
2016.23497    461.03
2016.23770    461.09
2016.24317    461.23
2016.24590    461.30
2016.24863    461.36
2016.25683    461.57
2016.25956    461.63
2016.26230    461.70
2016.26503    461.77
2016.26776    461.84
2016.27049    461.90
2016.27322    461.97
2016.27596    462.04
2016.27869    462.11
2016.28142    462.17
2016.28415    462.24
2016.28689    462.31
2016.28962    462.38
2016.29235    462.44
2016.29508    462.51
2016.29781    462.58
2016.30055    462.65
2016.30328    462.71
2016.30601    462.78
2016.30874    462.85
2016.31148    462.92
2016.31421    462.98
2016.31694    463.05
2016.31967    463.12
2016.32240    463.18
2016.32514    463.25
2016.32787    463.32
2016.33060    463.39
2016.33333    463.45
2016.33607    463.52
2016.33880    463.59
2016.34153    463.66
2016.34426    463.72
2016.34699    463.79
2016.34973    463.86
2016.35246    463.93
2016.35519    463.99
2016.35792    464.06
2016.36066    464.13
2016.36339    464.20
2016.38251    464.67
2016.38525    464.74
2016.38798    464.80
2016.39071    464.87
2016.39344    464.94
2016.39617    465.01
2016.39891    465.07
2016.40164    465.14
2016.40437    465.21
2016.40710    465.28
2016.40984    465.34
2016.41257    465.41
2016.41530    465.48
2016.41803    465.55
2016.42077    465.61
2016.42350    465.68
2016.42623    465.75
2016.42896    465.82
2016.43169    465.88
2016.43443    465.95
2016.43716    466.02
2016.43989    466.09
2016.44262    466.15
2016.44536    466.22
2016.44809    466.29
2016.45082    466.36
2016.45355    466.42
2016.45628    466.49
2016.45902    466.56
2016.46448    466.69
2016.46721    466.76
2016.46995    466.83
2016.47541    466.96
2016.47814    467.03
2016.48087    467.10
2016.48361    467.17
2016.48634    467.23
2016.48907    467.30
2016.49180    467.37
2016.49454    467.44
2016.49727    467.50
2016.50000    467.57
2016.50273    467.64
2016.50546    467.71
2016.50820    467.77
2016.51093    467.84
2016.51366    467.91
2016.51639    467.98
2016.51913    468.04
2016.52186    468.11
2016.52459    468.18
2016.52732    468.25
2016.53005    468.31
2016.53279    468.38
2016.53825    468.52
2016.54098    468.58
2016.54372    468.65
2016.54645    468.72
2016.54918    468.79
2016.55191    468.85
2016.55464    468.92
2016.55738    468.99
2016.56011    469.06
2016.56557    469.19
2016.56831    469.26
2016.57104    469.33
2016.57377    469.39
2016.57650    469.46
2016.57923    469.53
2016.58470    469.66
2016.58743    469.73
2016.59016    469.80
2016.59290    469.87
2016.59563    469.93
2016.59836    470.00
2016.60109    470.07
2016.60383    470.14
2016.60656    470.20
2016.60929    470.27
2016.61202    470.34
2016.61475    470.40
2016.61749    470.47
2016.62022    470.54
2016.62295    470.61
2016.62568    470.67
2016.62842    470.74
2016.63115    470.81
2016.63388    470.88
2016.63661    470.94
2016.63934    471.01
2016.64208    471.08
2016.64481    471.15
2016.64754    471.21
2016.65027    471.28
2016.65301    471.35
2016.65574    471.42
2016.65847    471.48
2016.66120    471.55
2016.66393    471.62
2016.66667    471.69
2016.66940    471.75
2016.67213    471.82
2016.67486    471.89
2016.67760    471.96
2016.68033    472.02
2016.68306    472.09
2016.68579    472.16
2016.68852    472.23
2016.69126    472.29
2016.69399    472.36
2016.69672    472.43
2016.69945    472.50
2016.70219    472.56
2016.70765    472.70
2016.71038    472.77
2016.71311    472.83
2016.71585    472.90
2016.71858    472.97
2016.72131    473.04
2016.72404    473.10
2016.72678    473.17
2016.72951    473.24
2016.73224    473.31
2016.73497    473.37
2016.73770    473.44
2016.74044    473.51
2016.74317    473.58
2016.74590    473.64
2016.74863    473.71
2016.75137    473.78
2016.75410    473.85
2016.75683    473.91
2016.75956    473.98
2016.76230    474.05
2016.76503    474.12
2016.76776    474.18
2016.77049    474.25
2016.77322    474.32
2016.77596    474.39
2016.77869    474.45
2016.78142    474.52
2016.78415    474.59
2016.78689    474.66
2016.78962    474.72
2016.79235    474.79
2016.79508    474.86
2016.79781    474.93
2016.80055    474.99
2016.80328    475.06
2016.81421    475.33
2016.81694    475.40
2016.81967    475.47
2016.82240    475.53
2016.82514    475.60
2016.82787    475.67
2016.83060    475.74
2016.83333    475.80
2016.83607    475.87
2016.83880    475.94
2016.84153    476.01
2016.84426    476.07
2016.85246    476.28
2016.85519    476.34
2016.85792    476.41
2016.86066    476.48
2016.86339    476.55
2016.86612    476.61
2016.86885    476.68
2016.87158    476.75
2016.87432    476.82
2016.87705    476.88
2016.87978    476.95
2016.88251    477.02
2016.88525    477.09
2016.88798    477.15
2016.89071    477.22
2016.89344    477.29
2016.89617    477.35
2016.89891    477.42
2016.90164    477.49
2016.90437    477.56
2016.90710    477.62
2016.90984    477.69
2016.91257    477.76
2016.91530    477.83
2016.91803    477.89
2016.92077    477.96
2016.92350    478.03
2016.92623    478.10
2016.92896    478.16
