2016.00000  454.94    2.85
2016.00273  454.80    2.79
2016.00546  452.01    3.39
2016.00820  452.92    3.67
2016.01093  451.33    3.28
2016.01366  455.30    3.26
2016.01639  454.84    3.11
2016.01913  453.90    3.12
2016.02186  454.05    2.88
2016.02459  452.64    2.84
2016.02732  454.07    3.03
2016.03005  454.28    3.24
2016.03279  454.84    3.41
2016.03552  453.85    2.98
2016.03825  454.95    3.08
2016.04098  457.16    3.29
2016.04372  454.17    3.68
2016.04645  456.35    3.50
2016.04918  452.81    3.32
2016.05191  455.22    3.72
2016.05464  455.84    3.09
2016.05738  456.59    2.79
2016.06011  455.11    2.84
2016.06284  461.08    3.15
2016.06557  462.19    3.44
2016.06831  458.67    3.15
2016.07104  457.08    3.15
2016.07377  456.67    3.10
2016.07650  456.82    3.30
2016.07923  454.86    3.97
2016.08197  457.02    3.00
2016.08470  455.26    2.94
2016.08743  457.07    3.11
2016.09016  456.48    3.00
2016.09290  456.04    2.94
2016.09563  456.95    3.13
2016.09836  456.40    3.00
2016.10109  458.54    2.80
2016.10383  459.56    3.06
2016.10656  460.80    2.91
2016.10929  456.56    3.23
2016.11202  457.52    3.03
2016.11475  459.08    3.49
2016.11749  458.34    3.23
2016.12022  452.23    3.48
2016.12295  460.24    3.45
2016.12568  461.00    3.12
2016.12842  459.25    3.08
2016.13115  457.96    3.01
2016.13388  457.85    3.00
2016.13661  457.42    2.89
2016.13934  456.56    3.06
2016.14208  459.05    3.16
2016.14481  459.28    2.99
2016.14754  460.19    2.90
2016.15027  459.27    3.21
2016.15301  460.88    2.94
2016.15574  461.16    3.02
2016.15847  461.03    3.41
2016.16120  456.29    3.81
2016.16393  457.90    3.25
2016.16667  458.71    2.99
2016.16940  458.10    3.48
2016.17213  460.37    3.72
2016.17486  459.09    3.47
2016.17760  459.93    3.51
2016.18033  455.78    3.30
2016.18306  458.72    3.55
2016.18579  462.42    4.48
2016.18852  461.77    3.97
2016.19126  463.14    3.72
2016.19399  461.12    3.58
2016.19672  462.61    3.62
2016.19945  459.98    4.14
2016.20219  459.61    3.74
2016.20492  462.00    3.93
2016.20765  462.85    3.33
2016.21038  463.45    3.51
2016.21311  463.13    3.85
2016.21585  460.90    3.61
2016.21858  462.09    3.08
2016.22131  460.19    3.22
2016.22404  463.05    3.25
2016.22678  464.74    3.96
2016.22951  462.78    2.82
2016.23224  463.45    3.27
2016.23497  462.79    2.92
2016.23770  464.39    3.18
2016.24317  464.12    3.37
2016.24590  464.84    3.60
2016.24863  464.70    3.69
2016.25683  464.24    3.40
2016.25956  461.34    3.39
2016.26230  464.85    3.31
2016.26503  462.19    3.10
2016.26776  461.84    3.80
2016.27049  467.29    3.34
2016.27322  463.70    3.06
2016.27596  462.82    3.15
2016.27869  465.11    2.94
2016.28142  464.98    2.99
2016.28415  462.90    3.15
2016.28689  462.47    3.82
2016.28962  464.28    3.47
2016.29235  466.30    3.59
2016.29508  464.65    4.25
2016.29781  467.55    3.55
2016.30055  463.64    3.04
2016.30328  465.01    3.02
2016.30601  464.98    3.44
2016.30874  467.55    3.24
2016.31148  466.89    3.59
2016.31421  466.95    2.99
2016.31694  465.16    2.93
2016.31967  468.89    3.95
2016.32240  466.76    4.26
2016.32514  464.16    3.05
2016.32787  468.40    3.22
2016.33060  468.54    3.18
2016.33333  468.75    3.27
2016.33607  465.57    3.51
2016.33880  463.69    3.53
2016.34153  471.51    3.31
2016.34426  467.25    4.06
2016.34699  465.07    3.34
2016.34973  470.41    4.26
2016.35246  464.84    3.85
2016.35519  464.84    3.72
2016.35792  465.54    4.23
2016.36066  460.60    4.51
2016.36339  464.49    5.02
2016.38251  465.53    5.33
2016.38525  463.54    4.89
2016.38798  462.11    4.97
2016.39071  467.10    5.46
2016.39344  461.66    6.37
2016.39617  462.63    5.54
2016.39891  466.39    5.68
2016.40164  459.48    5.90
2016.40437  456.32    6.35
2016.40710  463.21    5.66
2016.40984  465.30    5.52
2016.41257  464.50    6.07
2016.41530  462.48    5.38
2016.41803  460.62    5.50
2016.42077  466.65    6.11
2016.42350  464.43    5.70
2016.42623  466.39    5.50
2016.42896  465.10    6.18
2016.43169  468.74    5.89
2016.43443  464.65    7.25
2016.43716  464.18    5.80
2016.43989  461.92    5.57
2016.44262  465.82    5.07
2016.44536  466.22    5.17
2016.44809  466.68    5.12
2016.45082  465.23    5.08
2016.45355  464.90    5.27
2016.45628  465.13    5.47
2016.45902  465.41    5.40
2016.46448  467.45    6.28
2016.46721  468.91    5.72
2016.46995  465.67    6.35
2016.47541  463.13    5.54
2016.47814  465.88    6.23
2016.48087  468.05    6.58
2016.48361  464.22    6.14
2016.48634  459.97    6.21
2016.48907  467.09    6.06
2016.49180  465.46    6.04
2016.49454  464.96    7.40
2016.49727  469.23    5.48
2016.50000  467.78    5.79
2016.50273  470.23    6.12
2016.50546  463.52    6.04
2016.50820  468.63    5.48
2016.51093  466.31    6.29
2016.51366  464.27    5.66
2016.51639  467.28    6.53
2016.51913  469.16    7.75
2016.52186  470.17    5.52
2016.52459  467.96    5.40
2016.52732  467.01    5.46
2016.53005  466.84    5.61
2016.53279  466.23    5.40
2016.53825  468.25    5.17
2016.54098  466.92    5.21
2016.54372  470.23    6.07
2016.54645  462.34    6.01
2016.54918  465.97    5.64
2016.55191  464.20    6.25
2016.55464  460.80    5.50
2016.55738  469.55    5.27
2016.56011  468.27    5.10
2016.56557  467.54    5.20
2016.56831  462.08    5.28
2016.57104  465.95    5.49
2016.57377  464.21    5.15
2016.57650  473.23    5.53
2016.57923  473.31    5.56
2016.58470  466.03    5.65
2016.58743  469.15    5.02
2016.59016  466.83    5.40
2016.59290  467.28    4.81
2016.59563  467.86    4.89
2016.59836  470.34    5.84
2016.60109  470.00    5.73
2016.60383  467.80    5.33
2016.60656  464.03    5.73
2016.60929  466.07    5.76
2016.61202  469.42    5.22
2016.61475  467.67    5.33
2016.61749  468.33    4.79
2016.62022  469.23    5.34
2016.62295  468.64    5.25
2016.62568  464.84    5.02
2016.62842  466.46    4.97
2016.63115  468.23    5.69
2016.63388  467.73    5.54
2016.63661  474.37    4.25
2016.63934  469.82    4.13
2016.64208  473.92    4.16
2016.64481  470.48    5.18
2016.64754  470.56    4.62
2016.65027  475.30    4.60
2016.65301  476.39    5.44
2016.65574  470.43    5.49
2016.65847  471.69    4.46
2016.66120  471.05    4.35
2016.66393  470.54    4.02
2016.66667  470.35    4.60
2016.66940  469.48    3.60
2016.67213  468.43    4.95
2016.67486  473.79    4.26
2016.67760  470.69    4.60
2016.68033  468.24    4.96
2016.68306  476.07    4.92
2016.68579  469.98    3.57
2016.68852  471.26    3.53
2016.69126  475.04    4.14
2016.69399  469.51    4.02
2016.69672  466.79    3.80
2016.69945  471.61    3.77
2016.70219  470.82    4.50
2016.70765  472.10    3.84
2016.71038  470.34    4.37
2016.71311  469.28    4.10
2016.71585  470.18    3.47
2016.71858  470.52    3.63
2016.72131  470.18    3.79
2016.72404  469.04    3.64
2016.72678  471.77    4.75
2016.72951  473.03    3.73
2016.73224  471.27    3.59
2016.73497  469.93    3.87
2016.73770  471.95    5.06
2016.74044  468.92    6.07
2016.74317  472.34    4.94
2016.74590  478.29    4.07
2016.74863  473.87    4.62
2016.75137  471.95    4.67
2016.75410  471.64    4.11
2016.75683  472.85    3.81
2016.75956  474.19    4.23
2016.76230  474.83    5.21
2016.76503  469.44    5.21
2016.76776  475.79    4.21
2016.77049  474.28    3.90
2016.77322  472.65    3.16
2016.77596  473.51    3.22
2016.77869  472.42    4.47
2016.78142  476.56    4.59
2016.78415  478.15    3.98
2016.78689  475.94    4.20
2016.78962  474.43    7.33
2016.79235  466.84    4.92
2016.79508  473.24    5.06
2016.79781  474.99    4.41
2016.80055  473.67    5.33
2016.80328  471.56    6.79
2016.81421  476.93    3.02
2016.81694  479.33    4.10
2016.81967  475.70    3.62
2016.82240  477.33    3.33
2016.82514  473.89    4.20
2016.82787  476.89    3.63
2016.83060  480.03    3.16
2016.83333  478.48    3.31
2016.83607  477.10    3.19
2016.83880  479.00    3.17
2016.84153  476.59    3.32
2016.84426  480.38    4.90
2016.85246  475.53    3.43
2016.85519  476.29    2.95
2016.85792  480.24    2.88
2016.86066  479.44    3.61
2016.86339  479.60    3.20
2016.86612  479.72    2.98
2016.86885  478.48    2.99
2016.87158  476.26    3.16
2016.87432  477.58    3.14
2016.87705  478.99    3.01
2016.87978  483.60    3.56
2016.88251  479.07    3.54
2016.88525  478.05    3.57
2016.88798  480.43    3.53
2016.89071  479.60    3.28
2016.89344  477.11    3.36
2016.89617  478.93    3.29
2016.89891  476.98    3.18
2016.90164  479.57    3.39
2016.90437  482.04    3.40
2016.90710  480.10    3.84
2016.90984  479.84    3.24
2016.91257  481.04    3.89
2016.91530  482.30    4.77
2016.91803  481.47    3.28
2016.92077  480.99    3.07
2016.92350  479.93    3.39
2016.92623  479.82    3.14
2016.92896  481.58    3.44