2016.00000 -125.18    2.33
2016.00273 -125.84    2.36
2016.00546 -127.24    2.87
2016.00820 -126.10    3.07
2016.01093 -125.73    2.79
2016.01366 -128.33    2.81
2016.01639 -126.14    2.57
2016.01913 -127.09    2.68
2016.02186 -126.77    2.38
2016.02459 -127.35    2.33
2016.02732 -125.66    2.55
2016.03005 -124.77    2.78
2016.03279 -126.54    2.86
2016.03552 -126.40    2.46
2016.03825 -126.20    2.61
2016.04098 -125.73    2.76
2016.04372 -127.62    3.06
2016.04645 -127.00    3.02
2016.04918 -123.83    2.72
2016.05191 -124.82    3.06
2016.05464 -126.07    2.55
2016.05738 -126.75    2.45
2016.06011 -124.57    2.42
2016.06284 -125.13    2.66
2016.06557 -123.75    2.86
2016.06831 -125.43    2.65
2016.07104 -125.34    2.60
2016.07377 -124.86    2.54
2016.07650 -126.97    2.78
2016.07923 -126.01    3.15
2016.08197 -125.19    2.51
2016.08470 -122.47    2.47
2016.08743 -124.72    2.68
2016.09016 -124.37    2.42
2016.09290 -124.26    2.46
2016.09563 -126.46    2.73
2016.09836 -125.74    2.43
2016.10109 -125.48    2.33
2016.10383 -125.05    2.60
2016.10656 -126.81    2.45
2016.10929 -125.19    2.71
2016.11202 -125.53    2.50
2016.11475 -127.27    2.87
2016.11749 -126.60    2.69
2016.12022 -126.74    2.89
2016.12295 -124.49    2.76
2016.12568 -125.93    2.67
2016.12842 -126.71    2.60
2016.13115 -125.91    2.52
2016.13388 -124.94    2.44
2016.13661 -126.05    2.39
2016.13934 -127.66    2.53
2016.14208 -126.21    2.62
2016.14481 -126.52    2.45
2016.14754 -125.68    2.40
2016.15027 -125.31    2.74
2016.15301 -127.13    2.45
2016.15574 -124.74    2.55
2016.15847 -123.79    2.82
2016.16120 -126.42    3.11
2016.16393 -123.98    2.77
2016.16667 -126.90    2.51
2016.16940 -126.19    2.87
2016.17213 -127.52    3.20
2016.17486 -125.33    2.89
2016.17760 -124.79    2.90
2016.18033 -127.87    2.65
2016.18306 -127.65    2.99
2016.18579 -128.85    3.90
2016.18852 -125.90    3.37
2016.19126 -126.49    3.16
2016.19399 -122.81    2.62
2016.19672 -127.46    3.00
2016.19945 -126.27    3.57
2016.20219 -126.23    3.23
2016.20492 -130.79    3.33
2016.20765 -128.58    2.91
2016.21038 -129.92    3.09
2016.21311 -129.57    3.40
2016.21585 -127.14    3.20
2016.21858 -129.14    2.71
2016.22131 -127.18    2.61
2016.22404 -129.60    2.68
2016.22678 -128.01    3.36
2016.22951 -128.19    2.39
2016.23224 -129.08    2.61
2016.23497 -128.64    2.42
2016.23770 -129.53    2.55
2016.24317 -130.87    2.80
2016.24590 -129.11    2.90
2016.24863 -128.34    3.11
2016.25683 -132.01    3.01
2016.25956 -130.34    3.03
2016.26230 -132.82    2.91
2016.26503 -131.35    2.76
2016.26776 -132.38    3.42
2016.27049 -132.52    3.01
2016.27322 -132.03    2.64
2016.27596 -133.18    2.87
2016.27869 -132.35    2.60
2016.28142 -133.52    2.65
2016.28415 -129.50    2.77
2016.28689 -128.83    3.40
2016.28962 -131.92    3.08
2016.29235 -132.39    3.03
2016.29508 -130.08    3.60
2016.29781 -130.20    2.90
2016.30055 -130.80    2.56
2016.30328 -133.26    2.58
2016.30601 -131.78    2.89
2016.30874 -132.79    2.91
2016.31148 -132.83    3.22
2016.31421 -132.77    2.64
2016.31694 -133.60    2.51
2016.31967 -133.77    3.37
2016.32240 -130.13    3.71
2016.32514 -129.94    2.56
2016.32787 -131.66    2.75
2016.33060 -132.56    2.75
2016.33333 -130.03    2.70
2016.33607 -132.68    3.07
2016.33880 -131.09    3.11
2016.34153 -133.06    2.86
2016.34426 -133.92    3.68
2016.34699 -131.50    2.99
2016.34973 -131.48    3.80
2016.35246 -133.54    3.65
2016.35519 -133.54    3.25
2016.35792 -134.65    3.72
2016.36066 -133.22    4.04
2016.36339 -134.90    4.61
2016.38251 -134.18    5.09
2016.38525 -134.43    4.39
2016.38798 -135.72    4.45
2016.39071 -134.41    4.84
2016.39344 -135.35    5.72
2016.39617 -133.04    4.92
2016.39891 -138.42    5.06
2016.40164 -140.10    5.12
2016.40437 -137.11    5.66
2016.40710 -138.11    5.12
2016.40984 -136.26    4.94
2016.41257 -136.49    5.48
2016.41530 -134.92    4.85
2016.41803 -136.45    4.84
2016.42077 -136.46    5.40
2016.42350 -135.88    5.09
2016.42623 -139.52    4.91
2016.42896 -136.00    5.49
2016.43169 -139.47    5.22
2016.43443 -133.84    6.44
2016.43716 -135.68    5.17
2016.43989 -137.05    4.94
2016.44262 -142.75    4.56
2016.44536 -138.68    4.46
2016.44809 -138.77    4.61
2016.45082 -140.28    4.56
2016.45355 -136.98    4.69
2016.45628 -140.48    4.89
2016.45902 -140.72    4.83
2016.46448 -138.05    5.61
2016.46721 -139.32    5.10
2016.46995 -135.97    5.67
2016.47541 -140.02    4.91
2016.47814 -137.11    5.52
2016.48087 -139.77    5.71
2016.48361 -136.18    5.39
2016.48634 -136.50    5.60
2016.48907 -138.16    5.41
2016.49180 -138.28    5.38
2016.49454 -137.77    6.48
2016.49727 -137.67    4.92
2016.50000 -142.94    5.20
2016.50273 -140.19    5.50
2016.50546 -138.82    5.42
2016.50820 -137.56    4.89
2016.51093 -137.03    5.47
2016.51366 -141.45    5.09
2016.51639 -141.41    5.83
2016.51913 -148.63    6.80
2016.52186 -140.45    4.94
2016.52459 -140.31    4.81
2016.52732 -140.22    4.84
2016.53005 -140.09    4.92
2016.53279 -141.51    4.79
2016.53825 -144.44    4.57
2016.54098 -143.06    4.64
2016.54372 -138.26    5.40
2016.54645 -142.30    5.33
2016.54918 -142.28    4.88
2016.55191 -142.33    5.40
2016.55464 -140.33    4.84
2016.55738 -141.37    4.56
2016.56011 -148.83    4.47
2016.56557 -154.98    4.57
2016.56831 -154.85    4.95
2016.57104 -155.89    4.89
2016.57377 -148.78    4.57
2016.57650 -154.79    4.90
2016.57923 -154.68    5.01
2016.58470 -147.34    5.12
2016.58743 -144.50    4.55
2016.59016 -142.14    4.84
2016.59290 -144.32    4.32
2016.59563 -142.94    4.34
2016.59836 -142.60    5.11
2016.60109 -144.28    5.08
2016.60383 -143.68    4.72
2016.60656 -143.85    5.10
2016.60929 -141.70    5.12
2016.61202 -143.44    4.61
2016.61475 -142.82    4.67
2016.61749 -143.33    4.28
2016.62022 -144.18    4.73
2016.62295 -146.02    4.60
2016.62568 -143.36    4.48
2016.62842 -142.79    4.42
2016.63115 -141.91    4.83
2016.63388 -140.33    4.87
2016.63661 -140.82    3.57
2016.63934 -143.12    3.49
2016.64208 -140.07    3.51
2016.64481 -141.70    4.38
2016.64754 -139.09    3.91
2016.65027 -137.97    3.70
2016.65301 -140.37    4.60
2016.65574 -136.98    4.79
2016.65847 -135.86    3.78
2016.66120 -138.25    3.70
2016.66393 -139.42    3.28
2016.66667 -142.25    3.89
2016.66940 -141.21    2.93
2016.67213 -140.35    4.29
2016.67486 -138.30    3.43
2016.67760 -139.72    3.83
2016.68033 -143.61    4.10
2016.68306 -138.16    4.14
2016.68579 -139.96    3.00
2016.68852 -137.87    2.88
2016.69126 -141.56    3.45
2016.69399 -140.35    3.41
2016.69672 -138.66    3.27
2016.69945 -135.94    3.18
2016.70219 -142.16    3.89
2016.70765 -140.83    3.42
2016.71038 -141.13    3.82
2016.71311 -141.34    3.51
2016.71585 -138.74    3.07
2016.71858 -139.05    3.02
2016.72131 -140.27    3.14
2016.72404 -142.08    3.01
2016.72678 -136.29    3.96
2016.72951 -138.29    3.19
2016.73224 -138.03    2.94
2016.73497 -140.63    3.20
2016.73770 -140.50    4.42
2016.74044 -145.62    5.27
2016.74317 -140.82    4.39
2016.74590 -137.80    3.49
2016.74863 -132.28    3.90
2016.75137 -139.40    3.92
2016.75410 -141.29    3.52
2016.75683 -138.00    3.21
2016.75956 -143.43    3.60
2016.76230 -139.11    4.48
2016.76503 -140.17    4.44
2016.76776 -137.73    3.59
2016.77049 -138.52    3.24
2016.77322 -139.08    2.72
2016.77596 -140.50    2.75
2016.77869 -138.65    3.91
2016.78142 -139.87    3.85
2016.78415 -139.54    3.32
2016.78689 -142.16    3.62
2016.78962 -138.83    6.51
2016.79235 -134.32    4.19
2016.79508 -138.12    4.45
2016.79781 -143.37    3.82
2016.80055 -135.22    4.71
2016.80328 -140.10    6.06
2016.81421 -143.10    2.55
2016.81694 -140.86    3.45
2016.81967 -144.20    3.11
2016.82240 -143.12    2.76
2016.82514 -142.67    3.62
2016.82787 -141.14    3.04
2016.83060 -142.04    2.68
2016.83333 -139.89    2.81
2016.83607 -140.95    2.69
2016.83880 -140.86    2.69
2016.84153 -139.94    2.80
2016.84426 -140.79    3.99
2016.85246 -140.41    3.01
2016.85519 -139.51    2.53
2016.85792 -141.19    2.41
2016.86066 -138.90    3.09
2016.86339 -140.20    2.69
2016.86612 -141.30    2.53
2016.86885 -142.45    2.53
2016.87158 -140.54    2.68
2016.87432 -140.49    2.71
2016.87705 -141.36    2.55
2016.87978 -140.15    3.10
2016.88251 -140.76    3.09
2016.88525 -140.98    3.08
2016.88798 -141.16    3.06
2016.89071 -140.74    2.83
2016.89344 -135.89    2.80
2016.89617 -140.21    2.83
2016.89891 -139.56    2.72
2016.90164 -137.71    2.89
2016.90437 -141.79    3.02
2016.90710 -136.35    3.26
2016.90984 -135.97    2.75
2016.91257 -137.83    3.18
2016.91530 -141.95    3.78
2016.91803 -138.30    2.90
2016.92077 -138.80    2.62
2016.92350 -141.01    2.96
2016.92623 -138.63    2.69
2016.92896 -139.89    2.99