2016.0000   -125.12331
2016.0027   -125.14934
2016.0055   -125.17538
2016.0082   -125.20141
2016.0109   -125.22744
2016.0137   -125.25347
2016.0164   -125.27950
2016.0191   -125.30553
2016.0219   -125.33156
2016.0246   -125.35760
2016.0273   -125.38363
2016.0301   -125.40966
2016.0328   -125.43569
2016.0355   -125.46172
2016.0383   -125.48775
2016.0410   -125.51379
2016.0437   -125.53982
2016.0464   -125.56585
2016.0492   -125.59188
2016.0519   -125.61791
2016.0546   -125.64394
2016.0574   -125.66997
2016.0601   -125.69601
2016.0628   -125.72204
2016.0656   -125.74807
2016.0683   -125.77410
2016.0710   -125.80013
2016.0738   -125.82616
2016.0765   -125.85220
2016.0792   -125.87823
2016.0820   -125.90426
2016.0847   -125.93029
2016.0874   -125.95632
2016.0902   -125.98235
2016.0929   -126.00839
2016.0956   -126.03442
2016.0984   -126.06045
2016.1011   -126.08648
2016.1038   -126.11251
2016.1066   -126.13854
2016.1093   -126.16457
2016.1120   -126.19061
2016.1148   -126.21664
2016.1175   -126.24267
2016.1202   -126.26870
2016.1230   -126.29473
2016.1257   -126.32076
2016.1284   -126.34680
2016.1311   -126.37283
2016.1339   -126.39886
2016.1366   -126.42489
2016.1393   -126.45092
2016.1421   -126.47695
2016.1448   -126.50299
2016.1475   -126.52902
2016.1503   -126.55505
2016.1530   -126.58108
2016.1557   -126.60711
2016.1585   -126.63314
2016.1612   -126.65917
2016.1639   -126.68521
2016.1667   -126.71124
2016.1694   -126.73727
2016.1721   -126.76330
2016.1749   -126.78933
2016.1776   -126.81536
2016.1803   -126.84140
2016.1831   -126.86743
2016.1858   -126.89346
2016.1885   -126.91949
2016.1913   -126.94552
2016.1940   -126.97155
2016.1967   -126.99758
2016.1995   -127.02362
2016.2022   -127.04965
2016.2049   -127.07568
2016.2077   -127.10171
2016.2104   -127.12774
2016.2131   -127.15377
2016.2158   -127.17981
2016.2186   -127.20584
2016.2213   -127.23187
2016.2240   -127.25790
2016.2268   -127.28393
2016.2295   -127.30996
2016.2322   -127.33600
2016.2350   -127.36203
2016.2377   -127.38806
2016.2404   -127.41409
2016.2432   -127.44012
2016.2459   -127.46615
2016.2486   -127.49218
2016.2514   -127.51822
2016.2541   -127.54425
2016.2568   -127.57028
2016.2596   -127.59631
2016.2623   -127.62234
2016.2650   -127.64837
2016.2678   -127.67441
2016.2705   -127.70044
2016.2732   -127.72647
2016.2760   -127.75250
2016.2787   -127.77853
2016.2814   -127.80456
2016.2842   -127.83059
2016.2869   -127.85663
2016.2896   -127.88266
2016.2923   -127.90869
2016.2951   -127.93472
2016.2978   -127.96075
2016.3005   -127.98678
2016.3033   -128.01282
2016.3060   -128.03885
2016.3087   -128.06488
2016.3115   -128.09091
2016.3142   -128.11694
2016.3169   -128.14297
2016.3197   -128.16901
2016.3224   -128.19504
2016.3251   -128.22107
2016.3279   -128.24710
2016.3306   -128.27313
2016.3333   -128.29916
2016.3361   -128.32519
2016.3388   -128.35123
2016.3415   -128.37726
2016.3443   -128.40329
2016.3470   -128.42932
2016.3497   -128.45535
2016.3525   -128.48138
2016.3552   -128.50742
2016.3579   -128.53345
2016.3607   -128.55948
2016.3634   -128.58551
2016.3661   -128.61154
2016.3689   -128.63757
2016.3716   -128.66361
2016.3743   -128.68964
2016.3770   -128.71567
2016.3798   -128.74170
2016.3825   -128.76773
2016.3852   -128.79376
2016.3880   -128.81979
2016.3907   -128.84583
2016.3934   -128.87186
2016.3962   -128.89789
2016.3989   -128.92392
2016.4016   -128.94995
2016.4044   -128.97598
2016.4071   -129.00202
2016.4098   -129.02805
2016.4126   -129.05408
2016.4153   -129.08011
2016.4180   -129.10614
2016.4208   -129.13217
2016.4235   -129.15820
2016.4262   -129.18424
2016.4290   -129.21027
2016.4317   -129.23630
2016.4344   -129.26233
2016.4372   -129.28836
2016.4399   -129.31439
2016.4426   -129.34043
2016.4454   -129.36646
2016.4481   -129.39249
2016.4508   -129.41852
2016.4536   -129.44455
2016.4563   -129.47058
2016.4590   -129.49662
2016.4617   -129.52265
2016.4645   -129.54868
2016.4672   -129.57471
2016.4699   -129.60074
2016.4727   -129.62677
2016.4754   -129.65280
2016.4781   -129.67884
2016.4809   -129.70487
2016.4836   -129.73090
2016.4863   -129.75693
2016.4891   -129.78296
2016.4918   -129.80899
2016.4945   -129.83503
2016.4973   -129.86106
2016.5000   -129.88709
2016.5027   -129.91312
2016.5055   -129.93915
2016.5082   -129.96518
2016.5109   -129.99121
2016.5137   -130.01725
2016.5164   -130.04328
2016.5191   -130.06931
2016.5219   -130.09534
2016.5246   -130.12137
2016.5273   -130.14740
2016.5301   -130.17344
2016.5328   -130.19947
2016.5355   -130.22550
2016.5383   -130.25153
2016.5410   -130.27756
2016.5437   -130.30359
2016.5464   -130.32963
2016.5492   -130.35566
2016.5519   -130.38169
2016.5546   -130.40772
2016.5574   -130.43375
2016.5601   -130.45978
2016.5628   -130.48581
2016.5656   -130.51185
2016.5683   -130.53788
2016.5710   -130.56391
2016.5738   -130.58994
2016.5765   -130.61597
2016.5792   -130.64200
2016.5820   -130.66804
2016.5847   -130.69407
2016.5874   -130.72010
2016.5902   -130.74613
2016.5929   -130.77216
2016.5956   -130.79819
2016.5984   -130.82423
2016.6011   -130.85026
2016.6038   -130.87629
2016.6066   -130.90232
2016.6093   -130.92835
2016.6120   -130.95438
2016.6148   -130.98041
2016.6175   -131.00645
2016.6202   -131.03248
2016.6230   -131.05851
2016.6257   -131.08454
2016.6284   -131.11057
2016.6311   -131.13660
2016.6339   -131.16264
2016.6366   -131.18867
2016.6393   -131.21470
2016.6421   -131.24073
2016.6448   -131.26676
2016.6475   -131.29279
2016.6503   -131.31882
2016.6530   -131.34486
2016.6557   -131.37089
2016.6585   -131.39692
2016.6612   -131.42295
2016.6639   -131.44898
2016.6667   -131.47501
2016.6694   -131.50105
2016.6721   -131.52708
2016.6749   -131.55311
2016.6776   -131.57914
2016.6803   -131.60517
2016.6831   -131.63120
2016.6858   -131.65724
2016.6885   -131.68327
2016.6913   -131.70930
2016.6940   -131.73533
2016.6967   -131.76136
2016.6995   -131.78739
2016.7022   -131.81342
2016.7049   -131.83946
2016.7077   -131.86549
2016.7104   -131.89152
2016.7131   -131.91755
2016.7158   -131.94358
2016.7186   -131.96961
2016.7213   -131.99565
2016.7240   -132.02168
2016.7268   -132.04771
2016.7295   -132.07374
2016.7322   -132.09977
2016.7350   -132.12580
2016.7377   -132.15183
2016.7404   -132.17787
2016.7432   -132.20390
2016.7459   -132.22993
2016.7486   -132.25596
2016.7514   -132.28199
2016.7541   -132.30802
2016.7568   -132.33406
2016.7596   -132.36009
2016.7623   -132.38612
2016.7650   -132.41215
2016.7678   -132.43818
2016.7705   -132.46421
2016.7732   -132.49025
2016.7760   -132.51628
2016.7787   -132.54231
2016.7814   -132.56834
2016.7842   -132.59437
2016.7869   -132.62040
2016.7896   -132.64643
2016.7923   -132.67247
2016.7951   -132.69850
2016.7978   -132.72453
2016.8005   -132.75056
2016.8033   -132.77659
2016.8060   -132.80262
2016.8087   -132.82866
2016.8115   -132.85469
2016.8142   -132.88072
2016.8169   -132.90675
2016.8197   -132.93278
2016.8224   -132.95881
2016.8251   -132.98484
2016.8279   -133.01088
2016.8306   -133.03691
2016.8333   -133.06294
2016.8361   -133.08897
2016.8388   -133.11500
2016.8415   -133.14103
2016.8443   -133.16707
2016.8470   -133.19310
2016.8497   -133.21913
2016.8525   -133.24516
2016.8552   -133.27119
2016.8579   -133.29722
2016.8607   -133.32326
2016.8634   -133.34929
2016.8661   -133.37532
2016.8689   -133.40135
2016.8716   -133.42738
2016.8743   -133.45341
2016.8770   -133.47944
2016.8798   -133.50548
2016.8825   -133.53151
2016.8852   -133.55754
2016.8880   -133.58357
