2016.00000 -125.52    3.88
2016.00273 -125.39    3.87
2016.00546 -126.82    4.28
2016.00820 -127.01    4.49
2016.01093 -125.00    4.26
2016.01366 -127.94    4.39
2016.01639 -126.80    4.09
2016.01913 -126.96    4.11
2016.02186 -125.67    4.04
2016.02459 -127.37    3.98
2016.02732 -126.49    4.22
2016.03005 -124.86    4.36
2016.03279 -126.10    4.15
2016.03552 -124.56    4.12
2016.03825 -125.33    4.14
2016.04098 -126.67    4.29
2016.04372 -129.20    4.34
2016.04645 -126.62    4.39
2016.04918 -124.27    3.97
2016.05191 -124.27    4.41
2016.05464 -126.71    4.14
2016.05738 -127.69    4.20
2016.06011 -126.04    3.99
2016.06284 -125.34    4.17
2016.06557 -123.23    4.19
2016.06831 -126.10    4.08
2016.07104 -129.53    3.98
2016.07377 -127.91    4.01
2016.07650 -129.27    4.30
2016.07923 -125.59    4.71
2016.08197 -124.58    4.09
2016.08470 -123.90    4.00
2016.08743 -124.38    4.34
2016.09016 -124.44    4.18
2016.09290 -122.85    4.13
2016.09563 -125.21    4.22
2016.09836 -124.77    4.06
2016.10109 -124.20    3.84
2016.10383 -124.73    3.99
2016.10656 -126.80    4.08
2016.10929 -133.86    4.28
2016.11202 -128.92    3.95
2016.11475 -127.75    4.16
2016.11749 -124.11    4.07
2016.12022 -125.21    4.08
2016.12295 -123.41    4.22
2016.12568 -125.48    4.09
2016.12842 -126.75    4.14
2016.13115 -126.45    3.99
2016.13388 -123.61    3.91
2016.13661 -124.58    3.90
2016.13934 -126.05    4.06
2016.14208 -127.43    4.01
2016.14481 -127.25    3.86
2016.14754 -125.81    4.02
2016.15027 -126.56    4.27
2016.15301 -128.96    4.02
2016.15574 -125.12    4.16
2016.15847 -124.37    4.31
2016.16120 -125.39    4.14
2016.16393 -124.76    4.14
2016.16667 -127.99    3.94
2016.16940 -130.03    4.42
2016.17213 -128.36    4.38
2016.17486 -125.03    4.49
2016.17760 -124.84    4.75
2016.18033 -125.47    4.00
2016.18306 -127.19    4.30
2016.18579 -127.16    4.96
2016.18852 -123.18    4.80
2016.19126 -126.03    4.75
2016.19399 -123.61    4.23
2016.19672 -128.17    4.58
2016.19945 -125.14    4.77
2016.20219 -126.41    4.52
2016.20492 -130.66    4.62
2016.20765 -128.23    4.27
2016.21038 -128.64    4.40
2016.21311 -127.34    5.26
2016.21585 -126.46    4.52
2016.21858 -126.09    4.09
2016.22131 -126.51    4.28
2016.22404 -129.18    4.21
2016.22678 -126.94    4.78
2016.22951 -127.52    4.26
2016.23224 -126.29    4.24
2016.23497 -128.62    4.00
2016.23770 -127.77    3.98
2016.24044 -129.72    4.38
2016.24317 -128.08    4.43
2016.24590 -127.82    4.32
2016.24863 -126.02    4.45
2016.25137 -129.20    4.28
2016.25410 -126.91    4.49
2016.25683 -127.72    4.47
2016.25956 -125.34    4.37
2016.26230 -128.41    4.45
2016.26503 -126.21    4.38
2016.26776 -128.72    4.33
2016.27049 -128.11    4.62
2016.27322 -127.62    4.43
2016.27596 -129.93    4.58
2016.27869 -129.31    4.80
2016.28142 -131.26    4.43
2016.28415 -128.84    4.60
2016.28689 -128.31    4.92
2016.28962 -130.00    4.78
2016.29235 -128.84    4.71
2016.29508 -128.66    4.86
2016.29781 -128.82    4.44
2016.30055 -132.54    4.46
2016.30328 -132.11    4.39
2016.30601 -130.20    4.82
2016.30874 -128.61    5.29
2016.31148 -131.53    5.29
2016.31421 -131.10    4.36
2016.31694 -132.56    4.39
2016.31967 -129.93    4.93
2016.32240 -130.59    5.59
2016.32514 -128.02    4.10
2016.32787 -132.21    4.50
2016.33060 -132.75    4.35
2016.33333 -131.18    4.46
2016.33607 -130.07    4.69
2016.33880 -126.99    4.84
2016.34153 -134.40    4.62
2016.34426 -133.02    5.32
2016.34699 -127.30    4.77
2016.34973 -127.16    5.33
2016.35246 -132.35    5.46
2016.35519 -132.35    5.14
2016.35792 -129.14    5.40
2016.36066 -128.26    4.59
2016.36339 -129.46    4.44
2016.36612 -124.84    5.61
2016.36885 -133.64    5.02
2016.37158 -131.06    5.39
2016.37432 -129.43    4.79
2016.37705 -130.37    4.86
2016.37978 -128.38    4.49
2016.38251 -127.33    4.90
2016.38525 -129.99    4.80
2016.38798 -129.27    4.86
2016.39071 -126.30    5.47
2016.39344 -126.17    5.76
2016.39617 -128.46    5.64
2016.39891 -126.87    5.73
2016.40164 -127.67    5.51
2016.40437 -127.70    5.77
2016.40710 -133.18    6.06
2016.40984 -127.98    5.17
2016.41257 -124.49    5.65
2016.41530 -126.54    4.76
2016.41803 -127.30    4.67
2016.42077 -124.99    5.46
2016.42350 -128.19    4.88
2016.42623 -129.26    5.13
2016.42896 -127.48    5.84
2016.43169 -127.63    5.28
2016.43443 -123.98    6.80
2016.43716 -129.36    5.34
2016.43989 -125.77    5.14
2016.44262 -128.91    4.62
2016.44536 -129.61    4.59
2016.44809 -128.66    4.81
2016.45082 -128.63    4.71
2016.45355 -127.82    4.89
2016.45628 -129.47    4.96
2016.45902 -129.16    5.00
2016.46448 -127.86    6.50
2016.46721 -127.97    5.24
2016.46995 -120.29    5.87
2016.47268 -127.10    5.42
2016.47541 -124.02    5.03
2016.47814 -129.46    5.10
2016.48087 -125.88    6.25
2016.48361 -123.83    5.44
2016.48634 -120.60    5.84
2016.48907 -126.98    5.31
2016.49180 -127.14    5.46
2016.49454 -122.22    6.18
2016.49727 -126.45    5.14
2016.50000 -129.98    5.05
2016.50273 -126.01    5.21
2016.50546 -125.48    5.07
2016.50820 -127.44    5.04
2016.51093 -131.23    8.19
2016.51639 -127.44    6.45
2016.51913 -137.43    8.33
2016.52186 -126.29    5.21
2016.52459 -126.34    5.87
2016.52732 -129.36    5.12
2016.53005 -130.04    5.17
2016.53279 -127.60    4.98
2016.53552 -127.88    5.91
2016.53825 -132.05    4.79
2016.54098 -127.11    4.80
2016.54372 -123.99    5.67
2016.54645 -130.88    5.53
2016.54918 -126.51    5.10
2016.55191 -130.95    5.59
2016.55464 -128.10    4.95
2016.55738 -125.96    4.62
2016.56011 -127.47    4.57
2016.56284 -136.03    5.51
2016.56557 -130.70    4.92
2016.56831 -128.80    4.84
2016.57104 -129.39    5.05
2016.57377 -128.54    4.87
2016.57650 -129.48    4.89
2016.57923 -128.50    4.90
2016.58197 -128.62    5.38
2016.58470 -129.87    5.32
2016.58743 -131.79    4.85
2016.59016 -126.87    4.99
2016.59290 -130.41    4.51
2016.59563 -128.45    4.48
2016.59836 -126.88    5.01
2016.60109 -133.39    4.82
2016.60383 -128.10    4.85
2016.60656 -131.87    5.45
2016.60929 -126.96    5.57
2016.61202 -134.41    4.95
2016.61475 -133.64    4.81
2016.61749 -141.54    5.03
2016.62022 -140.99    4.91
2016.62295 -138.96    4.89
2016.62568 -130.35    4.56
2016.62842 -130.18    4.66
2016.63115 -129.65    4.78
2016.63388 -132.27    5.30
2016.63661 -131.43    4.75
2016.63934 -136.12    5.06
2016.64208 -129.92    4.86
2016.64481 -132.32    5.40
2016.64754 -129.49    4.95
2016.65027 -127.29    5.09
2016.65301 -131.87    5.36
2016.65574 -127.01    6.42
2016.65847 -124.92    5.21
2016.66120 -128.06    5.07
2016.66393 -129.48    4.73
2016.66667 -133.08    5.26
2016.66940 -132.02    4.74
2016.67213 -129.49    5.42
2016.67486 -129.68    4.95
2016.67760 -135.55    5.30
2016.68033 -139.20    6.20
2016.68306 -130.76    6.52
2016.68579 -128.42    4.65
2016.68852 -133.33    5.02
2016.69126 -131.10    5.18
2016.69399 -137.25    5.12
2016.69672 -128.69    5.52
2016.69945 -126.88    4.91
2016.70219 -135.86    5.54
2016.70492 -138.03    6.55
2016.70765 -132.58    5.95
2016.71038 -133.99    5.54
2016.71311 -129.51    5.42
2016.71585 -132.27    4.90
2016.71858 -130.11    4.89
2016.72131 -132.08    4.97
2016.72404 -131.76    4.83
2016.72678 -127.24    5.73
2016.72951 -128.32    4.81
2016.73224 -126.48    4.38
2016.73497 -130.74    5.12
2016.73770 -130.96    6.18
2016.74044 -128.88    6.80
2016.74317 -135.09    5.90
2016.74590 -131.95    5.23
2016.74863 -132.12    5.22
2016.75137 -136.30    5.51
2016.75410 -134.32    5.02
2016.75683 -132.28    4.77
2016.75956 -131.45    5.04
2016.76230 -133.67    6.33
2016.76503 -136.79    5.70
2016.76776 -129.16    5.54
2016.77049 -131.36    5.00
2016.77322 -132.26    5.05
2016.77596 -133.61    4.80
2016.77869 -131.74    5.54
2016.78142 -131.07    5.83
2016.78415 -132.78    5.10
2016.78689 -132.86    5.14
2016.78962 -139.22    7.59
2016.79235 -136.78    5.48
2016.79508 -135.96    5.96
2016.79781 -137.55    5.25
2016.80055 -136.88    5.95
2016.80601 -136.21    4.95
2016.80874 -132.01    4.78
2016.81148 -133.23    4.88
2016.81421 -136.54    4.32
2016.81694 -132.95    4.93
2016.81967 -135.90    4.61
2016.82240 -134.47    4.56
2016.82514 -134.55    5.25
2016.82787 -133.42    4.81
2016.83060 -133.40    4.40
2016.83333 -133.00    4.43
2016.83607 -132.38    4.62
2016.83880 -131.75    4.44
2016.84153 -133.54    4.66
2016.84426 -134.77    5.43
2016.84699 -135.84    4.68
2016.84973 -141.59    4.85
2016.85246 -132.08    4.46
2016.85519 -132.31    4.47
2016.85792 -134.24    4.29
2016.86066 -131.20    4.92
2016.86339 -135.12    4.42
2016.86612 -132.65    4.27
2016.86885 -134.42    4.38
2016.87158 -131.88    4.52
2016.87432 -132.44    4.43
2016.87705 -136.06    4.26
2016.88251 -137.70    4.87
2016.88525 -135.05    4.81
2016.88798 -132.97    4.74