2016.00000    410.58
2016.00273    410.66
2016.00546    410.74
2016.00820    410.83
2016.01093    410.91
2016.01366    410.99
2016.01639    411.07
2016.01913    411.15
2016.02186    411.23
2016.02459    411.31
2016.02732    411.40
2016.03005    411.48
2016.03279    411.56
2016.03552    411.64
2016.03825    411.72
2016.04098    411.80
2016.04372    411.89
2016.04645    411.97
2016.04918    412.05
2016.05191    412.13
2016.05464    412.21
2016.05738    412.29
2016.06011    412.37
2016.06284    412.46
2016.06557    412.54
2016.06831    412.62
2016.07104    412.70
2016.07377    412.78
2016.07650    412.86
2016.07923    412.95
2016.08197    413.03
2016.08470    413.11
2016.08743    413.19
2016.09016    413.27
2016.09290    413.35
2016.09563    413.44
2016.09836    413.52
2016.10109    413.60
2016.10383    413.68
2016.10656    413.76
2016.10929    413.84
2016.11202    413.92
2016.11475    414.01
2016.11749    414.09
2016.12022    414.17
2016.12295    414.25
2016.12568    414.33
2016.12842    414.41
2016.13115    414.50
2016.13388    414.58
2016.13661    414.66
2016.13934    414.74
2016.14208    414.82
2016.14481    414.90
2016.14754    414.98
2016.15027    415.07
2016.15301    415.15
2016.15574    415.23
2016.15847    415.31
2016.16120    415.39
2016.16393    415.47
2016.16667    415.56
2016.16940    415.64
2016.17213    415.72
2016.17486    415.80
2016.17760    415.88
2016.18033    415.96
2016.18306    416.04
2016.18579    416.13
2016.18852    416.21
2016.19126    416.29
2016.19399    416.37
2016.19672    416.45
2016.19945    416.53
2016.20219    416.62
2016.20492    416.70
2016.20765    416.78
2016.21038    416.86
2016.21311    416.94
2016.21585    417.02
2016.21858    417.11
2016.22131    417.19
2016.22404    417.27
2016.22678    417.35
2016.22951    417.43
2016.23224    417.51
2016.23497    417.59
2016.23770    417.68
2016.24044    417.76
2016.24317    417.84
2016.24590    417.92
2016.24863    418.00
2016.25137    418.08
2016.25410    418.17
2016.25683    418.25
2016.25956    418.33
2016.26230    418.41
2016.26503    418.49
2016.26776    418.57
2016.27049    418.65
2016.27322    418.74
2016.27596    418.82
2016.27869    418.90
2016.28142    418.98
2016.28415    419.06
2016.28689    419.14
2016.28962    419.23
2016.29235    419.31
2016.29508    419.39
2016.29781    419.47
2016.30055    419.55
2016.30328    419.63
2016.30601    419.72
2016.30874    419.80
2016.31148    419.88
2016.31421    419.96
2016.31694    420.04
2016.31967    420.12
2016.32240    420.20
2016.32514    420.29
2016.32787    420.37
2016.33060    420.45
2016.33333    420.53
2016.33607    420.61
2016.33880    420.69
2016.34153    420.78
2016.34426    420.86
2016.34699    420.94
2016.34973    421.02
2016.35246    421.10
2016.35519    421.18
2016.35792    421.26
2016.36066    421.35
2016.36339    421.43
2016.36612    421.51
2016.36885    421.59
2016.37158    421.67
2016.37432    421.75
2016.37705    421.84
2016.37978    421.92
2016.38251    422.00
2016.38525    422.08
2016.38798    422.16
2016.39071    422.24
2016.39344    422.32
2016.39617    422.41
2016.39891    422.49
2016.40164    422.57
2016.40437    422.65
2016.40710    422.73
2016.40984    422.81
2016.41257    422.90
2016.41530    422.98
2016.41803    423.06
2016.42077    423.14
2016.42350    423.22
2016.42623    423.30
2016.42896    423.39
2016.43169    423.47
2016.43443    423.55
2016.43716    423.63
2016.43989    423.71
2016.44262    423.79
2016.44536    423.87
2016.44809    423.96
2016.45082    424.04
2016.45355    424.12
2016.45628    424.20
2016.45902    424.28
2016.46448    424.45
2016.46721    424.53
2016.46995    424.61
2016.47268    424.69
2016.47541    424.77
2016.47814    424.85
2016.48087    424.93
2016.48361    425.02
2016.48634    425.10
2016.48907    425.18
2016.49180    425.26
2016.49454    425.34
2016.49727    425.42
2016.50000    425.51
2016.50273    425.59
2016.50546    425.67
2016.50820    425.75
2016.51093    425.83
2016.51639    426.00
2016.51913    426.08
2016.52186    426.16
2016.52459    426.24
2016.52732    426.32
2016.53005    426.40
2016.53279    426.48
2016.53552    426.57
2016.53825    426.65
2016.54098    426.73
2016.54372    426.81
2016.54645    426.89
2016.54918    426.97
2016.55191    427.06
2016.55464    427.14
2016.55738    427.22
2016.56011    427.30
2016.56284    427.38
2016.56557    427.46
2016.56831    427.54
2016.57104    427.63
2016.57377    427.71
2016.57650    427.79
2016.57923    427.87
2016.58197    427.95
2016.58470    428.03
2016.58743    428.12
2016.59016    428.20
2016.59290    428.28
2016.59563    428.36
2016.59836    428.44
2016.60109    428.52
2016.60383    428.61
2016.60656    428.69
2016.60929    428.77
2016.61202    428.85
2016.61475    428.93
2016.61749    429.01
2016.62022    429.09
2016.62295    429.18
2016.62568    429.26
2016.62842    429.34
2016.63115    429.42
2016.63388    429.50
2016.63661    429.58
2016.63934    429.67
2016.64208    429.75
2016.64481    429.83
2016.64754    429.91
2016.65027    429.99
2016.65301    430.07
2016.65574    430.15
2016.65847    430.24
2016.66120    430.32
2016.66393    430.40
2016.66667    430.48
2016.66940    430.56
2016.67213    430.64
2016.67486    430.73
2016.67760    430.81
2016.68033    430.89
2016.68306    430.97
2016.68579    431.05
2016.68852    431.13
2016.69126    431.22
2016.69399    431.30
2016.69672    431.38
2016.69945    431.46
2016.70219    431.54
2016.70492    431.62
2016.70765    431.70
2016.71038    431.79
2016.71311    431.87
2016.71585    431.95
2016.71858    432.03
2016.72131    432.11
2016.72404    432.19
2016.72678    432.28
2016.72951    432.36
2016.73224    432.44
2016.73497    432.52
2016.73770    432.60
2016.74044    432.68
2016.74317    432.76
2016.74590    432.85
2016.74863    432.93
2016.75137    433.01
2016.75410    433.09
2016.75683    433.17
2016.75956    433.25
2016.76230    433.34
2016.76503    433.42
2016.76776    433.50
2016.77049    433.58
2016.77322    433.66
2016.77596    433.74
2016.77869    433.82
2016.78142    433.91
2016.78415    433.99
2016.78689    434.07
2016.78962    434.15
2016.79235    434.23
2016.79508    434.31
2016.79781    434.40
2016.80055    434.48
2016.80601    434.64
2016.80874    434.72
2016.81148    434.80
2016.81421    434.89
2016.81694    434.97
2016.81967    435.05
2016.82240    435.13
2016.82514    435.21
2016.82787    435.29
2016.83060    435.37
2016.83333    435.46
2016.83607    435.54
2016.83880    435.62
2016.84153    435.70
2016.84426    435.78
2016.84699    435.86
2016.84973    435.95
2016.85246    436.03
2016.85519    436.11
2016.85792    436.19
2016.86066    436.27
2016.86339    436.35
2016.86612    436.43
2016.86885    436.52
2016.87158    436.60
2016.87432    436.68
2016.87705    436.76
2016.88251    436.92
2016.88525    437.01
2016.88798    437.09
