2016.00000   -125.12
2016.00273   -125.15
2016.00546   -125.18
2016.00820   -125.20
2016.01093   -125.23
2016.01366   -125.25
2016.01639   -125.28
2016.01913   -125.31
2016.02186   -125.33
2016.02459   -125.36
2016.02732   -125.38
2016.03005   -125.41
2016.03279   -125.44
2016.03552   -125.46
2016.03825   -125.49
2016.04098   -125.51
2016.04372   -125.54
2016.04645   -125.57
2016.04918   -125.59
2016.05191   -125.62
2016.05464   -125.64
2016.05738   -125.67
2016.06011   -125.70
2016.06284   -125.72
2016.06557   -125.75
2016.06831   -125.77
2016.07104   -125.80
2016.07377   -125.83
2016.07650   -125.85
2016.07923   -125.88
2016.08197   -125.90
2016.08470   -125.93
2016.08743   -125.96
2016.09016   -125.98
2016.09290   -126.01
2016.09563   -126.03
2016.09836   -126.06
2016.10109   -126.09
2016.10383   -126.11
2016.10656   -126.14
2016.10929   -126.16
2016.11202   -126.19
2016.11475   -126.22
2016.11749   -126.24
2016.12022   -126.27
2016.12295   -126.29
2016.12568   -126.32
2016.12842   -126.35
2016.13115   -126.37
2016.13388   -126.40
2016.13661   -126.42
2016.13934   -126.45
2016.14208   -126.48
2016.14481   -126.50
2016.14754   -126.53
2016.15027   -126.56
2016.15301   -126.58
2016.15574   -126.61
2016.15847   -126.63
2016.16120   -126.66
2016.16393   -126.69
2016.16667   -126.71
2016.16940   -126.74
2016.17213   -126.76
2016.17486   -126.79
2016.17760   -126.82
2016.18033   -126.84
2016.18306   -126.87
2016.18579   -126.89
2016.18852   -126.92
2016.19126   -126.95
2016.19399   -126.97
2016.19672   -127.00
2016.19945   -127.02
2016.20219   -127.05
2016.20492   -127.08
2016.20765   -127.10
2016.21038   -127.13
2016.21311   -127.15
2016.21585   -127.18
2016.21858   -127.21
2016.22131   -127.23
2016.22404   -127.26
2016.22678   -127.28
2016.22951   -127.31
2016.23224   -127.34
2016.23497   -127.36
2016.23770   -127.39
2016.24044   -127.41
2016.24317   -127.44
2016.24590   -127.47
2016.24863   -127.49
2016.25137   -127.52
2016.25410   -127.54
2016.25683   -127.57
2016.25956   -127.60
2016.26230   -127.62
2016.26503   -127.65
2016.26776   -127.67
2016.27049   -127.70
2016.27322   -127.73
2016.27596   -127.75
2016.27869   -127.78
2016.28142   -127.80
2016.28415   -127.83
2016.28689   -127.86
2016.28962   -127.88
2016.29235   -127.91
2016.29508   -127.93
2016.29781   -127.96
2016.30055   -127.99
2016.30328   -128.01
2016.30601   -128.04
2016.30874   -128.06
2016.31148   -128.09
2016.31421   -128.12
2016.31694   -128.14
2016.31967   -128.17
2016.32240   -128.19
2016.32514   -128.22
2016.32787   -128.25
2016.33060   -128.27
2016.33333   -128.30
2016.33607   -128.33
2016.33880   -128.35
2016.34153   -128.38
2016.34426   -128.40
2016.34699   -128.43
2016.34973   -128.46
2016.35246   -128.48
2016.35519   -128.51
2016.35792   -128.53
2016.36066   -128.56
2016.36339   -128.59
2016.36612   -128.61
2016.36885   -128.64
2016.37158   -128.66
2016.37432   -128.69
2016.37705   -128.72
2016.37978   -128.74
2016.38251   -128.77
2016.38525   -128.79
2016.38798   -128.82
2016.39071   -128.85
2016.39344   -128.87
2016.39617   -128.90
2016.39891   -128.92
2016.40164   -128.95
2016.40437   -128.98
2016.40710   -129.00
2016.40984   -129.03
2016.41257   -129.05
2016.41530   -129.08
2016.41803   -129.11
2016.42077   -129.13
2016.42350   -129.16
2016.42623   -129.18
2016.42896   -129.21
2016.43169   -129.24
2016.43443   -129.26
2016.43716   -129.29
2016.43989   -129.31
2016.44262   -129.34
2016.44536   -129.37
2016.44809   -129.39
2016.45082   -129.42
2016.45355   -129.44
2016.45628   -129.47
2016.45902   -129.50
2016.46448   -129.55
2016.46721   -129.57
2016.46995   -129.60
2016.47268   -129.63
2016.47541   -129.65
2016.47814   -129.68
2016.48087   -129.70
2016.48361   -129.73
2016.48634   -129.76
2016.48907   -129.78
2016.49180   -129.81
2016.49454   -129.84
2016.49727   -129.86
2016.50000   -129.89
2016.50273   -129.91
2016.50546   -129.94
2016.50820   -129.97
2016.51093   -129.99
2016.51639   -130.04
2016.51913   -130.07
2016.52186   -130.10
2016.52459   -130.12
2016.52732   -130.15
2016.53005   -130.17
2016.53279   -130.20
2016.53552   -130.23
2016.53825   -130.25
2016.54098   -130.28
2016.54372   -130.30
2016.54645   -130.33
2016.54918   -130.36
2016.55191   -130.38
2016.55464   -130.41
2016.55738   -130.43
2016.56011   -130.46
2016.56284   -130.49
2016.56557   -130.51
2016.56831   -130.54
2016.57104   -130.56
2016.57377   -130.59
2016.57650   -130.62
2016.57923   -130.64
2016.58197   -130.67
2016.58470   -130.69
2016.58743   -130.72
2016.59016   -130.75
2016.59290   -130.77
2016.59563   -130.80
2016.59836   -130.82
2016.60109   -130.85
2016.60383   -130.88
2016.60656   -130.90
2016.60929   -130.93
2016.61202   -130.95
2016.61475   -130.98
2016.61749   -131.01
2016.62022   -131.03
2016.62295   -131.06
2016.62568   -131.08
2016.62842   -131.11
2016.63115   -131.14
2016.63388   -131.16
2016.63661   -131.19
2016.63934   -131.21
2016.64208   -131.24
2016.64481   -131.27
2016.64754   -131.29
2016.65027   -131.32
2016.65301   -131.34
2016.65574   -131.37
2016.65847   -131.40
2016.66120   -131.42
2016.66393   -131.45
2016.66667   -131.48
2016.66940   -131.50
2016.67213   -131.53
2016.67486   -131.55
2016.67760   -131.58
2016.68033   -131.61
2016.68306   -131.63
2016.68579   -131.66
2016.68852   -131.68
2016.69126   -131.71
2016.69399   -131.74
2016.69672   -131.76
2016.69945   -131.79
2016.70219   -131.81
2016.70492   -131.84
2016.70765   -131.87
2016.71038   -131.89
2016.71311   -131.92
2016.71585   -131.94
2016.71858   -131.97
2016.72131   -132.00
2016.72404   -132.02
2016.72678   -132.05
2016.72951   -132.07
2016.73224   -132.10
2016.73497   -132.13
2016.73770   -132.15
2016.74044   -132.18
2016.74317   -132.20
2016.74590   -132.23
2016.74863   -132.26
2016.75137   -132.28
2016.75410   -132.31
2016.75683   -132.33
2016.75956   -132.36
2016.76230   -132.39
2016.76503   -132.41
2016.76776   -132.44
2016.77049   -132.46
2016.77322   -132.49
2016.77596   -132.52
2016.77869   -132.54
2016.78142   -132.57
2016.78415   -132.59
2016.78689   -132.62
2016.78962   -132.65
2016.79235   -132.67
2016.79508   -132.70
2016.79781   -132.72
2016.80055   -132.75
2016.80601   -132.80
2016.80874   -132.83
2016.81148   -132.85
2016.81421   -132.88
2016.81694   -132.91
2016.81967   -132.93
2016.82240   -132.96
2016.82514   -132.98
2016.82787   -133.01
2016.83060   -133.04
2016.83333   -133.06
2016.83607   -133.09
2016.83880   -133.12
2016.84153   -133.14
2016.84426   -133.17
2016.84699   -133.19
2016.84973   -133.22
2016.85246   -133.25
2016.85519   -133.27
2016.85792   -133.30
2016.86066   -133.32
2016.86339   -133.35
2016.86612   -133.38
2016.86885   -133.40
2016.87158   -133.43
2016.87432   -133.45
2016.87705   -133.48
2016.88251   -133.53
2016.88525   -133.56
2016.88798   -133.58
