2016.0000     -8.04585
2016.0027     -8.03428
2016.0055     -8.02272
2016.0082     -8.01115
2016.0109     -7.99959
2016.0137     -7.98802
2016.0164     -7.97645
2016.0191     -7.96489
2016.0219     -7.95332
2016.0246     -7.94176
2016.0273     -7.93019
2016.0301     -7.91862
2016.0328     -7.90706
2016.0355     -7.89549
2016.0383     -7.88393
2016.0410     -7.87236
2016.0437     -7.86080
2016.0464     -7.84923
2016.0492     -7.83766
2016.0519     -7.82610
2016.0546     -7.81453
2016.0574     -7.80297
2016.0601     -7.79140
2016.0628     -7.77984
2016.0656     -7.76827
2016.0683     -7.75670
2016.0710     -7.74514
2016.0738     -7.73357
2016.0765     -7.72201
2016.0792     -7.71044
2016.0820     -7.69888
2016.0847     -7.68731
2016.0874     -7.67574
2016.0902     -7.66418
2016.0929     -7.65261
2016.0956     -7.64105
2016.0984     -7.62948
2016.1011     -7.61791
2016.1038     -7.60635
2016.1066     -7.59478
2016.1093     -7.58322
2016.1120     -7.57165
2016.1148     -7.56009
2016.1175     -7.54852
2016.1202     -7.53695
2016.1230     -7.52539
2016.1257     -7.51382
2016.1284     -7.50226
2016.1311     -7.49069
2016.1339     -7.47913
2016.1366     -7.46756
2016.1393     -7.45599
2016.1421     -7.44443
2016.1448     -7.43286
2016.1475     -7.42130
2016.1503     -7.40973
2016.1530     -7.39817
2016.1557     -7.38660
2016.1585     -7.37503
2016.1612     -7.36347
2016.1639     -7.35190
2016.1667     -7.34034
2016.1694     -7.32877
2016.1721     -7.31720
2016.1749     -7.30564
2016.1776     -7.29407
2016.1803     -7.28251
2016.1831     -7.27094
2016.1858     -7.25938
2016.1885     -7.24781
2016.1913     -7.23624
2016.1940     -7.22468
2016.1967     -7.21311
2016.1995     -7.20155
2016.2022     -7.18998
2016.2049     -7.17842
2016.2077     -7.16685
2016.2104     -7.15528
2016.2131     -7.14372
2016.2158     -7.13215
2016.2186     -7.12059
2016.2213     -7.10902
2016.2240     -7.09746
2016.2268     -7.08589
2016.2295     -7.07432
2016.2322     -7.06276
2016.2350     -7.05119
2016.2377     -7.03963
2016.2404     -7.02806
2016.2432     -7.01649
2016.2459     -7.00493
2016.2486     -6.99336
2016.2514     -6.98180
2016.2541     -6.97023
2016.2568     -6.95867
2016.2596     -6.94710
2016.2623     -6.93553
2016.2650     -6.92397
2016.2678     -6.91240
2016.2705     -6.90084
2016.2732     -6.88927
2016.2760     -6.87771
2016.2787     -6.86614
2016.2814     -6.85457
2016.2842     -6.84301
2016.2869     -6.83144
2016.2896     -6.81988
2016.2923     -6.80831
2016.2951     -6.79675
2016.2978     -6.78518
2016.3005     -6.77361
2016.3033     -6.76205
2016.3060     -6.75048
2016.3087     -6.73892
2016.3115     -6.72735
2016.3142     -6.71578
2016.3169     -6.70422
2016.3197     -6.69265
2016.3224     -6.68109
2016.3251     -6.66952
2016.3279     -6.65796
2016.3306     -6.64639
2016.3333     -6.63482
2016.3361     -6.62326
2016.3388     -6.61169
2016.3415     -6.60013
2016.3443     -6.58856
2016.3470     -6.57700
2016.3497     -6.56543
2016.3525     -6.55386
2016.3552     -6.54230
2016.3579     -6.53073
2016.3607     -6.51917
2016.3634     -6.50760
2016.3661     -6.49604
2016.3689     -6.48447
2016.3716     -6.47290
2016.3743     -6.46134
2016.3770     -6.44977
2016.3798     -6.43821
2016.3825     -6.42664
2016.3852     -6.41507
2016.3880     -6.40351
2016.3907     -6.39194
2016.3934     -6.38038
2016.3962     -6.36881
2016.3989     -6.35725
2016.4016     -6.34568
2016.4044     -6.33411
2016.4071     -6.32255
2016.4098     -6.31098
2016.4126     -6.29942
2016.4153     -6.28785
2016.4180     -6.27629
2016.4208     -6.26472
2016.4235     -6.25315
2016.4262     -6.24159
2016.4290     -6.23002
2016.4317     -6.21846
2016.4344     -6.20689
2016.4372     -6.19533
2016.4399     -6.18376
2016.4426     -6.17219
2016.4454     -6.16063
2016.4481     -6.14906
2016.4508     -6.13750
2016.4536     -6.12593
2016.4563     -6.11436
2016.4590     -6.10280
2016.4617     -6.09123
2016.4645     -6.07967
2016.4672     -6.06810
2016.4699     -6.05654
2016.4727     -6.04497
2016.4754     -6.03340
2016.4781     -6.02184
2016.4809     -6.01027
2016.4836     -5.99871
2016.4863     -5.98714
2016.4891     -5.97558
2016.4918     -5.96401
2016.4945     -5.95244
2016.4973     -5.94088
2016.5000     -5.92931
2016.5027     -5.91775
2016.5055     -5.90618
2016.5082     -5.89462
2016.5109     -5.88305
2016.5137     -5.87148
2016.5164     -5.85992
2016.5191     -5.84835
2016.5219     -5.83679
2016.5246     -5.82522
2016.5273     -5.81365
2016.5301     -5.80209
2016.5328     -5.79052
2016.5355     -5.77896
2016.5383     -5.76739
2016.5410     -5.75583
2016.5437     -5.74426
2016.5464     -5.73269
2016.5492     -5.72113
2016.5519     -5.70956
2016.5546     -5.69800
2016.5574     -5.68643
2016.5601     -5.67487
2016.5628     -5.66330
2016.5656     -5.65173
2016.5683     -5.64017
2016.5710     -5.62860
2016.5738     -5.61704
2016.5765     -5.60547
2016.5792     -5.59391
2016.5820     -5.58234
2016.5847     -5.57077
2016.5874     -5.55921
2016.5902     -5.54764
2016.5929     -5.53608
2016.5956     -5.52451
2016.5984     -5.51294
2016.6011     -5.50138
2016.6038     -5.48981
2016.6066     -5.47825
2016.6093     -5.46668
2016.6120     -5.45512
2016.6148     -5.44355
2016.6175     -5.43198
2016.6202     -5.42042
2016.6230     -5.40885
2016.6257     -5.39729
2016.6284     -5.38572
2016.6311     -5.37416
2016.6339     -5.36259
2016.6366     -5.35102
2016.6393     -5.33946
2016.6421     -5.32789
2016.6448     -5.31633
2016.6475     -5.30476
2016.6503     -5.29320
2016.6530     -5.28163
2016.6557     -5.27006
2016.6585     -5.25850
2016.6612     -5.24693
2016.6639     -5.23537
2016.6667     -5.22380
2016.6694     -5.21223
2016.6721     -5.20067
2016.6749     -5.18910
2016.6776     -5.17754
2016.6803     -5.16597
2016.6831     -5.15441
2016.6858     -5.14284
2016.6885     -5.13127
2016.6913     -5.11971
2016.6940     -5.10814
2016.6967     -5.09658
2016.6995     -5.08501
2016.7022     -5.07345
2016.7049     -5.06188
2016.7077     -5.05031
2016.7104     -5.03875
2016.7131     -5.02718
2016.7158     -5.01562
2016.7186     -5.00405
2016.7213     -4.99249
2016.7240     -4.98092
2016.7268     -4.96935
2016.7295     -4.95779
2016.7322     -4.94622
2016.7350     -4.93466
2016.7377     -4.92309
2016.7404     -4.91152
2016.7432     -4.89996
2016.7459     -4.88839
2016.7486     -4.87683
2016.7514     -4.86526
2016.7541     -4.85370
2016.7568     -4.84213
2016.7596     -4.83056
2016.7623     -4.81900
2016.7650     -4.80743
2016.7678     -4.79587
2016.7705     -4.78430
2016.7732     -4.77274
2016.7760     -4.76117
2016.7787     -4.74960
2016.7814     -4.73804
2016.7842     -4.72647
2016.7869     -4.71491
2016.7896     -4.70334
2016.7923     -4.69178
2016.7951     -4.68021
2016.7978     -4.66864
2016.8005     -4.65708
2016.8033     -4.64551
2016.8060     -4.63395
2016.8087     -4.62238
2016.8115     -4.61081
2016.8142     -4.59925
2016.8169     -4.58768
2016.8197     -4.57612
2016.8224     -4.56455
2016.8251     -4.55299
2016.8279     -4.54142
2016.8306     -4.52985
2016.8333     -4.51829
2016.8361     -4.50672
2016.8388     -4.49516
2016.8415     -4.48359
2016.8443     -4.47203
2016.8470     -4.46046
2016.8497     -4.44889
2016.8525     -4.43733
2016.8552     -4.42576
2016.8579     -4.41420
2016.8607     -4.40263
2016.8634     -4.39107
2016.8661     -4.37950
2016.8689     -4.36793
2016.8716     -4.35637
2016.8743     -4.34480
2016.8770     -4.33324
2016.8798     -4.32167
2016.8825     -4.31010
2016.8852     -4.29854
2016.8880     -4.28697
