2016.00000   -9.29   18.98
2016.00273   -6.12   19.05
2016.00546   -2.25   20.41
2016.00820   -5.75   22.85
2016.01093   -7.08   20.46
2016.01366  -12.78   22.25
2016.01639   -6.99   20.34
2016.01913   -4.20   20.41
2016.02186   -3.21   19.95
2016.02459   -3.99   19.67
2016.02732    2.13   21.20
2016.03005   -9.70   21.89
2016.03279  -10.97   20.41
2016.03552   -4.51   21.00
2016.03825  -17.07   20.34
2016.04098  -14.00   20.99
2016.04372  -16.26   21.05
2016.04645   -4.06   21.47
2016.04918   -7.19   19.27
2016.05191  -18.37   21.19
2016.05464   -7.15   20.63
2016.05738  -11.64   21.53
2016.06011   -7.37   19.80
2016.06284  -14.42   20.03
2016.06557   -0.78   19.46
2016.06831   -4.80   19.19
2016.07104   -4.06   18.78
2016.07377  -10.13   20.28
2016.07650   -7.46   21.88
2016.07923  -11.59   23.05
2016.08197   -7.13   20.19
2016.08470  -14.09   19.92
2016.08743  -19.32   22.00
2016.09016  -16.94   20.84
2016.09290   -3.35   20.76
2016.09563  -14.31   21.16
2016.09836   -5.28   20.13
2016.10109   -6.51   18.92
2016.10383   -1.55   18.97
2016.10656   -3.35   19.90
2016.10929  -20.82   21.64
2016.11202    1.78   19.46
2016.11475   -0.90   21.00
2016.11749   10.06   20.04
2016.12022   -3.10   19.90
2016.12295  -10.79   21.01
2016.12568  -11.14   19.80
2016.12842   -4.50   20.06
2016.13115   -4.57   19.28
2016.13388   -2.36   19.46
2016.13661   -8.26   18.95
2016.13934  -11.02   20.28
2016.14208   -0.97   18.97
2016.14481   -2.32   18.99
2016.14754   -9.18   20.25
2016.15027   -8.10   19.96
2016.15301  -14.71   19.90
2016.15574    0.62   20.66
2016.15847  -10.29   20.40
2016.16120   -4.50   19.98
2016.16393  -18.59   19.53
2016.16667   -6.37   18.71
2016.16940  -11.38   21.13
2016.17213   -4.04   19.27
2016.17486   -9.38   21.48
2016.17760   -8.81   23.65
2016.18033   -8.01   19.03
2016.18306  -14.85   20.05
2016.18579   -0.52   22.29
2016.18852  -23.36   23.76
2016.19126  -18.47   22.33
2016.19399   -9.61   20.08
2016.19672  -12.26   21.02
2016.19945  -15.38   21.18
2016.20219  -24.65   19.38
2016.20492  -19.75   19.84
2016.20765  -17.57   19.67
2016.21038  -14.84   20.19
2016.21311  -16.50   27.76
2016.21585  -19.08   21.55
2016.21858   -8.44   19.21
2016.22131  -11.39   20.32
2016.22404  -15.23   20.40
2016.22678   -6.38   21.69
2016.22951  -10.34   20.49
2016.23224  -16.04   20.45
2016.23497    3.18   19.24
2016.23770   -1.80   18.99
2016.24044   -2.40   19.50
2016.24317    1.54   21.31
2016.24590   -5.55   19.79
2016.24863   -4.60   20.01
2016.25137    3.35   21.43
2016.25410    4.31   20.68
2016.25683   -6.41   22.55
2016.25956    1.73   21.74
2016.26230   -5.01   21.40
2016.26503   -2.68   21.99
2016.26776    2.29   22.00
2016.27049    0.51   23.09
2016.27322    7.14   22.89
2016.27596  -11.33   23.65
2016.27869  -12.36   25.37
2016.28142   -7.59   22.77
2016.28415  -10.62   23.73
2016.28689   -7.05   24.91
2016.28962   -6.13   24.85
2016.29235    3.36   24.48
2016.29508    0.48   23.62
2016.29781   -2.71   21.70
2016.30055   11.76   22.53
2016.30328   -6.55   22.37
2016.30601  -10.97   25.23
2016.30874  -12.28   27.43
2016.31148    3.54   27.76
2016.31421  -15.09   21.43
2016.31694   -3.09   22.05
2016.31967  -10.51   25.16
2016.32240    4.59   29.20
2016.32514   -7.90   20.11
2016.32787  -19.02   22.33
2016.33060   -8.08   21.12
2016.33333  -16.69   21.86
2016.33607   -2.35   22.99
2016.33880   19.26   24.16
2016.34153   -7.57   23.35
2016.34426   -1.34   26.88
2016.34699  -19.85   23.75
2016.34973    5.20   26.33
2016.35246  -20.55   27.92
2016.35519  -20.55   25.41
2016.35792   -8.76   28.64
2016.36066   -3.81   22.68
2016.36339  -25.26   22.01
2016.36612  -10.63   28.81
2016.36885  -12.41   25.23
2016.37158  -12.54   27.89
2016.37432  -13.93   24.63
2016.37705  -16.52   25.93
2016.37978    1.68   22.33
2016.38251   -7.59   25.21
2016.38525   -9.95   24.79
2016.38798  -10.51   24.07
2016.39071    5.25   27.77
2016.39344  -11.36   30.41
2016.39617   -1.56   30.57
2016.39891  -20.45   31.06
2016.40164   -1.41   30.76
2016.40437    3.38   31.21
2016.40710  -21.55   34.71
2016.40984  -18.85   27.83
2016.41257    8.00   30.14
2016.41530   -8.88   23.73
2016.41803    2.15   23.70
2016.42077   -8.01   28.31
2016.42350    1.32   24.97
2016.42623  -13.46   26.80
2016.42896   21.47   30.90
2016.43169    6.21   27.61
2016.43443   -7.63   38.57
2016.43716   -1.11   27.49
2016.43989    1.02   27.78
2016.44262   -1.91   24.45
2016.44536    0.84   23.10
2016.44809   -0.99   24.88
2016.45082    5.76   24.14
2016.45355   -5.42   25.94
2016.45628  -14.94   25.19
2016.45902   -5.81   26.13
2016.46448   11.17   35.28
2016.46721   -8.61   26.29
2016.46995   16.78   30.62
2016.47268    9.31   28.97
2016.47541    3.67   25.93
2016.47814    8.77   26.34
2016.48087   12.53   33.24
2016.48361    2.73   27.59
2016.48634   -7.90   30.86
2016.48907   13.53   27.60
2016.49180   -1.60   28.41
2016.49454  -26.41   31.97
2016.49727   -8.03   26.75
2016.50000  -12.14   26.37
2016.50273  -11.15   26.78
2016.50546   -3.05   25.75
2016.50820   -6.04   25.63
2016.51093   22.97   48.05
2016.51639   12.84   39.23
2016.51913  -25.81   60.27
2016.52186   -8.43   27.43
2016.52459  -12.67   32.90
2016.52732  -17.78   26.32
2016.53005   -1.40   27.42
2016.53279   -5.91   25.52
2016.53552    7.96   31.40
2016.53825  -11.31   24.95
2016.54098    0.11   24.39
2016.54372   -9.40   29.93
2016.54645   -3.61   30.05
2016.54918    3.42   26.79
2016.55191    4.79   30.11
2016.55464   -7.11   26.23
2016.55738   -2.47   23.61
2016.56011    6.81   23.10
2016.56284  -10.65   29.64
2016.56557   11.42   25.45
2016.56831   -9.33   25.07
2016.57104    1.95   26.23
2016.57377    2.56   25.14
2016.57650  -21.83   25.23
2016.57923   -6.01   25.46
2016.58197   -2.45   29.29
2016.58470  -20.22   28.57
2016.58743   -8.95   25.57
2016.59016    6.88   26.29
2016.59290  -16.82   23.31
2016.59563   -4.65   22.63
2016.59836    6.51   25.25
2016.60109  -10.57   23.98
2016.60383   -6.58   24.57
2016.60656  -15.55   27.93
2016.60929  -10.70   29.54
2016.61202   -7.53   26.19
2016.61475   -8.65   24.86
2016.61749  -18.68   26.58
2016.62022  -11.94   25.45
2016.62295    4.70   24.34
2016.62568   -2.22   23.00
2016.62842  -10.69   23.37
2016.63115   -9.58   22.93
2016.63388   -2.08   27.38
2016.63661  -12.66   23.08
2016.63934  -30.69   25.20
2016.64208   -4.05   23.92
2016.64481   -5.40   26.88
2016.64754   13.94   24.64
2016.65027   -3.74   24.05
2016.65301    4.13   26.33
2016.65574   15.22   33.35
2016.65847  -16.80   26.58
2016.66120   -0.26   24.03
2016.66393   -8.58   23.46
2016.66667   -3.99   26.38
2016.66940  -13.71   24.05
2016.67213  -39.47   25.85
2016.67486   -7.79   24.67
2016.67760  -24.37   26.98
2016.68033  -20.41   34.71
2016.68306  -22.82   38.01
2016.68579   -6.85   24.51
2016.68852  -29.30   26.93
2016.69126    4.37   27.15
2016.69399  -21.73   26.61
2016.69672    8.38   29.28
2016.69945   -2.73   25.16
2016.70219  -19.87   30.16
2016.70492  -35.45   38.58
2016.70765  -28.05   32.74
2016.71038   -7.24   28.39
2016.71311  -23.10   27.91
2016.71585   -1.84   24.56
2016.71858   -8.49   25.09
2016.72131  -13.48   25.13
2016.72404   -3.25   24.25
2016.72678   -3.47   28.22
2016.72951    9.15   22.93
2016.73224   17.63   21.61
2016.73497   16.94   26.54
2016.73770  -18.39   35.71
2016.74044    8.77   42.09
2016.74317  -26.85   30.16
2016.74590  -15.38   25.66
2016.74863    4.37   24.89
2016.75137   13.84   28.69
2016.75410  -24.86   24.88
2016.75683  -14.60   23.39
2016.75956   -2.65   24.37
2016.76230  -23.53   34.04
2016.76503  -20.04   29.34
2016.76776   -5.11   28.51
2016.77049   -5.56   24.76
2016.77322  -18.72   27.12
2016.77596    4.30   24.39
2016.77869   21.10   28.49
2016.78142   13.42   31.20
2016.78415  -12.44   25.62
2016.78689   -2.13   26.37
2016.78962  -28.29   46.83
2016.79235   26.37   28.34
2016.79508   19.82   32.08
2016.79781  -14.13   27.03
2016.80055   -6.76   30.74
2016.80601   -1.49   24.84
2016.80874    2.43   23.96
2016.81148   -3.00   23.89
2016.81421   -2.62   21.16
2016.81694   -3.15   22.69
2016.81967   -5.96   22.28
2016.82240   -9.07   22.08
2016.82514   -7.32   24.43
2016.82787  -14.17   24.15
2016.83060   -1.09   21.11
2016.83333   -1.78   20.90
2016.83607   -6.12   22.22
2016.83880    3.56   20.89
2016.84153   -6.29   22.67
2016.84426    7.56   25.98
2016.84699    7.28   22.60
2016.84973  -10.24   22.86
2016.85246   -5.05   21.38
2016.85519  -14.90   22.42
2016.85792   -0.78   20.60
2016.86066   -4.61   24.41
2016.86339   -5.12   21.53
2016.86612   -0.80   20.45
2016.86885   -7.58   20.91
2016.87158    3.75   21.75
2016.87432   -7.06   21.28
2016.87705   -5.71   20.62
2016.88251   10.89   24.57
2016.88525   -1.82   23.57
2016.88798   -2.92   23.40