2015.00000  -27.60   10.53
2015.00274  -33.46   10.16
2015.00548  -30.04   10.30
2015.00822  -31.96   10.37
2015.01096  -29.71   10.68
2015.01370  -26.62    9.86
2015.01644  -29.20   10.58
2015.01918  -34.63   10.65
2015.02192  -32.42   10.82
2015.02466  -31.61   10.39
2015.02740  -33.61   10.93
2015.03014  -29.21   10.03
2015.03288  -30.21   10.70
2015.03562  -31.57   12.02
2015.03836  -38.72   10.83
2015.04110  -30.50    9.82
2015.04384  -33.56   10.77
2015.04658  -36.64   10.26
2015.04932  -27.14   11.21
2015.05205  -32.36   10.79
2015.05479  -24.34   11.69
2015.05753  -34.02   10.63
2015.06027  -39.78   10.34
2015.06301  -26.86   10.57
2015.06575  -31.18   11.04
2015.06849  -29.26   10.35
2015.07123  -28.21   10.51
2015.07397  -35.55   10.73
2015.07671  -32.06   10.56
2015.07945  -34.66   10.59
2015.08219  -25.64   10.42
2015.08493  -28.49   10.59
2015.08767  -25.21    9.90
2015.09041  -32.98   10.64
2015.09315  -28.33   11.60
2015.09589  -25.63   10.70
2015.09863  -25.07   10.46
2015.10137  -26.79   10.91
2015.10411  -28.12   11.32
2015.10685  -29.66   10.49
2015.10959  -23.56   10.36
2015.11233  -23.07   10.40
2015.11507  -30.08   11.09
2015.11781  -24.98   10.31
2015.12055  -26.66   11.44
2015.12329  -23.98   13.00
2015.12603  -31.50   12.68
2015.12877  -21.89   11.40
2015.13151  -28.23   10.18
2015.13425  -32.72   10.26
2015.13699  -24.10   10.55
2015.13973  -23.95   10.72
2015.14247  -20.35   13.14
2015.14521  -31.45   10.94
2015.14795  -24.63   12.03
2015.15068  -24.64   11.63
2015.15342  -23.32   11.72
2015.15616  -33.72   11.91
2015.15890  -21.09   11.83
2015.16164  -19.26   11.61
2015.16438  -28.72   10.90
2015.16712  -25.18   11.28
2015.16986  -24.50   11.01
2015.17260  -19.68   11.74
2015.17534  -22.42   12.77
2015.17808  -26.96   12.61
2015.18082  -26.58   10.45
2015.18356  -26.13   13.61
2015.18630  -19.09   11.66
2015.18904  -21.04   11.05
2015.19178  -17.60   12.00
2015.19452  -26.86   11.10
2015.19726  -29.73   11.61
2015.20000  -24.07   12.05
2015.20274  -30.13   12.11
2015.20548  -24.35   11.99
2015.20822  -23.05   11.15
2015.21096  -17.92   12.68
2015.21370  -23.32   12.16
2015.21644  -21.66   11.05
2015.21918  -25.83   12.07
2015.22192  -30.13   11.30
2015.22466  -28.24   13.17
2015.22740  -31.90   11.47
2015.23014  -29.35   10.93
2015.24658  -15.20   12.29
2015.24932  -18.03   12.82
2015.25205  -21.70   13.93
2015.25479  -25.92   12.63
2015.25753  -13.22   13.67
2015.26027  -21.05   14.67
2015.26301  -17.99   14.15
2015.26575  -20.74   16.67
2015.30137  -25.69   19.11
2015.30411  -27.85   11.42
2015.30685  -25.92   11.92
2015.30959  -25.35   12.06
2015.31233  -27.81   11.22
2015.31507  -29.57   10.75
2015.31781  -20.29   11.33
2015.32055  -21.40   12.15
2015.32329  -19.92   13.47
2015.32603  -21.53   13.08
2015.32877  -27.74   12.61
2015.33151  -22.22   13.18
2015.33425  -41.08   13.91
2015.33699  -28.26   16.36
2015.33973  -32.15   16.31
2015.34247  -26.15   13.94
2015.34521  -26.55   12.58
2015.34795  -36.20   12.62
2015.35068  -30.65   13.55
2015.35342  -10.84   17.08
2015.35616  -22.67   15.87
2015.35890  -17.73   15.34
2015.36164  -26.16   13.26
2015.36438  -24.53   12.92
2015.36712  -21.66   14.87
2015.36986  -31.22   15.13
2015.37260  -17.83   16.26
2015.37534  -32.38   15.36
2015.37808  -24.61   14.29
2015.38082  -21.57   13.38
2015.38356  -32.53   12.82
2015.38630  -36.06   11.35
2015.38904  -30.43   14.49
2015.39178  -36.17   12.05
2015.39452  -32.02   11.15
2015.39726  -37.50   12.74
2015.40000  -28.16   11.82
2015.40274  -34.19   12.44
2015.40548  -26.04   12.78
2015.40822  -31.91   12.23
2015.41096  -29.84   14.52
2015.41370  -26.45   13.25
2015.41644  -24.20   13.57
2015.41918  -39.79   13.97
2015.42192  -33.86   13.52
2015.42466  -31.53   12.85
2015.42740  -30.89   17.51
2015.43014  -30.31   12.00
2015.43288  -37.49   16.75
2015.43562  -33.34   12.75
2015.43836  -36.18   15.79
2015.44110  -20.44   13.44
2015.44384  -33.14   14.44
2015.44658  -25.79   17.71
2015.44932  -22.32   19.02
2015.45205  -20.87   21.74
2015.45479  -36.79   16.91
2015.45753  -32.76   17.14
2015.46027  -28.41   13.41
2015.46301  -23.95   12.87
2015.46575  -31.70   16.72
2015.46849  -37.61   15.64
2015.47123  -31.04   16.56
2015.47397  -27.44   14.58
2015.47671  -22.14   13.19
2015.47945   -9.34   15.79
2015.48219  -19.68   13.97
2015.48493  -18.48   14.01
2015.48767  -28.54   15.96
2015.49041  -20.94   13.50
2015.49315  -23.10   12.97
2015.49589  -27.18   13.88
2015.49863  -27.21   12.90
2015.50137  -29.55   18.68
2015.50411  -25.46   18.06
2015.50685  -40.50   25.44
2015.50959  -19.17   16.55
2015.51233  -26.86   14.26
2015.51507  -19.89   17.21
2015.51781  -33.21   19.69
2015.52055  -24.74   20.25
2015.52329  -33.38   15.71
2015.52603  -20.41   14.07
2015.52877  -33.97   19.36
2015.53151  -26.39   14.91
2015.53425  -19.84   13.74
2015.53699  -38.63   14.23
2015.53973  -28.44   12.48
2015.54247  -31.56   12.71
2015.54521  -26.67   15.22
2015.54795  -32.35   17.17
2015.55068  -29.97   12.15
2015.55342  -35.88   13.54
2015.55616  -34.55   12.54
2015.55890  -39.15   14.86
2015.56164  -29.76   16.73
2015.56438  -29.75   14.16
2015.56712  -33.43   14.70
2015.56986  -33.42   14.63
2015.57260  -36.13   14.23
2015.57534  -36.00   13.76
2015.57808  -30.51   17.95
2015.58082  -35.73   16.48
2015.58356  -37.68   14.49
2015.58630  -24.54   14.63
2015.58904  -33.49   12.24
2015.59178  -26.60   13.92
2015.59452  -35.24   17.12
2015.59726  -34.19   19.32
2015.67671   10.03   12.95
2015.67945   16.76   12.03
2015.68219   -3.03   16.93
2015.68493    9.38   18.00
2015.68767    6.96   13.70
2015.69041    3.62   13.61
2015.69315    6.31   12.52
2015.69863    9.51   16.94
2015.70137   12.84   15.82
2015.70959  -14.23   13.96
2015.71233  -12.87   13.38
2015.71507  -25.59   11.89
2015.71781  -11.46   11.11
2015.72055  -13.34   11.27
2015.72329  -13.56   11.04
2015.72877   -8.54   12.05