2015.0000    -30.99788
2015.0027    -30.95627
2015.0055    -30.91466
2015.0082    -30.87306
2015.0110    -30.83145
2015.0137    -30.78984
2015.0164    -30.74823
2015.0192    -30.70662
2015.0219    -30.66501
2015.0247    -30.62340
2015.0274    -30.58179
2015.0301    -30.54018
2015.0329    -30.49857
2015.0356    -30.45696
2015.0384    -30.41535
2015.0411    -30.37374
2015.0438    -30.33213
2015.0466    -30.29052
2015.0493    -30.24891
2015.0521    -30.20730
2015.0548    -30.16569
2015.0575    -30.12408
2015.0603    -30.08247
2015.0630    -30.04086
2015.0658    -29.99925
2015.0685    -29.95764
2015.0712    -29.91603
2015.0740    -29.87442
2015.0767    -29.83281
2015.0795    -29.79120
2015.0822    -29.74959
2015.0849    -29.70798
2015.0877    -29.66637
2015.0904    -29.62476
2015.0932    -29.58315
2015.0959    -29.54155
2015.0986    -29.49994
2015.1014    -29.45833
2015.1041    -29.41672
2015.1068    -29.37511
2015.1096    -29.33350
2015.1123    -29.29189
2015.1151    -29.25028
2015.1178    -29.20867
2015.1205    -29.16706
2015.1233    -29.12545
2015.1260    -29.08384
2015.1288    -29.04223
2015.1315    -29.00062
2015.1342    -28.95901
2015.1370    -28.91740
2015.1397    -28.87579
2015.1425    -28.83418
2015.1452    -28.79257
2015.1479    -28.75096
2015.1507    -28.70935
2015.1534    -28.66774
2015.1562    -28.62613
2015.1589    -28.58452
2015.1616    -28.54291
2015.1644    -28.50130
2015.1671    -28.45969
2015.1699    -28.41808
2015.1726    -28.37647
2015.1753    -28.33486
2015.1781    -28.29325
2015.1808    -28.25164
2015.1836    -28.21003
2015.1863    -28.16843
2015.1890    -28.12682
2015.1918    -28.08521
2015.1945    -28.04360
2015.1973    -28.00199
2015.2000    -27.96038
2015.2027    -27.91877
2015.2055    -27.87716
2015.2082    -27.83555
2015.2110    -27.79394
2015.2137    -27.75233
2015.2164    -27.71072
2015.2192    -27.66911
2015.2219    -27.62750
2015.2247    -27.58589
2015.2274    -27.54428
2015.2301    -27.50267
2015.2329    -27.46106
2015.2356    -27.41945
2015.2384    -27.37784
2015.2411    -27.33623
2015.2438    -27.29462
2015.2466    -27.25301
2015.2493    -27.21140
2015.2521    -27.16979
2015.2548    -27.12818
2015.2575    -27.08657
2015.2603    -27.04496
2015.2630    -27.00335
2015.2658    -26.96174
2015.2685    -26.92013
2015.2712    -26.87852
2015.2740    -26.83692
2015.2767    -26.79531
2015.2795    -26.75370
2015.2822    -26.71209
2015.2849    -26.67048
2015.2877    -26.62887
2015.2904    -26.58726
2015.2932    -26.54565
2015.2959    -26.50404
2015.2986    -26.46243
2015.3014    -26.42082
2015.3041    -26.37921
2015.3068    -26.33760
2015.3096    -26.29599
2015.3123    -26.25438
2015.3151    -26.21277
2015.3178    -26.17116
2015.3205    -26.12955
2015.3233    -26.08794
2015.3260    -26.04633
2015.3288    -26.00472
2015.3315    -25.96311
2015.3342    -25.92150
2015.3370    -25.87989
2015.3397    -25.83828
2015.3425    -25.79667
2015.3452    -25.75506
2015.3479    -25.71345
2015.3507    -25.67184
2015.3534    -25.63023
2015.3562    -25.58862
2015.3589    -25.54701
2015.3616    -25.50541
2015.3644    -25.46380
2015.3671    -25.42219
2015.3699    -25.38058
2015.3726    -25.33897
2015.3753    -25.29736
2015.3781    -25.25575
2015.3808    -25.21414
2015.3836    -25.17253
2015.3863    -25.13092
2015.3890    -25.08931
2015.3918    -25.04770
2015.3945    -25.00609
2015.3973    -24.96448
2015.4000    -24.92287
2015.4027    -24.88126
2015.4055    -24.83965
2015.4082    -24.79804
2015.4110    -24.75643
2015.4137    -24.71482
2015.4164    -24.67321
2015.4192    -24.63160
2015.4219    -24.58999
2015.4247    -24.54838
2015.4274    -24.50677
2015.4301    -24.46516
2015.4329    -24.42355
2015.4356    -24.38194
2015.4384    -24.34033
2015.4411    -24.29872
2015.4438    -24.25711
2015.4466    -24.21550
2015.4493    -24.17390
2015.4521    -24.13229
2015.4548    -24.09068
2015.4575    -24.04907
2015.4603    -24.00746
2015.4630    -23.96585
2015.4658    -23.92424
2015.4685    -23.88263
2015.4712    -23.84102
2015.4740    -23.79941
2015.4767    -23.75780
2015.4795    -23.71619
2015.4822    -23.67458
2015.4849    -23.63297
2015.4877    -23.59136
2015.4904    -23.54975
2015.4932    -23.50814
2015.4959    -23.46653
2015.4986    -23.42492
2015.5014    -23.38331
2015.5041    -23.34170
2015.5068    -23.30009
2015.5096    -23.25848
2015.5123    -23.21687
2015.5151    -23.17526
2015.5178    -23.13365
2015.5205    -23.09204
2015.5233    -23.05043
2015.5260    -23.00882
2015.5288    -22.96721
2015.5315    -22.92560
2015.5342    -22.88399
2015.5370    -22.84239
2015.5397    -22.80078
2015.5425    -22.75917
2015.5452    -22.71756
2015.5479    -22.67595
2015.5507    -22.63434
2015.5534    -22.59273
2015.5562    -22.55112
2015.5589    -22.50951
2015.5616    -22.46790
2015.5644    -22.42629
2015.5671    -22.38468
2015.5699    -22.34307
2015.5726    -22.30146
2015.5753    -22.25985
2015.5781    -22.21824
2015.5808    -22.17663
2015.5836    -22.13502
2015.5863    -22.09341
2015.5890    -22.05180
2015.5918    -22.01019
2015.5945    -21.96858
2015.5973    -21.92697
2015.6000    -21.88536
2015.6027    -21.84375
2015.6055    -21.80214
2015.6082    -21.76053
2015.6110    -21.71892
2015.6137    -21.67731
2015.6164    -21.63570
2015.6192    -21.59409
2015.6219    -21.55248
2015.6247    -21.51088
2015.6274    -21.46927
2015.6301    -21.42766
2015.6329    -21.38605
2015.6356    -21.34444
2015.6384    -21.30283
2015.6411    -21.26122
2015.6438    -21.21961
2015.6466    -21.17800
2015.6493    -21.13639
2015.6521    -21.09478
2015.6548    -21.05317
2015.6575    -21.01156
2015.6603    -20.96995
2015.6630    -20.92834
2015.6658    -20.88673
2015.6685    -20.84512
2015.6712    -20.80351
2015.6740    -20.76190
2015.6767    -20.72029
2015.6795    -20.67868
2015.6822    -20.63707
2015.6849    -20.59546
2015.6877    -20.55385
2015.6904    -20.51224
2015.6932    -20.47063
2015.6959    -20.42902
2015.6986    -20.38741
2015.7014    -20.34580
2015.7041    -20.30419
2015.7068    -20.26258
2015.7096    -20.22097
2015.7123    -20.17937
2015.7151    -20.13776
2015.7178    -20.09615
2015.7205    -20.05454
2015.7233    -20.01293
2015.7260    -19.97132
2015.7288    -19.92971
