2015.00000 -116.62    2.59
2015.00274 -119.57    2.60
2015.00548 -117.29    2.70
2015.00822 -118.63    2.62
2015.01096 -117.63    2.65
2015.01370 -116.77    2.59
2015.01644 -117.63    2.77
2015.01918 -118.04    2.90
2015.02192 -115.92    3.04
2015.02466 -120.04    2.60
2015.02740 -119.02    2.74
2015.03014 -119.02    2.45
2015.03288 -117.84    2.56
2015.03562 -118.81    2.90
2015.03836 -118.33    2.64
2015.04110 -119.10    2.53
2015.04384 -119.91    2.60
2015.04658 -120.41    2.59
2015.04932 -121.99    2.66
2015.05205 -117.81    2.73
2015.05479 -118.12    2.80
2015.05753 -119.35    2.83
2015.06027 -118.05    2.70
2015.06301 -118.51    3.22
2015.06575 -117.51    2.75
2015.06849 -118.54    2.50
2015.07123 -118.95    2.52
2015.07397 -120.08    2.61
2015.07671 -119.59    2.49
2015.07945 -118.44    2.80
2015.08219 -119.47    2.66
2015.08493 -119.39    2.74
2015.08767 -117.59    2.46
2015.09041 -117.70    2.61
2015.09315 -115.94    2.87
2015.09589 -116.38    2.63
2015.09863 -116.54    2.57
2015.10137 -116.58    2.55
2015.10411 -119.84    2.79
2015.10685 -118.75    2.48
2015.10959 -117.88    2.52
2015.11233 -117.21    2.52
2015.11507 -116.62    2.74
2015.11781 -118.76    2.54
2015.12055 -118.57    2.76
2015.12329 -120.04    3.02
2015.12603 -116.18    3.17
2015.12877 -116.64    3.01
2015.13151 -117.19    2.48
2015.13425 -118.29    2.49
2015.13699 -119.08    2.59
2015.13973 -118.15    2.67
2015.14247 -116.74    3.34
2015.14521 -117.19    2.70
2015.14795 -116.55    3.31
2015.15068 -117.40    2.95
2015.15342 -118.55    3.17
2015.15616 -121.46    3.10
2015.15890 -115.48    3.14
2015.16164 -117.27    3.15
2015.16438 -119.12    2.75
2015.16712 -116.30    3.03
2015.16986 -117.77    2.84
2015.17260 -117.81    3.59
2015.17534 -118.44    3.11
2015.17808 -118.25    3.30
2015.18082 -117.52    2.46
2015.18356 -117.58    3.40
2015.18630 -115.54    3.11
2015.18904 -120.41    3.02
2015.19178 -116.91    3.32
2015.19452 -119.46    2.87
2015.19726 -118.74    2.88
2015.20000 -120.91    3.26
2015.20274 -121.14    2.80
2015.20548 -119.52    2.84
2015.20822 -119.10    2.86
2015.21096 -116.80    3.16
2015.21370 -116.72    3.18
2015.21644 -119.10    2.70
2015.21918 -118.87    3.14
2015.22192 -119.39    3.08
2015.22466 -118.56    3.77
2015.22740 -116.44    3.29
2015.23014 -118.83    3.24
2015.24658 -117.95    2.91
2015.24932 -118.91    3.28
2015.25205 -118.74    3.53
2015.25479 -121.86    3.29
2015.25753 -120.42    3.73
2015.26027 -117.79    3.94
2015.26301 -117.23    3.61
2015.26575 -124.23    3.86
2015.30137 -118.83    4.58
2015.30411 -117.82    3.30
2015.30685 -122.08    3.54
2015.30959 -121.24    3.36
2015.31233 -122.35    3.26
2015.31507 -121.87    2.82
2015.31781 -123.23    3.32
2015.32055 -124.31    3.40
2015.32329 -124.92    3.84
2015.32603 -121.63    3.61
2015.32877 -123.36    3.13
2015.33151 -123.37    3.32
2015.33425 -121.97    3.68
2015.33699 -124.87    4.11
2015.33973 -120.38    3.83
2015.34247 -124.90    3.72
2015.34521 -122.64    2.96
2015.34795 -122.97    3.40
2015.35068 -123.80    3.64
2015.35342 -126.83    4.28
2015.35616 -124.99    3.94
2015.35890 -125.17    3.95
2015.36164 -119.47    4.10
2015.36438 -123.19    3.16
2015.36712 -124.60    3.87
2015.36986 -122.96    4.01
2015.37260 -121.99    3.84
2015.37534 -123.14    4.31
2015.37808 -128.19    3.51
2015.38082 -122.01    3.24
2015.38356 -124.41    3.17
2015.38630 -125.15    3.10
2015.38904 -123.32    3.57
2015.39178 -124.49    3.52
2015.39452 -123.62    2.82
2015.39726 -123.77    3.43
2015.40000 -121.40    3.14
2015.40274 -125.53    3.05
2015.40548 -123.94    3.17
2015.40822 -124.05    2.92
2015.41096 -124.77    3.73
2015.41370 -124.71    3.89
2015.41644 -127.10    3.55
2015.41918 -124.97    4.08
2015.42192 -122.51    3.93
2015.42466 -124.44    3.66
2015.42740 -123.71    4.44
2015.43014 -123.23    3.37
2015.43288 -123.88    4.15
2015.43562 -125.86    3.74
2015.43836 -127.65    4.13
2015.44110 -124.10    3.60
2015.44384 -123.82    4.36
2015.44658 -128.79    4.44
2015.44932 -123.73    4.54
2015.45205 -125.99    5.06
2015.45479 -126.94    4.19
2015.45753 -125.27    4.48
2015.46027 -128.44    3.65
2015.46301 -123.91    3.68
2015.46575 -122.75    4.40
2015.46849 -123.25    4.23
2015.47123 -129.34    4.31
2015.47397 -128.53    4.13
2015.47671 -121.86    3.50
2015.47945 -128.41    4.51
2015.48219 -123.25    3.94
2015.48493 -129.24    3.81
2015.48767 -127.31    4.23
2015.49041 -126.44    3.69
2015.49315 -126.10    3.56
2015.49589 -127.77    3.96
2015.49863 -124.58    3.70
2015.50137 -127.09    4.90
2015.50411 -123.06    4.47
2015.50685 -122.01    5.74
2015.50959 -129.36    4.11
2015.51233 -122.91    3.65
2015.51507 -127.09    4.15
2015.51781 -125.88    4.51
2015.52055 -125.69    4.76
2015.52329 -124.60    4.16
2015.52603 -126.78    3.56
2015.52877 -122.47    4.49
2015.53151 -127.53    4.13
2015.53425 -126.18    3.47
2015.53699 -122.68    4.02
2015.53973 -124.61    3.32
2015.54247 -123.92    3.51
2015.54521 -123.33    3.94
2015.54795 -122.18    4.24
2015.55068 -127.74    3.35
2015.55342 -123.59    3.90
2015.55616 -125.19    3.56
2015.55890 -123.38    3.71
2015.56164 -124.75    4.24
2015.56438 -127.04    3.84
2015.56712 -125.66    3.93
2015.56986 -126.71    4.47
2015.57260 -129.64    4.46
2015.57534 -122.96    3.75
2015.57808 -126.26    4.51
2015.58082 -121.88    4.52
2015.58356 -122.02    4.03
2015.58630 -121.37    4.27
2015.58904 -124.30    3.29
2015.59178 -127.35    3.75
2015.59452 -121.81    4.26
2015.59726 -123.72    4.67
2015.67671 -125.24    3.41
2015.67945 -127.90    3.32
2015.68219 -127.68    4.19
2015.68493 -123.75    4.36
2015.68767 -125.62    3.43
2015.69041 -126.54    3.58
2015.69315 -127.64    3.26
2015.69863 -128.11    4.33
2015.70137 -126.91    3.79
2015.70959 -127.80    3.49
2015.71233 -123.89    3.33
2015.71507 -125.31    3.16
2015.71781 -123.76    2.92
2015.72055 -124.08    3.13
2015.72329 -125.41    2.96
2015.72877 -127.22    3.25