2012.00000     6.17     3.00
2012.00273     7.99     2.99
2012.00546     7.30     2.93
2012.00820     7.78     2.88
2012.01093     7.05     2.92
2012.01366     7.50     2.90
2012.01639     8.54     2.98
2012.01913     5.81     2.94
2012.02186     5.41     3.14
2012.02459     5.82     2.97
2012.02732     6.02     3.09
2012.03005     7.25     3.34
2012.03279     7.25     2.89
2012.03552     5.56     2.91
2012.03825     5.95     2.84
2012.04098     7.53     3.08
2012.04372     5.62     3.29
2012.04645     4.74     3.06
2012.04918     4.98     2.98
2012.05191     4.45     3.03
2012.05464     5.31     3.10
2012.05738     6.41     3.04
2012.06011     6.18     3.12
2012.06284     2.40     3.05
2012.06557     5.29     2.96
2012.06831     4.40     2.94
2012.07104     5.61     2.89
2012.07377     3.94     3.07
2012.07650     4.12     2.98
2012.07923     7.74     3.07
2012.08197     6.04     3.19
2012.08470     5.59     2.94
2012.08743     4.71     3.00
2012.09016     4.16     3.01
2012.09290     3.90     2.96
2012.09563     7.08     3.17
2012.09836     6.75     3.60
2012.10109     7.76     4.15
2012.10383     6.73     3.51
2012.10656     6.59     2.91
2012.10929     7.87     2.87
2012.11202     6.55     2.98
2012.11475     8.66     2.99
2012.11749     6.86     3.05
2012.12022     7.09     3.27
2012.12295    10.63     3.32
2012.12568     5.46     3.96
2012.12842     7.32     3.05
2012.13115     3.96     3.04
2012.13388     4.05     3.25
2012.13661     6.35     3.31
2012.13934     7.66     3.32
2012.14208     7.67     3.77
2012.14481     6.77     3.67
2012.14754     7.42     3.48
2012.15027     6.43     3.68
2012.15301     5.64     3.39
2012.15574     5.49     3.19
2012.15847     3.47     3.03
2012.16120     3.72     3.45
2012.16393     5.04     3.16
2012.16667     2.60     3.28
2012.16940     2.92     3.40
2012.17213     3.39     3.31
2012.17486     4.70     3.48
2012.17760     5.56     3.65
2012.18033     2.80     3.48
2012.18306     2.43     3.49
2012.18579     4.72     3.66
2012.18852     5.78     3.58
2012.19126     6.24     3.48
2012.19399     5.19     3.61
2012.19672     3.92     3.94
2012.19945     3.50     3.58
2012.20219     3.39     3.54
2012.20492     1.06     3.56
2012.20765     2.34     3.76
2012.21038     4.98     3.72
2012.21311     2.68     3.40
2012.21585     0.17     3.45
2012.21858     3.31     3.49
2012.22131     0.36     3.41
2012.22404     3.65     3.52
2012.22678     4.20     3.81
2012.22951     1.81     3.41
2012.23224     0.57     3.40
2012.23497     1.37     3.60
2012.23770     0.99     3.50
2012.24044     5.13     4.48
2012.24317     4.15     3.42
2012.24590     2.16     3.36
2012.24863     3.47     3.35
2012.25137    -1.01     3.53
2012.25410     2.88     3.64
2012.25683     0.36     3.45
2012.25956     4.11     3.35
2012.26230     2.80     3.22
2012.26503     2.81     3.86
2012.26776     1.10     3.47
2012.27049     2.41     3.30
2012.27322     0.94     3.56
2012.27596     3.68     3.36
2012.27869     2.34     3.34
2012.28142     3.11     3.47
2012.28415     0.35     3.52
2012.28689     1.88     3.20
2012.28962     1.39     3.17
2012.29235     5.22     3.92
2012.29508     4.04     3.71
2012.29781     2.33     3.30
2012.30055     4.29     3.41
2012.30328     3.70     3.95
2012.30601     5.16     3.63
2012.30874     5.38     3.53
2012.31148     6.57     4.15
2012.31421     5.44     3.40
2012.31694     3.38     6.59
2012.31967     3.22     3.82
2012.32240     5.99     4.30
2012.32514     3.57     3.88
2012.32787     6.03     5.02
2012.33060     7.77     4.25
2012.33333     3.65     3.80
2012.33607     2.81     5.48
2012.33880     8.19     4.11
2012.34153     4.86     4.16
2012.34426     5.47     3.35
2012.34699     5.24     3.01
2012.34973     3.72     3.45
2012.35246     5.91     3.39
2012.35519     3.70     3.52
2012.35792     1.38     4.50
2012.36066     2.53     3.28
2012.36339     5.86     3.35
2012.36612     5.92     3.35
2012.36885     3.91     3.43
2012.37158     4.58     3.41
2012.37432     4.08     3.53
2012.37705     1.10     3.87
2012.37978     4.17     3.28
2012.38251     3.82     4.79
2012.38525     4.77     3.73
2012.38798     5.76     3.65
2012.39071     1.89     3.38
2012.39344     5.72     3.57
2012.39617     4.61     3.40
2012.39891     5.37     3.31
2012.40164     5.65     3.86
2012.40437     0.37     4.14
2012.40710     5.01     3.44
2012.40984     2.26     4.53
2012.41257     7.78     3.88
2012.41530     1.43     3.61
2012.41803     3.42     3.15
2012.42077     6.29     3.21
2012.42350     5.07     3.46
2012.42623     0.57     3.31
2012.42896     2.77     3.42
2012.43169     3.82     3.44
2012.43443     4.56     3.85
2012.43716     3.67     4.73
2012.53005     5.11     6.14
2012.53279     3.24     3.88
2012.53552     0.99     4.40
2012.53825    -0.12     4.25
2012.54098     3.78     3.58
2012.54372     3.63     3.87
2012.54645     0.70     3.61
2012.54918     4.11     4.10
2012.55191     1.26     3.72
2012.55464    -1.72     3.95
2012.55738     3.26     3.79
2012.56011     2.05     3.58
2012.56284     1.99     3.82
2012.56557     5.56     3.86
2012.56831     5.69     3.53
2012.57104     5.98     3.68
2012.57377     2.42     3.44
2012.57650     4.07     4.04
2012.57923     4.19     3.49
2012.58197     1.91     3.77
2012.58470     4.35     3.95
2012.58743     4.12     4.11
2012.59016     4.47     4.87
2012.59563     5.09     4.50
2012.59836     2.42     4.85
2012.60109     1.89     6.45
2012.60929     4.24     5.11
2012.61202     3.41     4.05
2012.61475     3.63     3.74
2012.61749     6.01     3.69
2012.62022     1.92     3.81
2012.62295     2.46     3.95
2012.62568     0.44     3.64
2012.62842     3.56     3.66
2012.63115     4.73     4.01
2012.63388     9.78     4.30
2012.63661     2.98     3.91
2012.63934     4.69     4.59
2012.64208     7.28     4.05
2012.64481     5.38     4.40
2012.64754     7.63     4.59
2012.65027     4.54     4.08
2012.65301     5.11     4.01
2012.65574     1.94     4.75
2012.65847     0.82     4.61
2012.66120     2.47     4.65
2012.66393     8.03     4.77
2012.66667     7.82     4.48
2012.66940     1.07     4.30
2012.67213     3.12     4.06
2012.67486     1.25     3.98
2012.67760     4.30     3.67
2012.68033     4.88     3.86
2012.68306     2.61     3.78
2012.68579     4.89     3.92
2012.68852     6.51     4.33
2012.69126     0.60     4.17
2012.69399     2.80     4.31
2012.69672     4.52     3.86
2012.69945     4.69     3.85
2012.70219     0.26     5.23
2012.70492    -1.00     4.28
2012.70765     0.54     3.31
2012.71038     0.52     3.41
2012.71311    -0.10     3.39
2012.71585    -0.62     3.71
2012.71858     2.22     3.54
2012.72131    -1.00     3.60
2012.72404     3.24     3.64
2012.72678     1.49     3.51
2012.73224    -0.45     3.90
2012.73497     2.11     3.91
2012.73770     0.14     4.34
2012.74044     2.33     4.21
2012.74317     1.31     4.08
2012.74590     1.61     3.79
2012.74863     0.64     3.55
2012.75137     0.97     3.66
2012.75410     3.33     3.91
2012.75683     3.64     3.94
2012.75956     3.43     3.61
2012.76230     2.99     3.38
2012.76503    -2.73     3.63
2012.76776     1.61     3.48
2012.77049     1.42     3.24
2012.77322    -0.06     3.16
2012.77596    -1.23     3.41
2012.77869     0.88     3.44
2012.78142     1.47     3.47
2012.78415     0.06     3.17
2012.78689    -1.51     3.17
2012.78962    -0.46     3.21
2012.79235     1.71     3.39
2012.79508     2.70     3.62
2012.79781     1.45     3.69
2012.80055    -0.02     3.41
2012.80328    -0.56     3.36
2012.80601     1.83     3.48
2012.80874     1.96     3.30
2012.81148     0.90     3.44
2012.81421     0.14     3.30
2012.81694     0.59     3.63
2012.81967     3.29     3.97
2012.82240     5.61     4.39
2012.82514     0.34     3.30
2012.82787     1.12     3.92
2012.83060    -0.43     3.38
2012.83333     0.67     3.56
2012.83607     0.40     4.24
2012.83880    -0.57     4.25
2012.84153     0.02     4.45
2012.84426     1.46     4.26
2012.84699     0.61     3.65
2012.84973     2.23     3.54
2012.85246     2.14     3.59
2012.85519     1.34     3.42
2012.85792    -0.03     3.46
2012.86066     1.67     3.87
2012.86339     1.43     3.86
2012.86612     2.69     3.55
2012.86885     0.39     3.62
2012.87158    -0.69     3.56
2012.87432    -1.58     3.69
2012.87705     1.24     4.06
2012.87978    -2.23     3.80
2012.88251     0.16     3.97
2012.88525     1.07     3.87
2012.88798     1.45     3.69
2012.89071     1.05     4.17
2012.89344    -2.73     4.05
2012.89617    -1.78     4.09
2012.89891    -0.98     3.09
2012.90164    -1.62     3.33
2012.90437     3.29     3.38
2012.90710    -0.43     3.22
2012.90984    -0.92     3.45
2012.91257     0.48     3.18
2012.91530     0.34     3.24
2012.91803    -0.71     4.04
2012.92077    -0.56     3.77
2012.92350     1.43     3.79
2012.92623     0.03     3.43
2012.92896    -1.44     4.19
2012.93169    -1.29     3.75
2012.93443     1.38     3.56
2012.93716     1.01     3.73
2012.93989     3.55     3.69
2012.94262     0.68     3.33
2012.94536     2.63     3.26
2012.94809     2.50     3.38
2012.95082     2.74     3.44
2012.95355     1.77     3.00
2012.95628     2.85     3.29
2012.95902     1.06     3.23
2012.96175     2.44     3.17
2012.96448    -0.61     3.07
2012.96721     1.21     2.98
2012.96995     0.33     2.95
2012.97268     2.17     2.99
2012.97541     1.29     3.12
2012.97814    -1.44     3.07
2012.98087    -0.88     2.96
2012.98361     0.77     2.98
2012.98634     1.44     3.00
2012.98907     0.19     3.15
2012.99180     2.46     3.12
2012.99454     0.42     3.82
2012.99727     2.03     3.19
2013.00000     0.79     2.88
2013.00274    -1.54     3.25
2013.00548     1.16     3.36
2013.00822     0.48     3.18
2013.01096     1.56     3.04
2013.01370    -1.64     3.27
2013.01644     0.14     3.38
2013.01918    -1.27     3.37
2013.02192     1.05     3.40
2013.02466     0.83     3.08
2013.02740     1.42     3.24
2013.03014     1.19     3.23
2013.03288    -0.65     3.87
2013.03562     3.24     3.57
2013.03836     1.24     3.00
2013.04110    -0.75     2.88
2013.04384    -0.03     3.14
2013.04658    -0.07     2.92
2013.04932     0.05     2.92
2013.05205     0.61     2.96
2013.05479    -1.01     3.10
2013.05753    -0.24     2.82
2013.06027    -0.68     2.96
2013.06301    -0.44     3.05
2013.06575    -0.15     2.98
2013.06849     0.03     3.00
2013.07123    -0.66     2.94
2013.07397    -0.25     3.03
2013.07671    -2.51     2.82
2013.07945    -2.15     2.89
2013.08219    -1.68     3.27
2013.08493    -2.26     3.18
2013.08767     0.03     3.64
2013.09041    -0.40     3.49
2013.09315    -1.09     3.13
2013.09589    -2.02     3.19
2013.09863    -4.14     3.56
2013.10137    -1.28     3.28
2013.10411    -0.76     3.14
2013.10685    -1.79     3.03
2013.10959    -3.69     3.19
2013.11233    -0.30     3.26
2013.11507    -1.45     3.09
2013.11781    -1.67     3.12
2013.12055    -1.59     3.46
2013.12329    -2.76     3.25
2013.12603    -2.41     3.53
2013.12877    -1.74     3.09
2013.13151    -0.64     3.22
2013.13425    -2.13     3.33
2013.13699    -2.74     3.36
2013.13973    -5.90     3.89
2013.14247    -1.02     3.41
2013.14521    -1.08     3.86
2013.14795    -1.76     3.38
2013.15342    -1.31     3.32
2013.15616    -3.55     3.34
2013.15890    -1.80     3.25
2013.16164    -3.21     3.22
2013.16438    -2.34     3.77
2013.16712    -3.65     3.38
2013.16986    -2.84     3.27
2013.17260    -2.22     3.25
2013.17534    -3.70     3.97
2013.17808    -4.10     3.63
2013.18082    -1.88     4.00
2013.18356    -5.31     3.36
2013.18630    -1.56     3.66
2013.18904    -5.25     3.99
2013.19178    -5.80     3.80
2013.19452    -4.10     3.73
2013.19726    -3.53     4.08
2013.20000    -3.65     3.55
2013.20274    -3.25     3.51
2013.20548    -3.74     3.66
2013.20822    -2.21     4.08
2013.21096    -4.94     3.63
2013.21370    -3.79     3.74
2013.21644    -7.23     4.14
2013.21918    -7.30     3.98
2013.22192    -5.20     3.74
2013.22466    -6.61     4.02
2013.22740    -3.55     4.60
2013.23014    -5.04     3.50
2013.23288    -6.92     4.02
2013.23562    -6.26     3.54
2013.23836    -5.78     4.09
2013.24110    -5.83     3.91
2013.24384    -4.45     3.51
2013.24658    -3.07     3.54
2013.24932    -4.85     3.62
2013.25205    -8.22     3.78
2013.25479    -8.27     4.41
2013.25753    -1.31     4.28
2013.26027    -5.85     5.75
2013.26301    -3.11     4.06
2013.26575    -5.13     3.67
2013.26849    -5.66     3.60
2013.27123    -3.98     4.28
2013.27397    -3.74     3.76
2013.27671    -2.55     3.81
2013.27945    -6.30     4.12
2013.28219    -4.41     3.77
2013.28493    -2.29     3.76
2013.28767    -5.60     3.84
2013.29041    -1.49     3.96
2013.29315    -3.35     4.16
2013.29589    -3.90     4.05
2013.29863    -4.95     4.06
2013.30137    -4.19     4.14
2013.30411    -5.81     3.54
2013.30685    -5.25     3.58
2013.31233    -3.50     3.65
2013.31507    -3.04     4.00
2013.31781    -3.88     3.81
2013.32055    -3.95     4.37
2013.32329    -2.73     3.96
2013.32603    -2.47     3.51
2013.32877    -5.57     4.25
2013.33151    -2.75     4.04
2013.33425    -3.05     4.25
2013.33699    -2.97     4.10
2013.33973    -4.02     3.83
2013.34247    -3.31     4.44
2013.34521    -4.49     5.27
2013.34795    -4.73     4.05
2013.35068    -5.09     3.90
2013.35342    -3.92     4.03
2013.35616    -6.66     4.84
2013.35890    -6.99     4.19
2013.36164    -6.80     4.20
2013.36438    -2.54     4.60
2013.36712    -1.15     4.93
2013.36986    -5.70     5.30
2013.37260    -5.38     6.32
2013.37534     1.48     4.93
2013.37808     1.23     5.69
2013.38082    -5.65     5.35
2013.38356    -2.95     5.48
2013.38630    -3.31     4.05
2013.38904    -5.40     4.65
2013.39178     0.37     4.47
2013.39452    -3.50     4.50
2013.39726    -2.92     4.43
2013.40000    -4.17     4.02
2013.40274    -1.53     4.22
2013.40548    -4.45     3.96
2013.40822    -1.11     4.05
2013.41096    -6.83     4.86
2013.41370    -8.83     4.58
2013.41644    -5.87     4.21
2013.41918    -5.58     4.17
2013.42192    -4.53     4.50
2013.42466    -3.83     4.12
2013.42740    -3.32     4.52
2013.43014    -5.16     4.51
2013.43288   -10.89     4.53
2013.43562    -5.39     4.86
2013.43836    -6.18     4.54
2013.44110    -8.29     4.32
2013.44384    -3.88     4.66
2013.44658    -4.00     5.42
2013.44932     1.48     4.78
2013.45205    -5.29     4.11
2013.45479    -8.25     3.85
2013.45753    -6.90     4.47
2013.46027    -3.27     5.06
2013.46301    -5.58     4.58
2013.46575    -4.24     4.47
2013.46849    -6.52     4.38
2013.47123    -5.64     4.38
2013.47397    -5.59     4.10
2013.47671    -1.26     5.04
2013.47945    -4.43     4.21
2013.48219    -1.09     4.31
2013.48493    -6.12     4.10
2013.48767    -3.88     3.68
2013.49041    -3.45     3.73
2013.49315    -0.48     4.63
2013.49589    -3.62     4.28
2013.49863    -2.72     4.02
2013.50137    -6.08     4.45
2013.50411    -2.13     4.71
2013.50685    -3.99     4.28
2013.50959    -6.48     5.13
2013.51233     0.17     4.30
2013.51507    -6.26     4.53
2013.51781    -7.20     4.31
2013.52055    -4.85     4.49
2013.52329    -2.60     4.53
2013.52603    -5.71     4.05
2013.52877    -5.02     4.76
2013.53151    -5.90     7.42
2013.53425    -0.91     4.16
2013.53699    -2.49     3.97
2013.53973    -2.69     4.50
2013.54247    -3.30     4.41
2013.54521    -1.10     3.88
2013.54795    -2.52     3.80
2013.55616    -3.43     4.49
2013.55890    -5.88     4.30
2013.56164     0.62     5.09
2013.56438    -6.60     4.94
2013.56712    -7.16     4.34
2013.56986    -4.31     4.60
2013.57260    -5.00     4.96
2013.57534    -0.21     4.54
2013.57808    -0.87     4.09
2013.58082    -2.78     4.68
2013.58356    -0.92     3.93
2013.58630    -3.64     3.90
2013.58904    -5.64     4.58
2013.59178    -8.40     4.45
2013.59452    -4.05     4.40
2013.59726    -3.04     4.11
2013.60000    -5.66     4.29
2013.60274    -6.58     3.67
2013.60548    -3.94     4.79
2013.60822     2.60     5.29
2013.61096    -6.12     4.40
2013.61370    -1.75     4.17
2013.61644    -2.51     4.07
2013.61918    -2.01     3.85
2013.62192    -1.51     4.43
2013.62466    -4.60     4.70
2013.62740     0.99     4.97
2013.63014    -5.11     4.34
2013.63288    -8.89     5.06
2013.63562    -2.56     4.73
2013.63836    -4.57     5.46
2013.64110    -1.54     6.15
2013.64384    -0.14     4.64
2013.64658     0.84     4.96
2013.64932    -1.08     5.23
2013.65479    -4.90     4.75
2013.65753    -1.25     5.13
2013.66027    -1.96     7.13
2013.66301    -2.50     5.75
2013.66575    -5.70     5.13
2013.66849    -4.71     5.01
2013.67123    -2.44     4.12
2013.67671    -6.96     4.24
2013.68219    -5.57     3.59
2013.68493    -2.58     3.65
2013.68767    -4.80     3.92
2013.69041    -3.75     4.63
2013.69315    -2.82     4.30
2013.69589    -2.56     4.37
2013.69863    -3.67     4.05
2013.70137    -0.54     4.43
2013.70411    -4.74     4.04
2013.70685    -4.55     4.94
2013.70959    -8.38     4.74
2013.71233    -4.89     4.60
2013.71507    -4.38     4.42
2013.71781    -9.30     4.35
2013.72055    -0.92     4.25
2013.72329    -1.75     5.11
2013.72603    -3.88     4.26
2013.72877    -2.83     4.73
2013.73151    -4.19     4.22
2013.73425    -2.90     4.60
2013.73699    -5.42     4.22
2013.73973    -3.89     3.87
2013.74247    -1.64     3.65
2013.74521    -4.11     4.14
2013.74795    -7.57     4.12
2013.75068    -4.61     3.98
2013.75342    -2.40     4.16
2013.75616    -8.30     3.86
2013.75890    -3.98     3.94
2013.76164    -4.71     3.97
2013.76438    -3.44     3.93
2013.76712    -3.26     3.55
2013.76986    -4.59     3.78
2013.77260    -2.89     4.03
2013.77534     2.30     5.14
2013.77808    -2.46     4.46
2013.78082    -2.77     4.32
2013.78356    -3.83     4.43
2013.78630    -3.62     4.10
2013.78904    -1.22     3.98
2013.79178    -4.28     3.65
2013.79452    -1.21     3.54
2013.79726     2.31     6.32
2013.80000    -0.59     3.68
2013.80274    -4.11     3.50
2013.80548    -0.53     3.51
2013.80822    -4.24     3.74
2013.81096    -0.62     3.66
2013.81370    -2.54     3.46
2013.81644    -1.58     3.88
2013.81918    -3.33     3.61
2013.82192    -4.33     3.71
2013.82466    -2.07     3.66
2013.82740    -1.87     3.53
2013.83014    -4.14     3.77
2013.83288    -2.34     4.21
2013.83562    -5.31     4.16
2013.83836    -2.51     4.21
2013.84110    -2.53     3.96
2013.84384    -1.30     3.90
2013.84658    -2.35     3.57
2013.84932    -3.53     3.39
2013.85205    -4.62     3.51
2013.85479    -1.34     3.88
2013.85753    -2.13     3.79
2013.86027    -2.43     3.65
2013.86301    -4.77     3.60
2013.86575    -2.83     3.63
2013.86849    -1.09     3.54
2013.87123    -0.36     3.68
2013.87397    -4.90     3.40
2013.87671    -2.75     3.62
2013.87945    -1.07     3.49
2013.88219    -2.56     3.44
2013.88493    -2.95     3.42
2013.88767    -2.28     3.51
2013.89041    -4.15     3.40
2013.89315    -2.74     3.40
2013.89589    -4.55     3.48
2013.89863    -5.07     4.04
2013.90137    -6.79     3.43
2013.90411    -4.11     3.57
2013.90685    -5.66     3.50
2013.90959    -5.74     3.43
2013.91233    -7.49     3.24
2013.91507    -5.76     3.38
2013.91781    -6.89     3.32
2013.92055    -3.38     3.18
2013.92329    -5.36     3.01
2013.92603    -4.82     3.15
2013.92877    -5.87     3.22
2013.93151    -5.90     3.19
2013.93425    -4.78     3.13
2013.93699    -5.63     3.78
2013.93973    -5.08     3.45
2013.94247    -7.49     3.31
2013.94521    -4.40     3.55
2013.94795    -9.20     3.28
2013.95068    -3.70     3.46
2013.95342    -5.98     3.57
2013.95616    -5.25     3.67
2013.95890    -7.04     3.95
2013.96164    -7.78     3.78
2013.96438    -6.98     3.54
2013.96712    -6.23     3.60
2013.96986    -6.10     4.13
2013.97260    -1.82     3.23
2013.97534    -8.36     3.35
2013.97808    -4.18     3.26
2013.98082    -7.84     3.43
2013.98356    -8.24     3.38
2013.98630    -7.61     3.27
2013.98904    -6.10     6.96
2013.99726    -6.03     3.46
2014.00000    -4.28     3.37
2014.00274    -5.60     3.38
2014.00548    -4.70     3.55
2014.00822    -3.85     3.41
2014.01096    -4.04     3.53
2014.01370    -6.27     3.38
2014.01644    -6.42     3.18
2014.01918    -5.05     3.33
2014.02192    -4.77     3.49
2014.02466    -6.08     3.42
2014.02740    -6.62     3.45
2014.03014    -6.57     3.36
2014.03288    -6.43     3.30
2014.03562    -6.22     3.18
2014.03836    -9.74     3.44
2014.04110    -7.34     3.26
2014.04384    -8.60     3.34
2014.04658    -5.29     3.33
2014.04932    -6.71     3.32
2014.05205    -4.00     3.22
2014.05479    -4.53     3.63
2014.05753    -8.48     3.43
2014.06027    -6.79     3.81
2014.06301   -10.23     3.58
2014.06575    -6.70     3.45
2014.06849    -7.07     3.70
2014.07123    -6.60     3.62
2014.07397    -9.55     4.01
2014.07671    -5.81     3.79
2014.07945    -7.24     4.85
2014.08219    -3.71     3.92
2014.08493    -5.30     3.69
2014.08767    -4.10     3.92
2014.09041    -3.19     4.40
2014.09315    -5.69     4.09
2014.09589    -7.33     3.88
2014.09863    -3.28     3.91
2014.10137    -7.04     4.22
2014.10411    -4.72     3.67
2014.10685    -3.31     3.65
2014.10959    -5.30     3.76
2014.11233    -3.16     3.97
2014.11507    -2.46     3.42
2014.11781    -4.34     3.50
2014.12055    -4.34     3.70
2014.12329    -4.49     3.66
2014.12603    -4.74     3.54
2014.12877    -4.21     3.51
2014.13151    -2.98     3.61
2014.13425    -5.34     3.93
2014.13699    -3.88     3.52
2014.13973    -3.07     3.52
2014.14247    -5.03     3.47
2014.14521    -4.57     3.52
2014.14795    -1.93     3.60
2014.15068    -3.15     3.66
2014.15342    -3.34     3.67
2014.15616    -3.00     3.73
2014.15890    -4.71     3.93
2014.16164    -2.51     4.09
2014.16438    -1.71     3.83
2014.16712    -6.22     3.33
2014.16986     0.05     3.71
2014.17260    -2.40     3.57
2014.17534    -8.44     4.17
2014.17808    -5.71     3.86
2014.18082    -7.33     4.09
2014.18356    -2.94     4.13
2014.18630    -3.36     3.99
2014.18904    -5.80     3.72
2014.19178    -3.34     3.81
2014.19452    -5.26     4.53
2014.19726    -6.71     4.09
2014.20000    -7.86     4.73
2014.20274    -3.47     3.81
2014.20548    -5.11     4.30
2014.20822    -6.05     3.75
2014.21096    -3.55     3.53
2014.21370    -3.53     3.75
2014.21644    -5.53     3.88
2014.21918    -4.62     3.57
2014.22192    -5.53     3.60
2014.22466    -6.15     3.29
2014.22740    -4.18     3.72
2014.23014    -2.01     3.76
2014.23288    -0.44     3.92
2014.23562    -2.57     3.85
2014.23836    -3.03     3.91
2014.24110    -1.26     4.60
2014.24384    -1.21     3.89
2014.24658    -3.95     5.26
2014.24932    -1.45     4.24
2014.25205     0.61     3.86
2014.25479    -3.90     4.44
2014.25753    -2.93     4.41
2014.26027    -3.22     3.60
2014.26301    -4.24     3.77
2014.26575    -3.28     3.46
2014.26849    -2.75     3.90
2014.27123    -1.71     3.93
2014.27397     0.23     4.84
2014.27671    -0.96     4.25
2014.27945    -0.71     3.99
2014.28219     1.88     4.07
2014.28493    -0.22     3.91
2014.28767    -4.80     4.26
2014.29041    -0.89     3.87
2014.29315    -1.39     4.04
2014.29589    -5.78     4.01
2014.29863    -2.52     4.05
2014.30137    -0.17     3.73
2014.30411    -2.96     3.68
2014.30685    -2.67     3.80
2014.30959    -5.77     4.12
2014.31233    -1.78     3.98
2014.31507     0.29     3.80
2014.31781    -1.13     4.32
2014.32055     2.76     4.33
2014.32329    -5.56     3.85
2014.32603    -3.21     3.84
2014.32877    -1.64     4.55
2014.33151    -1.71     4.23
2014.33425    -1.17     3.74
2014.33699    -1.34     3.94
2014.33973    -2.18     3.73
2014.34247    -4.34     3.79
2014.34521    -2.44     3.79
2014.34795    -0.57     3.81
2014.35068    -0.48     3.83
2014.35342    -3.74     3.89
2014.35616     0.05     3.85
2014.35890    -1.70     3.98
2014.36164    -3.55     4.19
2014.36438    -2.58     4.83
2014.36712    -0.22     4.44
2014.36986    -4.23     4.97
2014.37260    -0.77     4.68
2014.37534     0.72     4.51
2014.37808    -0.52     5.69
2014.38082    -2.21     5.38
2014.38356     3.34     5.66
2014.38630    -7.26     4.55
2014.38904    -3.00     4.19
2014.39178    -3.03     4.56
2014.39452     3.16     4.33
2014.39726    -1.40     4.30
2014.40000     1.67     4.81
2014.40274     2.84     4.92
2014.40548     1.64     4.82
2014.40822     1.32     4.51
2014.41096     1.06     4.28
2014.41370    -2.87     4.02
2014.41644    -4.40     4.41
2014.41918    -0.79     4.62
2014.42192    -0.53     4.75
2014.42466     2.12     5.02
2014.42740    -3.13     4.43
2014.43014    -2.29     3.88
2014.43288    -0.40     4.86
2014.43562    -2.85     5.15
2014.43836    -4.60     4.30
2014.44110    -3.07     3.92
2014.44384    -3.48     4.18
2014.44658    -4.45     4.15
2014.44932    -3.67     3.97
2014.45205    -3.85     3.94
2014.45479    -3.56     4.07
2014.45753    -1.83     4.21
2014.46027    -2.87     4.03
2014.46301    -4.50     3.84
2014.46575    -2.12     4.11
2014.46849    -1.37     4.21
2014.47123    -1.12     4.27
2014.47397    -0.76     4.51
2014.47671    -2.59     5.35
2014.47945    -1.69     4.36
2014.48219    -1.87     4.41
2014.48493    -5.92     4.08
2014.48767    -2.11     3.80
2014.49041    -1.36     5.36
2014.49315    -5.29     4.36
2014.49589    -5.63     4.23
2014.49863    -3.95     4.43
2014.50137    -0.83     3.98
2014.50411    -2.26     4.56
2014.50685    -0.80     4.61
2014.50959    -3.38     4.71
2014.51233     0.89     4.32
2014.51507    -4.06     4.60
2014.51781    -6.35     4.59
2014.52055    -3.09     6.43
2014.52329    -1.61     4.47
2014.52603    -4.36     4.37
2014.52877    -1.18     4.10
2014.53151    -3.42     3.85
2014.53425    -3.36     4.15
2014.53699     1.27     4.63
2014.53973    -1.12     4.77
2014.54247    -4.33     5.69
2014.54521     3.34     5.36
2014.54795     1.12     5.82
2014.55068    -1.45     4.91
2014.55342    -2.80     4.54
2014.55616     0.67     5.19
2014.55890    -3.72     5.57
2014.56164    -1.27     5.23
2014.56438     2.23     4.55
2014.56712     0.62     5.12
2014.56986    -2.06     4.48
2014.57260    -4.19     5.97
2014.57534    -3.46     5.12
2014.57808    -2.17     4.76
2014.58082    -0.67     5.93
2014.58356    -0.87     5.17
2014.58630    -1.04     5.06
2014.58904    -7.37     6.11
2014.59178    -2.65     5.08
2014.59452    -5.36     5.20
2014.59726    -1.30     6.45
2014.60000    -9.78     9.17
2014.60274     1.10     6.60
2014.60548    -6.08     6.93
2014.60822    -8.12     6.24
2014.61096    -5.04     5.16
2014.61370    -3.79     5.47
2014.61644     0.09     5.83
2014.61918    -7.49     4.47
2014.62192    -6.94     4.47
2014.62466    -3.96     4.52
2014.62740    -2.70     4.55
2014.63014    -4.56     4.58
2014.63288    -7.15     4.76
2014.63562    -4.25     5.54
2014.63836    -2.28     4.95
2014.64110    -5.58     6.17
2014.64384    -6.66     4.83
2014.64658    -6.57     5.07
2014.64932    -7.96     5.61
2014.65205    -7.05     5.00
2014.65479    -6.44     5.25
2014.65753    -6.84     5.22
2014.66027    -5.72     4.40
2014.66301    -1.99     4.20
2014.66575    -3.58     4.58
2014.66849    -6.61     5.43
2014.67123    -6.98     4.69
2014.67397    -8.52     4.21
2014.67671    -2.98     4.81
2014.67945    -6.79     4.34
2014.68219    -3.62     6.67
2014.68493    -3.87     4.64
2014.68767     1.82     5.09
2014.69041    -6.76     4.41
2014.69315    -3.24     5.23
2014.69589    -3.06     4.40
2014.69863    -4.68     5.05
2014.70137    -5.81     4.46
2014.70411    -3.69     5.06
2014.70685    -6.57     4.92
2014.70959    -5.03     4.46
2014.71233    -4.04     4.07
2014.71507    -1.07     4.64
2014.71781     3.18     4.44
2014.72055     1.57     5.41
2014.72329     0.58     4.29
2014.72603     2.74     4.53
2014.72877    -1.83     4.46
2014.73151     0.51     4.24
2014.73425     0.27     5.15
2014.73699     0.06     3.80
2014.73973     2.16     3.65
2014.74247    -0.03     4.21
2014.74521     2.05     4.12
2014.74795     1.23     5.37
2014.75068     0.93     4.66
2014.75342    -4.75     4.69
2014.75616     2.90     4.70
2014.75890     2.19     4.82
2014.76164    -0.39     3.90
2014.76438     3.33     3.87
2014.76712     1.69     4.07
2014.76986    -1.79     3.73
2014.77260     0.89     3.99
2014.77534     0.63     3.96
2014.77808     2.79     4.12
2014.78082    -1.60     4.41
2014.78356     1.05     4.82
2014.78630    -1.02     4.73
2014.78904    -1.58     4.68
2014.79178     1.09     4.42
2014.79452    -2.40     4.27
2014.79726     2.77     4.05
2014.80000     2.47     4.59
2014.80274    -3.65     4.44
2014.80548     1.38     3.97
2014.80822     1.62     4.06
2014.81096     0.91     4.21
2014.81370     1.58     3.99
2014.81644    -3.00     5.36
2014.81918    -0.72     4.88
2014.82192    -2.01     4.51
2014.82466     1.05     4.22
2014.82740     1.79     4.48
2014.83014     2.66     4.40
2014.83288     1.03     4.34
2014.83562     4.93     4.19
2014.83836    -2.82     5.18
2014.84110     4.69     4.55
2014.84384    -1.62     4.36
2014.84658    -1.83     4.19
2014.84932     3.11     4.33
2014.85205     3.51     4.89
2014.85479     5.31     4.89
2014.85753     5.44     3.99
2014.86027     2.32     3.91
2014.86301     1.41     4.26
2014.86575     3.14     3.76
2014.86849     2.41     3.60
2014.87123     2.40     3.55
2014.87397    -0.13     3.55
2014.87671    -3.15     3.87
2014.87945     2.51     3.98
2014.88219    -1.25     3.63
2014.88493     5.29     3.60
2014.88767     1.91     3.67
2014.89041     1.85     3.94
2014.89315     4.68     3.61
2014.89589     1.39     3.65
2014.89863    -0.62     3.59
2014.90137     4.02     3.67
2014.90411     4.03     3.88
2014.90685     3.24     4.08
2014.90959     0.35     4.02
2014.91233    -0.06     4.19
2014.91507     3.46     4.04
2014.91781     0.80     3.69
2014.92055    -0.29     3.58
2014.92329     1.05     3.65
2014.92603     1.51     3.82
2014.92877    -2.67     3.71
2014.93151     3.52     3.45
2014.93425     0.32     3.67
2014.93699    -2.12     3.65
2014.93973     1.20     3.60
2014.94247    -0.36     3.61
2014.94521    -0.66     3.55
2014.94795     3.80     3.63
2014.95068     1.41     3.41
2014.95342     3.21     3.08
2014.95616     2.43     3.38
2014.95890     1.29     3.55
2014.96164     3.52     3.62
2014.96438     3.86     3.71
2014.96712     1.91     4.14
2014.96986     2.61     3.78
2014.97260     1.05     3.31
2014.97534    -0.07     3.32
2014.97808     2.57     3.53
2014.98082     4.93     3.79
2014.98356     4.38     4.00
2014.98630     3.59     3.61
2014.98904     3.31     3.77
2014.99178     3.01     3.52
2014.99452     2.60     3.41
2014.99726     2.48     3.31
2015.00000     2.55     3.30
2015.00274    -0.58     3.44
2015.00548     1.19     3.46
2015.00822     0.47     3.36
2015.01096     2.08     3.24
2015.01370     0.88     3.40
2015.01644     1.33     3.57
2015.01918     0.66     3.51
2015.02192     3.92     3.97
2015.02466    -0.25     3.51
2015.02740     1.21     3.46
2015.03014     1.13     3.38
2015.03288     1.37     3.34
2015.03562    -2.80     3.99
2015.03836    -1.53     3.40
2015.04110    -0.25     3.48
2015.04384     2.34     3.47
2015.04658     1.54     3.41
2015.04932     2.83     3.36
2015.05205     1.62     4.07
2015.05479     2.47     3.58
2015.05753     1.69     3.78
2015.06027     0.09     3.51
2015.06301     6.29     3.97
2015.06575     3.49     3.51
2015.06849     0.70     3.28
2015.07123    -0.15     3.32
2015.07397    -0.11     3.32
2015.07671    -0.10     3.17
2015.07945     1.53     3.60
2015.08219     0.99     3.46
2015.08493     5.72     3.51
2015.08767     2.95     3.39
2015.09041     2.87     3.30
2015.09315     2.61     3.73
2015.09589     1.20     3.49
2015.09863     1.12     3.49
2015.10137     0.97     3.36
2015.10411     0.73     3.42
2015.10685     1.33     3.31
2015.10959     2.09     3.40
2015.11233     0.78     3.43
2015.11507     2.93     3.74
2015.11781     1.67     3.42
2015.12055     4.48     3.97
2015.12329     6.14     3.61
2015.12603     5.33     4.65
2015.12877     8.89     4.03
2015.13151     2.76     3.47
2015.13425     2.59     3.44
2015.13699     3.09     3.31
2015.13973     4.23     3.51
2015.14247     6.87     4.55
2015.14521     3.06     3.85
2015.14795     5.43     4.59
2015.15068     6.88     3.69
2015.15342     5.39     4.24
2015.15616     6.92     4.13
2015.15890     3.92     3.87
2015.16164     6.18     4.06
2015.16438     2.15     3.41
2015.16712     4.11     3.75
2015.16986     0.20     3.63
2015.17260     8.55     4.59
2015.17534     2.35     3.77
2015.17808     4.33     4.10
2015.18082     1.30     3.29
2015.18356     3.67     4.09
2015.18630     6.58     4.30
2015.18904     1.67     4.09
2015.19178     7.09     4.30
2015.19452     2.66     3.83
2015.19726     2.45     3.73
2015.20000     5.99     4.26
2015.20274     1.22     3.41
2015.20548     4.93     4.15
2015.20822     2.12     4.10
2015.21096     5.58     3.90
2015.21370     3.78     4.04
2015.21644     2.73     3.46
2015.21918     1.40     3.98
2015.22192     6.02     3.99
2015.22466    10.29     4.92
2015.22740     5.82     4.51
2015.23014     4.46     4.39
2015.23288     6.62     4.38
2015.23562     4.44     3.72
2015.23836     7.88     4.10
2015.24110     8.14     4.09
2015.24384     3.08     3.89
2015.24658     1.26     3.76
2015.24932     2.35     4.31
2015.25205     4.89     4.29
2015.25479     5.64     4.10
2015.25753     9.18     5.04
2015.26027    10.23     5.11
2015.26301     6.71     5.71
2015.26575     2.67     4.39
2015.26849     4.38     3.89
2015.27123    -0.11     3.73
2015.27397     2.86     4.30
2015.27671     6.76     4.69
2015.27945     8.32     4.64
2015.28219     0.44     4.12
2015.28493     2.95     3.92
2015.28767     5.76     4.90
2015.29041     8.61     5.16
2015.29315     8.91     5.14
2015.29589     6.46     4.70
2015.29863     6.62     4.73
2015.30137     6.45     4.85
2015.30411     5.70     5.05
2015.30685     6.81     4.87
2015.30959     8.22     4.84
2015.31233     4.51     4.53
2015.31507    -0.15     3.80
2015.31781     9.29     4.45
2015.32055     6.08     4.47
2015.32329     9.28     4.93
2015.32877     6.56     4.40
2015.33151     4.20     4.18
2015.33425     9.52     4.70
2015.33699     7.47     5.13
2015.33973    -1.14     5.00
2015.34247     8.56     5.03
2015.34521     1.98     4.16
2015.34795     4.56     4.43
2015.35068    -1.64     4.52
2015.35342     7.48     4.95
2015.35616    -1.83     4.88
2015.35890     6.45     5.08
2015.36164     8.44     6.15
2015.36438     0.68     4.12
2015.36712     8.19     4.73
2015.36986     9.62     5.23
2015.37260     7.77     4.64
2015.37534     7.28     5.51
2015.37808     2.68     4.27
2015.38082     1.53     4.20
2015.38356     4.76     5.11
2015.38630     6.32     4.52
2015.38904     2.19     4.79
2015.39178     7.56     4.70
2015.39452     1.37     4.40
2015.39726     8.90     4.41
2015.40000     6.76     4.51
2015.40274     3.58     3.95
2015.40548     2.32     4.63
2015.40822     4.10     3.80
2015.41096     8.59     5.05
2015.41370     5.58     5.24
2015.41644     4.59     4.69
2015.41918     5.98     4.99
2015.42192     6.27     4.85
2015.42466     5.15     4.85
2015.42740     8.95     5.28
2015.43014     8.65     5.16
2015.43288     4.88     4.90
2015.43562     6.82     4.92
2015.43836     5.29     4.71
2015.44110    -0.62     5.00
2015.44384     7.08     5.56
2015.44658     4.50     5.04
2015.44932     2.73     4.99
2015.45205     4.94     5.59
2015.45479     6.81     4.90
2015.45753    -0.09     5.10
2015.46027     2.88     5.10
2015.46301     4.73     4.95
2015.46575     0.55     5.11
2015.46849     0.70     6.38
2015.47123     6.64     5.39
2015.47397     5.26     5.18
2015.47671     3.26     4.94
2015.47945     0.93     5.92
2015.48219     6.60     5.36
2015.48493     2.95     5.04
2015.48767     4.20     5.01
2015.49041     7.00     4.67
2015.49315     5.24     4.87
2015.49589     8.19     4.71
2015.49863     6.08     5.83
2015.50137     6.85     5.18
2015.50411     5.78     4.71
2015.50685     4.60     5.24
2015.50959     7.35     5.56
2015.51233     5.37     4.97
2015.51507    -0.52     4.82
2015.51781     3.42     5.25
2015.52055     2.29     5.12
2015.52329     3.59     5.01
2015.52603    -0.67     4.69
2015.52877     3.91     5.10
2015.53151     2.85     6.83
2015.53425    -1.34     5.17
2015.53699     5.16     6.47
2015.53973    -0.17     4.54
2015.54247     2.08     5.70
2015.54521     6.47     5.64
2015.54795     3.93     4.83
2015.55068     4.99     4.48
2015.55342     3.18     4.98
2015.55616     5.99     5.19
2015.55890     3.82     4.27
2015.56164     4.49     4.85
2015.56438     3.89     5.02
2015.56712    -2.80     4.50
2015.56986     4.20     5.19
2015.57260     2.35     5.16
2015.57534    -1.87     4.79
2015.57808     1.82     5.20
2015.58082     1.10     5.65
2015.58356     3.25     5.53
2015.58630    -3.21     6.07
2015.58904    -2.01     4.82
2015.59178    -2.81     4.74
2015.59452     2.64     5.34
2015.59726     2.18     5.12
2015.60000     0.26     5.28
2015.60274    -2.90     5.23
2015.60548     0.95     5.46
2015.60822     2.59     5.34
2015.61096     2.23     4.71
2015.61370     2.54     5.08
2015.61644     2.73     4.76
2015.61918     1.33     4.33
2015.62192    -0.18     4.88
2015.62466    -0.68     4.61
2015.62740     2.28     4.78
2015.63014     0.88     4.60
2015.63288     7.42     5.84
2015.63562    -1.72     4.63
2015.63836    -3.03     5.34
2015.64110    -1.23     4.70
2015.64384    -0.28     5.03
2015.64658     0.76     6.24
2015.64932     3.30     5.52
2015.65205    -5.36     5.63
2015.65479    -2.35     4.55
2015.65753     0.33     4.63
2015.66027     2.72     4.50
2015.66301     0.84     4.29
2015.66575     2.15     4.69
2015.66849    -1.56     4.55
2015.67123     3.30     4.49
2015.67397     3.47     4.30
2015.67671     1.24     4.52
2015.67945     0.64     4.39
2015.68219     5.27     4.81
2015.68493     0.77     4.98
2015.68767    -2.66     4.44
2015.69041    -0.60     4.38
2015.69315     3.65     4.31
2015.69589    -0.19     4.58
2015.69863    -0.46     4.58
2015.70137     0.90     4.27
2015.70411     1.01     4.85
2015.70685     1.99     4.27
2015.70959    -1.87     4.86
2015.71233    -0.09     4.23
2015.71507     0.81     4.29
2015.71781     0.51     4.02
2015.72055    -1.50     4.04
2015.72329     1.77     4.24
2015.72603    -3.65     4.32
2015.72877    -1.65     4.25
2015.73151    -6.79     4.61
2015.73425     1.38     4.41
2015.73699    -0.06     4.09
2015.73973     1.36     4.63
2015.74247    -1.93     5.47
2015.74521     7.15     5.07
2015.74795    -0.41     4.88
2015.75068    -4.56     5.47
2015.75342     5.79     4.38
2015.75616     1.71     4.26
2015.75890     2.71     4.17
2015.76164    -1.69     4.04
2015.76438     3.99     4.33
2015.76712     1.52     3.90
2015.76986     2.70     4.64
2015.77260     0.83     4.09
2015.77534     3.78     4.12
2015.77808     0.77     3.97
2015.78082     2.17     3.93
2015.78356     7.08     4.05
2015.78630     2.80     4.03
2015.78904    -3.34     3.75
2015.79178     0.58     4.10
2015.79452     2.26     4.33
2015.79726     3.57     4.19
2015.80000     4.03     4.79
2015.80274     1.39     4.08
2015.80548     2.59     4.52
2015.80822     8.44     4.31
2015.81096     3.00     4.26
2015.81370     6.13     4.48
2015.81644     0.00     3.82
2015.81918     3.88     3.90
2015.82192     5.04     4.03
2015.82466     3.84     3.94
2015.82740     5.35     4.24
2015.83014    -1.57     4.66
2015.83288     5.90     4.89
2015.83562     4.66     4.43
2015.83836     0.31     4.56
2015.84110     4.05     4.73
2015.84384     0.66     4.29
2015.84658     2.58     3.84
2015.84932     3.95     4.32
2015.85205     6.42     4.68
2015.85479     0.96     4.00
2015.85753    -1.58     4.80
2015.86027     0.91     4.15
2015.86301    -0.81     4.07
2015.86575    -0.09     3.50
2015.86849     6.50     3.67
2015.87123     2.08     3.92
2015.87397     4.78     3.73
2015.87671     3.28     3.62
2015.87945     2.26     3.55
2015.88219     1.17     3.99
2015.88493    -3.78     4.50
2015.88767    -2.86     4.46
2015.89041     1.11     4.09
2015.89315     0.55     3.18
2015.89589     0.04     3.55
2015.89863     7.33     6.66
2015.90137     0.49     3.94
2015.90411    -1.95     3.80
2015.90685    -1.86     3.79
2015.90959    -0.62     3.70
2015.91233    -1.70     3.65
2015.91507     0.35     3.79
2015.91781    -0.94     3.97
2015.92055    -2.26     3.81
2015.92329    -3.19     3.72
2015.92603     1.68     3.77
2015.92877     0.30     4.33
2015.93151    -3.06     3.79
2015.93425    -2.41     3.77
2015.93699     0.64     3.47
2015.93973    -1.40     4.17
2015.94247     0.00     4.08
2015.94795     2.58     4.25
2015.95068    -2.56     3.82
2015.95342     2.38     3.83
2015.95616    -0.36     3.13
2015.95890    -1.16     3.20
2015.96164    -2.83     3.40
2015.96438    -1.92     3.10
2015.96712    -3.04     3.23
2015.96986     2.82     3.76
2015.97260    -0.86     3.39
2015.97534    -1.79     3.21
2015.97808    -0.36     3.21
2015.98082     2.22     3.49
2015.98356    -0.41     3.34
2015.98630    -0.98     3.15
2015.98904    -1.83     3.63
2015.99178    -1.15     3.14
2015.99452    -0.85     3.11
2015.99726    -3.10     3.08
2016.00000    -0.24     3.12
2016.00273     1.83     3.01
2016.00546    -1.08     3.81
2016.00820    -2.25     4.03
2016.01093    -1.27     3.52
2016.01366     1.45     3.74
2016.01639     1.20     3.74
2016.01913    -2.32     3.45
2016.02186    -1.90     3.25
2016.02459    -0.23     3.18
2016.02732    -1.13     3.27
2016.03005    -0.33     3.44
2016.03279    -0.54     3.78
2016.03552     0.99     3.74
2016.03825    -0.98     3.33
2016.04098     6.56     3.67
2016.04372    -3.66     3.97
2016.04645     2.89     4.05
2016.04918    -1.15     3.39
2016.05191     0.33     3.69
2016.05464    -0.74     3.36
2016.05738     0.96     3.00
2016.06011    -0.18     3.11
2016.06284     0.14     3.42
2016.06557     1.84     3.72
2016.06831     5.64     3.42
2016.07104     1.18     3.48
2016.07377    -1.80     3.30
2016.07650    -0.41     3.50
2016.07923     1.66     4.63
2016.08197     3.76     3.34
2016.08470     0.29     3.13
2016.08743     1.47     3.33
2016.09016    -0.58     3.23
2016.09290     2.15     3.08
2016.09563     1.30     3.64
2016.10383    -6.03     3.29
2016.10656    -5.94     3.18
2016.10929   -11.03     3.11
2016.11202    -8.83     3.23
2016.11475   -10.08     4.47
2016.11749    -8.23     3.84
2016.12022   -14.58     3.46
2016.12295    -8.20     3.75
2016.12568   -12.76     3.31
2016.12842   -12.15     3.26
2016.13115   -12.56     3.21
2016.13388   -14.20     3.15
2016.13661   -13.62     3.18
2016.13934   -15.25     3.19
2016.14208   -13.87     3.41
2016.14481   -14.31     3.15
2016.14754   -13.42     3.20
2016.15027   -15.87     3.37
2016.15301   -13.34     3.16
2016.15574   -13.72     3.20
2016.15847   -13.92     3.60
2016.16120   -16.39     3.70
2016.16393   -15.96     3.50
2016.16667   -16.95     3.41
2016.16940   -18.45     3.71
2016.17213   -15.13     3.80
2016.17486   -18.54     3.65
2016.17760   -17.16     4.06
2016.18033   -19.13     3.38
2016.18306   -16.91     3.56
2016.18579   -14.68     4.25
2016.18852   -17.30     3.98
2016.19126   -14.44     4.04
2016.19399   -21.15     3.72
2016.19672   -16.44     3.73
2016.19945   -17.67     4.37
2016.20219   -18.88     3.96
2016.20492   -16.30     4.06
2016.20765   -17.57     3.39
2016.21038   -16.30     3.69
2016.21311   -19.93     3.47
2016.21585   -16.82     3.62
2016.21858   -17.87     3.37
2016.22131   -19.41     3.61
2016.22404   -18.36     3.55
2016.22678   -16.29     4.65
2016.22951   -21.20     3.17
2016.23224   -21.38     3.53
2016.23497   -19.84     3.22
2016.23770   -17.38     3.43
2016.24044   -21.31     3.79
2016.24317   -18.68     3.45
2016.24590   -18.32     3.80
2016.24863   -18.36     3.87
2016.25137   -18.66     3.36
2016.25410   -17.81     3.92
2016.25683   -20.36     3.38
2016.25956   -21.70     3.20
2016.26230   -18.45     3.40
2016.26503   -21.66     3.24
2016.26776   -19.08     3.23
2016.27049   -17.63     3.52
2016.27322   -18.56     3.67
2016.27596   -21.47     4.49
2016.27869   -21.62     4.09
2016.28142   -22.52     3.73
2016.28415   -24.16     5.06
2016.28689   -23.34     5.70
2016.28962   -23.36     4.10
2016.29235   -15.33     4.53
2016.29508   -15.56     4.37
2016.29781   -19.38     4.41
2016.30055   -21.61     3.81
2016.30328   -21.82     3.91
2016.30601   -19.68     3.95
2016.30874   -20.75     3.48
2016.31148   -19.48     3.79
2016.31421   -22.35     3.78
2016.31694   -23.33     3.99
2016.31967   -24.99     4.07
2016.32240   -22.84     3.99
2016.32514   -25.08     3.93
2016.32787   -23.76     3.78
2016.33060   -26.10     3.51
2016.33333   -22.95     4.48
2016.33607   -22.52     3.93
2016.33880   -24.83     3.91
2016.34153   -21.63     3.61
2016.34426   -25.99     3.76
2016.34699   -21.54     3.82
2016.34973   -20.07     4.18
2016.35246   -22.84     3.93
2016.35519   -23.01     4.09
2016.35792   -22.66     4.92
2016.36066   -30.63     4.85
2016.36339   -26.61     4.44
2016.36612   -24.81     4.73
2016.36885   -24.69     4.61
2016.37158   -21.64     4.35
2016.37432   -30.74     3.98
2016.37705   -25.20     3.69
2016.37978   -23.09     3.89
2016.38251   -25.17     3.73
2016.38525   -24.69     6.10
2016.38798   -25.64     4.39
2016.39071   -22.68     5.03
2016.40437   -29.44     4.46
2016.40710   -26.23     4.16
2016.40984   -26.99     4.09
2016.41257   -24.52     4.40
2016.41530   -26.10     3.92
2016.41803   -25.03     4.04
2016.42077   -24.69     4.48
2016.42350   -25.49     3.98
2016.42623   -22.44     4.34
2016.42896   -25.72     5.08
2016.43169   -25.59     4.55
2016.43443   -19.95     6.00
2016.43716   -20.68     4.90
2016.43989   -26.45     4.18
2016.44262   -26.30     4.71
2016.44536   -23.30     4.45
2016.44809   -28.25     4.76
2016.45082   -24.23     5.54
2016.45355   -21.92     5.25
2016.45628   -23.26     4.30
2016.45902   -24.12     4.04
2016.46175   -24.85     4.32
2016.46448   -26.89     5.39
2016.46721   -27.59     4.83
2016.46995   -29.26     4.24
2016.47268   -26.25     4.22
2016.47541   -25.60     4.34
2016.47814   -26.49     4.66
2016.48087   -30.97     4.81
2016.48361   -26.57     4.58
2016.48634   -24.49     5.26
2016.48907   -29.85     4.31
2016.49180   -24.03     4.72
2016.49454   -26.80     4.73
2016.49727   -25.75     4.76
2016.50000   -26.86     4.34
2016.50273   -22.80     4.18
2016.50546   -35.14     4.30
2016.50820   -27.96     4.59
2016.51093   -30.62     4.65
2016.51366   -26.12     5.01
2016.51639   -31.00     4.42
2016.51913   -30.55     5.41
2016.52186   -27.35     4.80
2016.52459   -29.82     4.94
2016.52732   -24.77     5.78
2016.53005   -31.69     6.08
2016.53279   -29.49     4.75
2016.54918   -29.39     4.07
2016.55191   -28.54     8.64
2016.57104   -26.25     4.67
2016.57377   -29.72     4.65
2016.57650   -30.05     5.06
2016.57923   -31.64     5.11
2016.58197   -26.20     5.09
2016.58470   -33.10     5.20
2016.58743   -26.74     3.98
2016.59016   -27.06     3.95
2016.59290   -26.44     3.98
2016.59563   -29.02     3.83
2016.59836   -26.71     4.83
2016.60109   -27.79     5.69
2016.60383   -25.95     5.74
2016.60656   -24.18     5.02
2016.60929   -24.90     5.38
2016.61202   -25.56     4.79
2016.61475   -27.96     3.91
2016.61749   -26.48     4.20
2016.62022   -23.46     4.31
2016.62295   -33.55     4.68
2016.62568   -29.71     4.66
2016.62842   -26.71     4.72
2016.63115   -31.16     5.90
2016.63388   -30.89     5.46
2016.63661   -26.87     5.13
2016.64208   -26.81     5.13
2016.64481   -28.40     5.21
2016.64754   -32.15     4.84
2016.65027   -31.97     5.00
2016.65301   -27.76     5.52
2016.65574   -33.62     5.74
2016.65847   -28.55     5.61
2016.66120   -34.03     5.98
2016.66393   -29.17     4.81
2016.66667   -31.37     4.78
2016.66940   -31.71     4.80
2016.67213   -29.55     6.60
2016.67486   -25.52     5.36
2016.67760   -30.72     5.00
2016.68033   -30.57     5.92
2016.68306   -29.79     5.56
2016.68579   -32.66     4.55
2016.68852   -26.13     5.17
2016.69126   -28.62     4.69
2016.69399   -30.43     4.35
2016.69672   -24.85     5.62
2016.69945   -33.90     4.90
2016.70219   -30.41     4.87
2016.70492   -33.89     6.56
2016.70765   -36.73     5.50
2016.71038   -42.39     5.97
2016.71311   -42.89     5.83
2016.71585   -40.05     3.95
2016.71858   -41.70     5.40
2016.72131   -33.00     5.26
2016.72404   -33.50     4.92
2016.72678   -29.19     6.61
2016.72951   -34.31     5.56
2016.73224   -32.95     4.68
2016.73497   -34.86     5.62
2016.74317   -30.72     8.36
2016.74590   -34.12     5.80
2016.74863   -36.32     5.09
2016.75137   -32.06     5.36
2016.75410   -36.20     4.74
2016.75683   -35.64     4.98
2016.75956   -39.17     6.55
2016.76230   -33.03     6.08
2016.76503   -36.85     5.36
2016.76776   -28.27     5.28
2016.77049   -35.16     5.42
2016.77322   -33.23     5.06
2016.77596   -36.23     4.95
2016.77869   -29.13     5.19
2016.78142   -34.95     5.29
2016.78415   -39.47     5.43
2016.78689   -33.97     4.70
2016.78962   -36.33     5.50
2016.79235   -33.22     5.92
2016.79508   -35.06     5.04
2016.79781   -34.06     4.66
2016.80055   -41.18     5.37
2016.80328   -34.94     7.19
2016.80601   -27.37     4.93
2016.80874   -31.83     4.57
2016.81148   -35.31     4.66
2016.81421   -33.02     4.22
2016.81694   -29.02     4.64
2016.81967   -33.74     4.99
2016.82240   -32.27     4.19
2016.82514   -32.11     4.72
2016.82787   -33.30     6.76
2016.83607   -35.22     4.91
2016.84153   -35.56     4.85
2016.84699   -34.41     6.98
2016.84973   -37.87     5.15
2016.85519   -35.75     6.43
2016.85792   -34.67     4.29
2016.86339   -36.01     4.85
2016.86612   -34.25     4.55
2016.86885   -38.10     5.40
2016.87158   -38.48     5.72
2016.87432   -41.89     5.57
2016.87705   -32.80     6.17
2016.88251   -34.76     3.72
2016.88525   -36.08     4.34
2016.88798   -33.69     4.07
2016.89071   -35.24     3.99
2016.89344   -39.21     4.05
2016.89617   -35.55     4.34
2016.89891   -41.15     3.95
2016.90164   -36.34     3.84
2016.90437   -35.51     4.17
2016.90710   -38.90     4.55
2016.90984   -38.15     4.67
2016.91257   -35.24     4.26
2016.91530   -34.45     4.61
2016.91803   -39.84     4.38
2016.92077   -37.03     4.19
2016.92350   -37.51     4.13
2016.92623   -38.70     4.37
2016.92896   -45.45     3.80
2016.93169   -45.08     3.60
2016.93443   -39.21     3.91
2016.93716   -38.92     4.20
2016.93989   -43.45     4.17
2016.94262   -45.41     3.67
2016.94536   -38.27     3.96
2016.94809   -35.50     4.24
2016.95082   -41.19     3.89
2016.95355   -40.85     3.87
2016.95628   -43.88     3.29
2016.95902   -39.81     4.05
2016.96175   -38.91     3.83
2016.96448   -38.14     3.87
2016.96721   -38.30     4.10
2016.96995   -36.78     3.98
2016.97268   -44.61     3.64
2016.97541   -41.77     3.50
2016.97814   -36.75     3.88
2016.98087   -44.84     3.34
2016.98361   -44.02     3.20
2016.98634   -46.12     3.75
2016.98907   -38.60     4.19
2016.99180   -46.44     3.50
2016.99454   -42.62     3.85
2016.99727   -44.45     3.62
2017.00000   -40.32     4.04
2017.00274   -44.95     3.59
2017.00548   -40.88     3.76
2017.00822   -44.87     3.30
2017.01096   -43.44     3.77
2017.01370   -40.51     3.77
2017.01644   -40.28     3.47
2017.01918   -35.98     3.50
2017.02192   -37.48     3.73
2017.02466   -37.93     3.92
2017.02740   -35.89     4.42
2017.03014   -35.63     4.20
2017.03288   -37.91     3.71
2017.03562   -40.76     3.42
2017.03836   -45.32     3.10
2017.04110   -41.45     3.74
2017.04384   -40.05     3.52
2017.04658   -40.21     4.09
2017.04932   -40.01     3.69
2017.05205   -39.54     3.64
2017.05479   -42.53     3.49
2017.05753   -39.85     3.78
2017.06027   -43.63     3.79
2017.06301   -40.72     3.48
2017.06575   -37.74     3.49
2017.06849   -36.13     4.12
2017.07123   -41.44     3.59
2017.07397   -41.25     3.82
2017.07671   -39.68     3.70
2017.07945   -37.85     3.80
2017.08219   -40.01     4.31
2017.08493   -37.80     3.94
2017.08767   -42.32     3.79
2017.09041   -41.09     3.59
2017.09315   -35.23     4.01
2017.09589   -36.15     5.01
2017.09863   -36.88     4.35
2017.10137   -40.09     3.73
2017.10411   -41.19     4.10
2017.10685   -39.04     4.23
2017.10959   -48.13     3.04
2017.11233   -42.32     3.30
2017.11507   -43.39     3.41
2017.11781   -41.58     3.41
2017.12055   -44.53     3.56
2017.12329   -42.95     3.58
2017.12603   -40.87     3.78
2017.12877   -42.98     3.49
2017.13151   -43.64     3.60
2017.13425   -41.63     3.90
2017.13699   -41.41     4.12
2017.13973   -44.28     3.85
2017.14247   -41.88     4.12
2017.14521   -42.17     4.31
2017.14795   -44.67     3.75
2017.15068   -41.44     3.99
2017.15616   -45.65     3.63
2017.15890   -43.38     3.48
2017.16164   -44.38     3.53
2017.16438   -46.66     3.67
2017.16712   -48.27     3.42
2017.16986   -49.51     3.31
2017.17260   -49.05     3.21
2017.17534   -47.05     3.41
2017.17808   -48.93     3.28
2017.18082   -49.75     3.08
2017.18356   -46.11     3.59
2017.18630   -47.77     3.43
2017.18904   -51.71     3.54
2017.19178   -46.12     3.28
2017.19452   -50.10     3.09
2017.19726   -51.44     3.49
2017.20000   -52.04     3.40
2017.20274   -45.31     4.33
2017.20548   -42.82     4.40
2017.20822   -52.20     3.25
2017.21096   -50.14     3.62
2017.21370   -51.11     3.98
2017.21644   -51.36     3.48
2017.21918   -49.26     4.44
2017.22192   -41.27     5.41
2017.22466   -50.67     4.03
2017.22740   -45.55     4.67
2017.23014   -49.52     3.89
2017.23288   -46.12     4.34
2017.23562   -45.45     4.62
2017.23836   -45.98     4.41
2017.24110   -48.49     4.13
2017.24384   -49.01     3.97
2017.24658   -44.92     5.84
2017.24932   -48.65     4.89
2017.25205   -42.04     5.59
2017.25479   -38.10     4.52
2017.25753   -40.86     5.09
2017.26027   -41.71     4.40
2017.26301   -43.60     4.82
2017.26575   -51.21     3.81
2017.26849   -45.40     4.81
2017.27123   -49.57     4.76
2017.27397   -48.06     4.61
2017.27671   -50.85     5.52
2017.27945   -53.06     4.60
2017.28219   -51.91     4.74
2017.28493   -48.77     4.29
2017.28767   -47.85     4.47
2017.29041   -49.46     4.34
2017.29315   -55.39     3.97
2017.29589   -50.26     4.18
2017.29863   -51.31     5.49
2017.30137   -50.29     4.89
2017.30411   -46.36     5.01
2017.30685   -53.66     3.96
2017.30959   -53.56     3.50
2017.31233   -49.35     3.53
2017.31507   -46.06     4.04
2017.31781   -48.21     3.97
2017.32055   -45.52     4.54
2017.32329   -42.81     4.64
2017.32603   -46.50     4.20
2017.32877   -44.75     4.26
2017.33151   -50.86     3.83
2017.33425   -49.10     4.12
2017.33699   -50.68     4.06
2017.33973   -46.77     4.15
2017.34247   -49.05     4.21
2017.34521   -47.99     4.46
2017.34795   -49.76     3.91
2017.35068   -48.15     4.26
2017.35342   -50.44     4.40
2017.35616   -49.99     4.96
2017.35890   -48.58     4.27
2017.36164   -50.24     4.08
2017.36438   -50.90     4.27
2017.36712   -49.96     4.24
2017.36986   -49.98     4.13
2017.37260   -51.93     3.99
2017.37534   -55.81     3.75
2017.37808   -47.19     4.50
2017.38082   -48.63     4.35
2017.38356   -51.30     4.13
2017.38630   -48.21     3.72
2017.38904   -48.52     3.97
2017.39178   -49.31     4.11
2017.39452   -53.48     5.10
2017.39726   -46.73     4.68
2017.40000   -50.34     3.71
2017.40274   -52.07     3.61
2017.40548   -53.16     3.81
2017.40822   -54.40     4.12
2017.41096   -53.92     4.85
2017.41370   -50.53     4.22
2017.41644   -45.36     5.69
2017.41918   -47.94     4.65
2017.42192   -48.52     4.87
2017.42466   -50.32     5.36
2017.42740   -46.74     4.13
2017.43014   -50.21     4.12
2017.43288   -52.68     4.79
2017.43562   -51.74     4.91
2017.43836   -45.53     4.49
2017.44110   -50.80     3.87
2017.44384   -56.97     3.61
2017.44658   -51.08     4.91
2017.44932   -45.92     4.72
2017.45205   -48.78     5.18
2017.45479   -49.25     5.46
2017.45753   -47.65     6.01
2017.46301   -49.22     4.96
2017.46575   -47.21     4.51
2017.46849   -50.36     4.78
2017.47123   -46.83     4.45
2017.47397   -48.82     4.06
2017.47671   -46.86     4.33
2017.47945   -44.75     5.00
2017.48219   -53.25     4.34
2017.48493   -48.25     4.12
2017.48767   -51.30     4.47
2017.49041   -52.22     4.70
2017.49315   -48.95     4.63
2017.49589   -50.08     4.72
2017.49863   -52.74     4.32
2017.50137   -50.23     7.86
2017.50411   -45.99     4.92
2017.50685   -55.02     4.78
2017.50959   -50.94     4.70
2017.51233   -49.31     4.83
2017.51507   -53.39     4.25
2017.51781   -51.96     4.73
2017.52055   -51.58     4.23
2017.52603   -51.82     4.65
2017.52877   -46.07     4.52
2017.53151   -49.98     4.82
2017.53425   -52.43     4.67
2017.53699   -49.10     4.75
2017.53973   -51.78     4.68
2017.54247   -51.61     3.65
2017.54521   -49.98     4.21
2017.54795   -50.30     4.20
2017.55068   -50.32     3.98
2017.55616   -51.20     4.19
2017.55890   -51.63     4.43
2017.56164   -49.08     4.94
2017.56438   -46.27     4.92
2017.56712   -50.98     5.67
2017.56986   -51.41     4.76
2017.57260   -50.65     4.91
2017.57534   -50.26     5.97
2017.57808   -52.86     6.46
2017.58082   -49.98     6.34
2017.58356   -52.53     6.17
2017.58630   -50.13     4.75
2017.58904   -49.07     5.08
2017.59178   -49.27     4.75
2017.59452   -49.30     4.68
2017.59726   -51.00     4.74
2017.60000   -45.36     5.03
2017.60274   -48.75     5.11
2017.60548   -49.75     5.05
2017.60822   -48.51     5.23
2017.61096   -49.46     5.22
2017.61370   -49.46     4.53
2017.61644   -49.32     4.35
2017.61918   -52.11     4.35
2017.62192   -44.81     4.70
2017.62466   -51.37     4.75
2017.62740   -50.49     4.42
2017.63014   -49.07     5.08
2017.63288   -50.91     5.53
2017.63562   -46.22     5.23
2017.63836   -51.59     5.92
2017.64110   -50.97     5.67
2017.64384   -49.36     4.19
2017.64658   -51.60     4.44
2017.64932   -51.82     4.75
2017.65205   -53.15     5.27
2017.65479   -48.75     4.43
2017.65753   -51.35     4.99
2017.66027   -52.88     5.17
2017.66301   -50.21     5.15
2017.66575   -51.46     5.17
2017.66849   -55.14     6.26
2017.67123   -52.98     4.76
2017.67397   -54.04     5.00
2017.67671   -47.74     5.12
2017.67945   -48.65     4.61
2017.68219   -53.49     4.30
2017.68493   -51.81     4.54
2017.68767   -50.02     4.31
2017.69041   -56.40     3.98
2017.69315   -57.84     4.41
2017.69589   -52.34     4.90
2017.69863   -53.07     4.75
2017.70137   -53.35     5.19
2017.70411   -51.46     4.63
2017.70685   -58.18     3.74
2017.70959   -60.87     4.50
2017.71233   -52.19     4.40
2017.71507   -56.77     4.27
2017.71781   -55.42     4.97
2017.72055   -51.90     4.07
2017.72329   -53.25     4.01
2017.72603   -53.17     4.98
2017.72877   -54.72     4.16
2017.73151   -54.86     4.17
2017.73425   -56.23     4.70
2017.73699   -57.61     4.21
2017.73973   -53.09     4.03
2017.74247   -60.51     4.58
2017.74521   -51.70     5.65
2017.74795   -53.23     4.39
2017.75068   -54.19     4.51
2017.75342   -55.10     4.71
2017.75616   -51.21     5.01
2017.75890   -55.51     5.40
2017.76164   -53.82     4.36
2017.76438   -49.54     4.83
2017.76712   -57.51     4.93
2017.76986   -50.75     6.25
2017.77260   -53.95     5.46
2017.77534   -51.15     6.03
2017.77808   -55.40     5.00
2017.78082   -54.87     5.11
2017.78630   -54.80     5.05
2017.78904   -58.61     5.39
2017.79178   -53.70     5.27
2017.79452   -50.62     5.08
2017.79726   -55.50     4.04
2017.80000   -52.55     4.53
2017.80274   -54.60     3.57
2017.80548   -53.99     3.55
2017.80822   -56.40     3.57
2017.81096   -53.09     3.63
2017.81370   -56.62     3.58
2017.81644   -54.86     4.06
2017.81918   -54.05     3.98
2017.82192   -53.67     3.66
2017.82466   -56.60     3.67
2017.82740   -53.14     3.86
2017.83014   -52.66     4.18
2017.83288   -53.59     3.89
2017.83562   -51.84     4.00
2017.83836   -51.82     4.20
2017.84110   -57.13     4.44
2017.84384   -57.71     3.94
2017.84658   -53.40     3.70
2017.84932   -57.24     4.18
2017.85205   -56.73     4.56
2017.85479   -55.30     4.10
2017.85753   -54.84     3.81
2017.86301   -54.93     4.17
2017.86575   -54.92     3.68
2017.86849   -54.88     3.74
2017.87123   -55.83     4.16
2017.87397   -58.62     4.22
2017.87671   -55.80     3.94
2017.87945   -56.90     3.82
2017.88219   -58.19     4.17
2017.88493   -58.70     3.60
2017.88767   -57.17     3.74
2017.89041   -55.95     3.91
2017.89315   -57.74     4.03
2017.89589   -57.79     3.99
2017.89863   -56.37     3.77
2017.90137   -55.17     3.88
2017.90411   -55.31     3.77
2017.90685   -55.24     4.04
2017.90959   -56.23     3.59
2017.91233   -57.75     3.92
2017.91507   -57.23     4.01
2017.91781   -58.31     4.30
2017.92055   -53.72     4.14
2017.92329   -57.71     3.91
2017.92603   -57.82     3.79
2017.92877   -57.72     3.58
2017.93151   -56.20     3.96
2017.93425   -57.14     3.86
2017.93699   -57.86     3.52
2017.93973   -58.36     3.78
2017.94247   -57.92     3.62
2017.94521   -56.41     3.59
2017.94795   -57.34     3.63
2017.95342   -58.44     3.74
2017.95616   -57.89     3.78
2017.95890   -59.73     4.01
2017.96164   -60.83     4.19
2017.96438   -60.80     3.93
2017.96712   -60.50     4.38
2017.96986   -60.05     4.32
2017.97260   -58.84     3.71
2017.97534   -58.51     3.69
2017.97808   -61.19     3.74
2017.98082   -58.08     3.70
2017.98356   -60.37     3.52
2017.98630   -58.36     3.58
2017.98904   -60.14     3.46
2017.99178   -57.71     3.81
2017.99452   -55.55     3.60
2017.99726   -55.51     3.71
2018.00000   -58.35     3.55
2018.00274   -59.36     3.70
2018.00548   -58.98     3.59
2018.00822   -60.97     3.62
2018.01096   -55.81     3.85
2018.01370   -62.10     3.79
2018.01644   -61.20     3.65
2018.01918   -56.60     3.60
2018.02192   -59.97     4.02
2018.02466   -58.39     4.05
2018.02740   -58.73     3.59
2018.03014   -57.71     3.65
2018.03288   -59.91     3.61
2018.03562   -60.80     3.51
2018.03836   -56.53     3.87
2018.04110   -59.59     3.74
2018.04384   -58.94     3.80
2018.04658   -60.36     3.80
2018.04932   -58.07     3.87
2018.05205   -59.50     3.94
2018.05479   -58.23     3.74
2018.05753   -58.05     4.18
2018.06027   -60.51     3.87
2018.06301   -60.11     3.60
2018.06575   -59.76     3.78
2018.06849   -57.46     3.87
2018.07123   -57.90     3.82
2018.07397   -58.21     3.80
2018.07671   -60.76     4.07
2018.07945   -62.85     3.44
2018.08219   -55.36     3.37
2018.08493   -59.07     3.34
2018.08767   -61.05     3.57
2018.09041   -61.00     3.56
2018.09315   -61.15     3.33
2018.09589   -63.16     3.31
2018.09863   -58.83     3.67
2018.10137   -61.14     3.71
2018.10411   -64.05     3.70
2018.10685   -59.88     3.54
2018.10959   -60.96     3.63
2018.11233   -60.47     3.67
2018.11507   -59.20     3.46
2018.11781   -60.63     3.53
2018.12055   -59.14     3.66
2018.12329   -58.54     3.61
2018.12603   -58.76     3.79
2018.12877   -58.85     4.49
2018.13151   -59.38     3.68
2018.13425   -61.64     3.64
2018.13699   -60.40     3.62
2018.13973   -59.44     3.96
2018.14247   -59.86     3.82
2018.14521   -57.56     4.01
2018.14795   -59.49     3.83
2018.15068   -58.86     3.98
2018.15342   -61.85     3.92
2018.15616   -60.19     3.80
2018.15890   -56.66     4.25
2018.16164   -62.76     3.99
