2012.00000    -2.49    10.59
2012.00273    -2.51    10.47
2012.00546    -3.44    10.46
2012.00820     0.13    10.07
2012.01093     1.55    10.50
2012.01366    -2.91    10.34
2012.01639    -3.31    10.48
2012.01913    -5.04    10.32
2012.02186    -5.10    10.68
2012.02459    -6.93    10.49
2012.02732    -4.53    10.84
2012.03005    -5.96    11.37
2012.03279    -1.82    10.12
2012.03552    -1.30    10.00
2012.03825     0.72    10.19
2012.04098     0.02    10.81
2012.04372     2.38    11.43
2012.04645     1.30    10.60
2012.04918     2.35    10.13
2012.05191     1.40    10.47
2012.05464     7.44    10.49
2012.05738     2.55    10.51
2012.06011     1.00    11.00
2012.06284     0.95    10.56
2012.06557     6.18    10.19
2012.06831     3.32     9.81
2012.07104     1.54     9.71
2012.07377     9.93    10.49
2012.07650     5.26    10.45
2012.07923     4.02    10.26
2012.08197     3.49    10.56
2012.08470     9.02     9.78
2012.08743     4.70     9.91
2012.09016     5.43    10.10
2012.09290     9.29     9.60
2012.09563     8.93    10.30
2012.09836     4.83    12.66
2012.10109     2.36    15.96
2012.10383    10.24    11.84
2012.10656     9.75     9.57
2012.10929     6.77     9.70
2012.11202    13.22    10.20
2012.11475     2.88    10.21
2012.11749     4.93    10.43
2012.12022    12.16    11.21
2012.12295     6.13    11.44
2012.12568     3.78    14.74
2012.12842     2.06    11.03
2012.13115     7.05    10.13
2012.13388     7.73    11.02
2012.13661    10.02    11.74
2012.13934    11.43    11.67
2012.14208     5.08    13.53
2012.14481     5.49    12.85
2012.14754    13.97    12.16
2012.15027    16.81    12.98
2012.15301     8.09    11.76
2012.15574     3.21    10.73
2012.15847     2.49    10.13
2012.16120     6.90    12.16
2012.16393     2.36    10.46
2012.16667     7.07    10.79
2012.16940    -3.23    11.42
2012.17213     2.59    11.88
2012.17486     4.95    12.09
2012.17760    -4.63    12.58
2012.18033    -0.24    11.87
2012.18306     5.50    11.40
2012.18579     0.66    12.27
2012.18852     5.85    11.50
2012.19126     7.19    11.06
2012.19399    -4.34    11.36
2012.19672     2.63    12.43
2012.19945    -5.05    10.90
2012.20219    -6.47    10.41
2012.20492    -7.70    11.06
2012.20765    -7.69    12.62
2012.21038    -8.83    12.00
2012.21311    -8.33    11.39
2012.21585    -6.88    10.97
2012.21858    -0.44    11.73
2012.22131    -6.52    11.28
2012.22404     2.70    11.12
2012.22678    -5.21    13.17
2012.22951    -3.18    11.73
2012.23224    -0.06    12.38
2012.23497    -1.72    12.35
2012.23770    -9.16    11.57
2012.24044   -19.28    17.59
2012.24317     4.11    11.97
2012.24590     0.52    11.09
2012.24863   -11.43    11.47
2012.25137    -2.03    12.21
2012.25410     2.45    13.11
2012.25683     0.33    11.86
2012.25956     4.39    11.00
2012.26230    -0.18    11.29
2012.26503     4.02    12.55
2012.26776     1.43    12.10
2012.27049     1.91    10.86
2012.27322    -2.88    11.69
2012.27596    -1.87    11.65
2012.27869    -3.01    11.60
2012.28142    -4.49    12.37
2012.28415     0.01    12.65
2012.28689     0.84    11.33
2012.28962     3.25    11.64
2012.29235     3.73    13.88
2012.29508    -0.93    12.93
2012.29781    -7.34    11.65
2012.30055    -5.57    11.86
2012.30328    -7.61    13.80
2012.30601    -1.03    13.53
2012.30874     4.66    11.25
2012.31148     2.79    14.58
2012.31421     3.10    11.92
2012.31967     0.36    14.09
2012.32240    -8.79    15.37
2012.32514    -1.56    12.44
2012.32787   -16.25    18.27
2012.33060    11.01    14.92
2012.33333    -7.04    14.20
2012.33880    -6.48    15.30
2012.34153     2.45    15.14
2012.34426    -1.42    11.70
2012.34699     2.57    10.41
2012.34973    -0.87    11.75
2012.35246     5.11    11.73
2012.35519    -9.29    12.94
2012.35792   -14.27    16.24
2012.36066    -1.59    11.45
2012.36339     1.40    11.74
2012.36612    -2.23    11.80
2012.36885     7.60    12.18
2012.37158    -0.87    12.37
2012.37432     0.47    12.67
2012.37705     1.46    14.42
2012.37978     6.76    11.76
2012.38251    -1.88    18.77
2012.38525     4.59    13.65
2012.38798    -8.25    13.21
2012.39071     1.17    11.94
2012.39344    -0.63    12.55
2012.39617     9.27    12.30
2012.39891     5.14    12.11
2012.40164    -1.68    14.11
2012.40437     2.53    16.01
2012.40710     4.00    12.64
2012.40984    -2.62    18.06
2012.41257    -2.74    14.65
2012.41530    -1.55    12.71
2012.41803     2.73    11.12
2012.42077    -6.64    10.95
2012.42350    12.91    12.29
2012.42623     1.19    10.86
2012.42896    -0.94    11.02
2012.43169    -7.02    12.24
2012.43443    -6.61    14.87
2012.43716     8.58    18.61
2012.53279     4.84    13.20
2012.53552    16.14    16.34
2012.54098     2.62    13.46
2012.54372   -10.87    13.84
2012.54645     1.79    13.14
2012.54918     8.18    15.34
2012.55191   -13.80    13.86
2012.55464     7.74    14.74
2012.55738    -0.62    14.11
2012.56011    -0.99    13.19
2012.56284     6.32    14.44
2012.56557     3.78    14.09
2012.56831     0.21    12.90
2012.57104     5.62    13.59
2012.57377     3.41    12.25
2012.57650     4.99    14.89
2012.57923     5.94    12.92
2012.58197     6.94    14.24
2012.58470     3.18    15.01
2012.58743     6.44    14.96
2012.59016     1.58    18.30
2012.59563    -2.73    16.57
2012.59836     4.25    19.16
2012.61202     9.78    15.64
2012.61475     5.54    13.71
2012.61749     8.11    13.48
2012.62022     9.21    14.42
2012.62295    -1.24    14.85
2012.62568     6.65    13.53
2012.62842     2.69    13.86
2012.63115     7.05    15.57
2012.63388     1.53    15.93
2012.63661     1.82    14.74
2012.63934     6.62    18.33
2012.64208     6.55    15.40
2012.64481    -0.31    17.85
2012.64754    -0.46    18.71
2012.65027     6.37    16.08
2012.65301     3.52    15.80
2012.65574    -4.30    18.04
2012.65847    -6.09    17.46
2012.66120     7.91    17.44
2012.66393   -13.66    18.51
2012.66667     1.20    16.17
2012.66940    -6.38    16.15
2012.67213    -1.72    15.62
2012.67486    -4.75    15.34
2012.67760     0.48    13.25
2012.68033    -9.39    14.13
2012.68306     4.24    13.58
2012.68579    -8.25    13.26
2012.68852    -3.72    15.93
2012.69126    -5.72    14.79
2012.69399    -9.46    15.67
2012.69672    -3.57    13.86
2012.69945    -7.87    13.99
2012.70219   -13.03    19.78
2012.70492    -0.46    15.68
2012.70765    -0.12    12.04
2012.71038    -4.34    12.14
2012.71311    -0.82    12.33
2012.71585    -6.31    13.13
2012.71858    -4.41    12.21
2012.72131   -12.05    12.27
2012.72404    -6.11    11.78
2012.72678     2.46    11.63
2012.73224    -2.94    13.61
2012.73497     7.53    13.86
2012.73770    -0.26    15.66
2012.74044    -4.03    14.60
2012.74317    -6.13    12.88
2012.74590    -8.89    12.56
2012.74863    -7.47    12.18
2012.75137     4.19    12.58
2012.75410    -8.40    13.40
2012.75683    -8.81    14.37
2012.75956    -4.78    12.61
2012.76230    -6.23    12.14
2012.76503    -2.52    12.77
2012.76776     2.53    12.13
2012.77049    -0.50    11.80
2012.77322     4.30    11.65
2012.77596     5.40    11.92
2012.77869    -0.67    12.13
2012.78142    -0.42    12.23
2012.78415     2.05    11.56
2012.78689     0.52    11.75
2012.78962     0.02    11.42
2012.79235    -1.01    11.62
2012.79508    -3.30    12.47
2012.79781     4.14    12.92
2012.80055    -1.27    12.00
2012.80328    -1.29    11.75
2012.80601    -2.68    11.93
2012.80874     0.68    11.66
2012.81148    -2.66    12.42
2012.81421    -0.75    11.83
2012.81694     5.22    13.24
2012.81967     2.88    14.03
2012.82240     0.91    15.47
2012.82514    -6.25    11.67
2012.82787    -4.66    13.90
2012.83060    -0.95    12.13
2012.83333     1.53    12.92
2012.83607    -2.06    14.36
2012.83880    -0.54    15.37
2012.84153     1.04    15.21
2012.84426     1.14    14.67
2012.84699    -1.34    12.85
2012.84973     1.57    12.52
2012.85246    -3.25    12.76
2012.85519     2.19    11.92
2012.85792     6.57    11.88
2012.86066     0.46    12.83
2012.86339     1.75    12.63
2012.86612     6.92    11.84
2012.86885    -1.19    12.06
2012.87158    -7.17    11.97
2012.87432    -4.39    12.63
2012.87705     1.52    13.66
2012.87978     0.28    13.11
2012.88251     2.34    12.88
2012.88525     2.10    12.53
2012.88798    -5.41    12.47
2012.89071     4.93    14.65
2012.89344     0.25    13.66
2012.89617    -1.39    14.68
2012.89891    -0.96    11.21
2012.90164     2.36    11.67
2012.90437    -5.43    12.98
2012.90710    -3.50    11.60
2012.90984    -3.27    12.18
2012.91257    -1.59    12.04
2012.91530     2.07    12.23
2012.91803     3.02    14.17
2012.92077    -2.10    13.37
2012.92350    -3.24    13.30
2012.92623     2.65    12.61
2012.92896    -0.79    15.41
2012.93169    -2.49    13.11
2012.93443     8.26    12.48
2012.93716     0.29    13.51
2012.93989    -0.25    12.80
2012.94262    -4.75    11.57
2012.94536    -3.57    11.45
2012.94809     1.00    12.22
2012.95082     1.20    12.14
2012.95355     1.03    11.41
2012.95628     1.53    11.50
2012.95902     0.77    11.72
2012.96175    -0.50    11.62
2012.96448     0.01    11.01
2012.96721    -0.88    10.72
2012.96995     3.04    10.95
2012.97268     3.74    11.05
2012.97541    -2.16    11.93
2012.97814    -0.27    11.18
2012.98087    -0.44    10.90
2012.98361    -2.41    10.72
2012.98634    -1.00    11.26
2012.98907    -3.50    11.43
2012.99180    -2.29    11.61
2012.99454    -0.59    15.14
2012.99727   -10.06    11.53
2013.00000    -3.57    10.84
2013.00274    -0.36    11.23
2013.00548    -1.43    12.31
2013.00822    -3.88    11.28
2013.01096     0.15    10.80
2013.01370    -2.74    10.95
2013.01644     2.08    11.32
2013.01918     3.35    11.67
2013.02192     4.31    12.38
2013.02466    -3.61    11.18
2013.02740    -1.39    11.39
2013.03014    -0.79    11.87
2013.03288     6.31    14.96
2013.03562     5.93    13.28
2013.03836    -0.54    11.04
2013.04110     0.64    10.54
2013.04384     4.98    11.62
2013.04658    -0.44    10.63
2013.04932     0.24    10.23
2013.05205    -1.50    10.83
2013.05479    -0.90    10.73
2013.05753    -0.09    10.44
2013.06027    -0.88    10.75
2013.06301     1.24    10.94
2013.06575     0.18    11.25
2013.06849    -0.25    10.77
2013.07123     1.29    10.59
2013.07397    -3.87    10.69
2013.07671     0.20    10.33
2013.07945     2.32    10.47
2013.08219     1.41    11.30
2013.08493    -0.21    11.42
2013.08767     4.93    14.02
2013.09041     1.36    13.37
2013.09315     6.03    11.13
2013.09589     0.96    11.36
2013.09863     5.36    13.51
2013.10137     6.92    11.23
2013.10411     3.04    11.45
2013.10685     2.01    10.93
2013.10959     3.17    11.19
2013.11233     9.84    11.88
2013.11507    -0.02    11.39
2013.11781    -1.24    11.67
2013.12055    -2.49    12.42
2013.12329     2.54    12.10
2013.12603     3.36    12.70
2013.12877    -1.93    11.19
2013.13151    -0.62    11.47
2013.13425    -3.56    11.91
2013.13699    -4.88    11.99
2013.13973    -0.80    13.17
2013.14247    -6.38    11.85
2013.14521    -8.39    12.06
2013.14795    -4.25    11.87
2013.15342    -4.85    11.35
2013.15616    -2.39    12.27
2013.15890    -4.99    11.83
2013.16164     0.89    11.39
2013.16438    -0.35    12.53
2013.16712    -2.36    12.03
2013.16986    -1.06    11.04
2013.17260    -8.69    11.03
2013.17534    -5.81    13.24
2013.17808    -6.92    12.77
2013.18082    -9.72    12.96
2013.18356   -12.02    11.97
2013.18630    -5.71    12.19
2013.18904    -7.97    12.51
2013.19178    -8.55    12.43
2013.19452    -2.98    12.46
2013.19726    -0.30    13.74
2013.20000    -7.69    12.46
2013.20274    -4.30    11.66
2013.20548    -6.46    12.30
2013.20822    -3.81    14.70
2013.21096     0.85    13.08
2013.21370     2.09    13.20
2013.21644     3.75    13.99
2013.21918     5.94    13.37
2013.22192     1.95    13.13
2013.22466    -1.36    15.10
2013.22740     5.00    16.86
2013.23014    -1.27    12.14
2013.23288    -0.12    14.67
2013.23562    -2.23    12.58
2013.23836    -0.94    14.62
2013.24110     6.37    12.81
2013.24384     2.66    11.87
2013.24658    -3.59    12.47
2013.24932    -0.43    11.93
2013.25205     1.28    12.90
2013.25479     2.21    14.19
2013.25753    14.42    16.32
2013.26027     4.19    19.83
2013.26301     2.11    13.95
2013.26575    -2.01    12.16
2013.26849    -0.72    12.85
2013.27123     3.89    14.54
2013.27397    -7.05    13.21
2013.27671    -0.44    12.17
2013.27945    -3.53    13.48
2013.28219     1.81    12.34
2013.28493    -1.60    11.66
2013.28767     0.44    12.67
2013.29041     4.27    13.45
2013.29315     2.68    14.08
2013.29589     5.10    14.23
2013.29863     5.48    13.47
2013.30137    -3.07    15.08
2013.30411    -4.07    11.87
2013.30685    -0.18    11.56
2013.31233    -2.79    12.59
2013.31507    -5.61    13.94
2013.31781     1.47    13.35
2013.32055   -10.54    14.69
2013.32329     0.50    12.52
2013.32603    -1.36    12.14
2013.32877    -1.21    14.15
2013.33151     1.16    13.22
2013.33425    -1.80    13.32
2013.33699    -0.65    13.02
2013.33973     2.17    13.50
2013.34247     3.23    14.74
2013.34521     3.18    17.62
2013.34795     7.96    13.29
2013.35068    -0.26    12.47
2013.35342     8.62    13.51
2013.35616    -1.55    15.26
2013.35890     1.64    14.05
2013.36164     5.30    14.83
2013.36438    -3.10    16.27
2013.36712     3.71    15.53
2013.36986    -2.81    19.29
2013.37534    10.25    17.61
2013.37808    15.27    19.23
2013.38082    -0.06    18.34
2013.38630     7.00    14.09
2013.38904     4.14    16.43
2013.39178     5.86    16.07
2013.39452    -0.79    16.20
2013.39726    10.95    16.15
2013.40000     3.25    13.93
2013.40274     5.48    14.92
2013.40548     7.04    14.31
2013.40822    -4.30    14.16
2013.41096    -2.26    16.59
2013.41370     5.15    14.36
2013.41644     8.87    14.20
2013.41918     3.96    14.72
2013.42192     5.21    14.84
2013.42466     5.97    14.46
2013.42740     4.77    15.05
2013.43014     2.13    15.65
2013.43288     5.82    14.97
2013.43562    -4.05    17.10
2013.43836    -5.66    16.29
2013.44110     0.62    15.69
2013.44384     3.78    17.12
2013.44658   -14.54    18.51
2013.44932     2.38    16.11
2013.45205    -2.91    14.02
2013.45479     3.40    13.18
2013.45753    -4.58    16.46
2013.46027    -4.36    17.90
2013.46301    -9.41    16.95
2013.46575     1.08    16.39
2013.46849   -12.63    15.99
2013.47123     1.28    15.15
2013.47397     5.65    14.68
2013.47671    -1.31    18.76
2013.47945     3.88    15.30
2013.48219     4.45    15.22
2013.48493    -5.02    14.29
2013.48767     1.95    12.68
2013.49041     5.64    12.75
2013.49315     4.70    16.84
2013.49589    17.89    14.39
2013.49863     7.75    13.78
2013.50137     4.94    15.24
2013.50411    12.44    16.20
2013.50685    12.26    15.87
2013.50959    10.81    17.45
2013.51233     5.11    15.34
2013.51507     3.81    16.33
2013.51781     8.73    15.49
2013.52055     7.14    17.01
2013.52329     0.86    16.17
2013.52603    -2.66    14.93
2013.52877    -0.48    17.39
2013.53425     7.85    14.51
2013.53699     2.35    14.06
2013.53973    -0.72    15.70
2013.54247    -1.57    15.06
2013.54521    10.60    13.37
2013.54795     7.28    12.64
2013.55616     0.27    15.97
2013.55890     8.99    14.99
2013.56438    10.22    17.98
2013.56712     3.13    15.61
2013.56986     3.10    15.98
2013.57260    12.96    17.68
2013.57534     6.92    15.20
2013.57808     4.17    14.15
2013.58082     4.09    15.68
2013.58356     6.37    13.02
2013.58630     1.90    12.96
2013.58904    -4.18    15.85
2013.59178    11.55    15.27
2013.59452    -0.29    15.59
2013.59726     4.58    14.21
2013.60000    -1.77    15.69
2013.60274    -4.36    12.63
2013.60548     3.32    15.70
2013.60822    -9.04    17.37
2013.61096   -18.40    15.35
2013.61370     3.34    14.02
2013.61644     2.38    13.98
2013.61918     2.62    13.70
2013.62192     6.10    16.10
2013.62466    -1.59    16.08
2013.62740     1.81    16.83
2013.63014    -3.10    14.57
2013.63288    -8.88    17.65
2013.63562    -2.80    16.37
2013.63836    -4.09    18.27
2013.64384     5.22    15.60
2013.64658     7.35    15.87
2013.64932     1.24    18.19
2013.65479     8.77    15.15
2013.65753    11.32    19.31
2013.66575    -7.08    17.97
2013.66849     6.42    17.04
2013.67123     0.44    13.65
2013.67671    -3.77    14.32
2013.68219     0.01    12.67
2013.68493    -5.77    12.84
2013.68767    -6.30    13.80
2013.69041   -19.32    17.10
2013.69315    -5.56    15.77
2013.69589    -5.92    15.81
2013.69863     5.09    14.58
2013.70137    -5.82    14.93
2013.70411    -1.86    14.56
2013.70685    -0.62    17.91
2013.70959    -1.69    17.37
2013.71233     6.49    17.26
2013.71507     7.84    16.41
2013.71781    -3.03    16.12
2013.72055    -4.98    16.11
2013.72329    -5.51    19.70
2013.72603    -1.47    15.94
2013.72877    15.61    17.30
2013.73151    -0.20    14.65
2013.73425    -0.05    15.64
2013.73699   -12.92    15.11
2013.73973    -2.15    13.02
2013.74247     3.38    12.64
2013.74521    -6.26    14.58
2013.74795    -1.66    15.19
2013.75068     1.07    14.01
2013.75342    -2.78    14.62
2013.75616     3.07    13.62
2013.75890    -0.55    12.98
2013.76164    -1.73    14.77
2013.76438   -10.76    13.65
2013.76712     3.27    12.53
2013.76986     6.33    13.55
2013.77260    -2.00    14.08
2013.77534     7.28    17.73
2013.77808    -2.51    14.99
2013.78082    -1.10    14.97
2013.78356    -4.96    15.16
2013.78630   -10.07    13.93
2013.78904    -5.12    13.26
2013.79178     1.63    12.24
2013.79452     7.10    12.17
2013.80000    -2.36    12.33
2013.80274     2.43    11.78
2013.80548    -0.19    11.67
2013.80822     2.29    12.61
2013.81096     2.49    12.24
2013.81370    -0.44    11.81
2013.81644    -2.37    13.10
2013.81918     1.28    11.98
2013.82192     4.81    12.66
2013.82466    -1.97    12.27
2013.82740     0.55    12.62
2013.83014     3.47    12.75
2013.83288    -5.25    15.79
2013.83562     4.97    15.47
2013.83836     0.30    14.14
2013.84110    -1.96    12.88
2013.84384    -6.28    12.65
2013.84658    -5.00    12.37
2013.84932    -0.43    11.82
2013.85205     2.50    12.51
2013.85479    -3.62    14.45
2013.85753    -5.78    13.60
2013.86027    -4.59    12.24
2013.86301    -4.87    12.31
2013.86575     2.71    12.46
2013.86849    -1.75    12.09
2013.87123    -1.73    12.32
2013.87397    -0.43    11.84
2013.87671     3.77    12.70
2013.87945    -1.72    11.96
2013.88219    -8.40    11.82
2013.88493   -10.25    11.58
2013.88767   -12.81    12.16
2013.89041    -6.01    11.65
2013.89315    -2.91    11.90
2013.89589    -3.25    11.94
2013.89863    -7.99    14.05
2013.90137     0.02    11.91
2013.90411    -5.81    11.71
2013.90685    -1.97    11.87
2013.90959    -6.59    11.67
2013.91233    -5.01    10.97
2013.91507    -0.37    11.73
2013.91781    -5.20    11.53
2013.92055    -6.69    11.52
2013.92329    -4.85    10.86
2013.92603    -6.34    11.42
2013.92877    -6.55    11.32
2013.93151    -4.97    11.28
2013.93425    -4.25    11.18
2013.93699    -0.97    13.30
2013.93973    -6.77    12.18
2013.94247    -1.75    11.58
2013.94521    -4.51    12.30
2013.94795    -0.73    11.40
2013.95068    -7.06    12.26
2013.95342    -1.46    12.31
2013.95616    -6.35    12.82
2013.95890    -6.79    13.64
2013.96164     0.56    12.98
2013.96438    -4.92    12.93
2013.96712   -13.84    12.94
2013.96986   -15.56    16.70
2013.97260    -9.34    11.12
2013.97534   -15.08    11.56
2013.97808   -17.57    11.75
2013.98082    -9.43    12.28
2013.98356    -4.49    11.79
2013.98630    -6.80    11.62
2013.99726    -8.35    12.21
2014.00000    -9.41    11.46
2014.00274    -7.91    11.44
2014.00548     0.55    12.66
2014.00822    -4.49    12.26
2014.01096    -7.04    12.33
2014.01370    -2.84    11.63
2014.01644    -2.45    11.37
2014.01918    -2.10    11.53
2014.02192    -5.43    11.85
2014.02466    -2.78    11.59
2014.02740     0.95    11.58
2014.03014    -5.04    11.58
2014.03288    -2.85    11.67
2014.03562    -4.38    11.27
2014.03836    -3.42    11.68
2014.04110    -5.88    11.24
2014.04384    -5.09    11.33
2014.04658    -2.03    11.67
2014.04932    -6.83    11.50
2014.05205    -7.87    11.22
2014.05479    -7.01    12.46
2014.05753    -4.66    11.53
2014.06027   -10.95    11.72
2014.06301    -2.07    11.61
2014.06575   -10.29    11.47
2014.06849    -4.60    11.74
2014.07123    -1.92    12.00
2014.07397    -8.32    13.49
2014.07671   -11.50    12.55
2014.07945    -0.55    13.90
2014.08219   -10.45    13.33
2014.08493    -1.87    12.84
2014.08767     1.07    13.64
2014.09041     3.10    15.26
2014.09315    -8.79    13.86
2014.09589    -5.91    13.66
2014.09863    -9.26    13.05
2014.10137    -3.54    14.52
2014.10411    -2.18    12.22
2014.10685    -6.25    12.34
2014.10959    -1.43    13.04
2014.11233    -4.02    13.37
2014.11507    -8.60    11.58
2014.11781   -10.51    11.73
2014.12055   -13.61    12.20
2014.12329    -5.75    11.87
2014.12603   -16.18    11.70
2014.12877   -13.10    11.66
2014.13151    -6.05    11.96
2014.13425    -7.37    13.15
2014.13699    -9.22    12.01
2014.13973    -9.17    11.77
2014.14247    -9.08    11.79
2014.14521    -8.91    12.20
2014.14795    -6.07    12.32
2014.15068   -15.72    12.24
2014.15342    -5.93    12.70
2014.15616   -11.14    12.86
2014.15890     1.37    13.86
2014.16164    -0.66    13.18
2014.16438    -5.35    14.00
2014.16712    -3.27    12.52
2014.16986   -12.41    12.57
2014.17260    -7.75    12.17
2014.17534   -14.44    13.17
2014.17808   -14.89    12.54
2014.18082    -7.82    13.70
2014.18904   -10.99    12.95
2014.19178    -6.75    13.56
2014.19452   -11.45    16.61
2014.19726   -10.58    15.66
2014.20000   -14.73    18.49
2014.20274   -15.10    13.45
2014.20548   -10.23    16.23
2014.20822    -3.04    13.05
2014.21096    -8.68    12.56
2014.21370    -6.72    13.56
2014.21644    -6.81    13.98
2014.21918    -4.26    12.21
2014.22192   -10.82    12.33
2014.22466    -4.98    12.20
2014.22740    -6.66    12.73
2014.23014    -7.36    12.58
2014.23288   -10.20    13.41
2014.23562     2.86    14.55
2014.23836    -2.43    13.88
2014.24110   -13.39    15.60
2014.24384    -1.40    14.41
2014.24658    -7.53    18.64
2014.24932    -8.16    13.29
2014.25205     5.81    14.36
2014.25479    -7.91    15.55
2014.25753   -10.23    15.28
2014.26027    -8.15    12.71
2014.26301    -8.01    12.89
2014.26575    -7.30    12.01
2014.26849    -5.04    12.97
2014.27123    -5.34    12.26
2014.27397   -10.65    16.20
2014.27671   -10.74    13.11
2014.27945    -7.03    12.63
2014.28219    -2.04    12.96
2014.28493    -0.42    12.44
2014.28767    -4.35    13.16
2014.29041   -10.26    12.89
2014.29315    -9.16    12.73
2014.29589    -0.65    13.84
2014.29863    -5.35    13.14
2014.30137   -13.14    12.37
2014.30411   -13.48    12.25
2014.30685    -2.78    12.54
2014.30959    -6.35    13.59
2014.31233    -9.13    12.60
2014.31507    -4.71    12.76
2014.31781    -0.25    13.80
2014.32055    -5.10    14.26
2014.32329    -6.07    12.33
2014.32603   -14.53    12.83
2014.32877   -17.47    13.77
2014.33151    -2.06    13.35
2014.33425     5.88    12.12
2014.33699    -4.54    12.99
2014.33973    -4.21    12.91
2014.34247    -9.56    12.70
2014.34521    -3.66    12.67
2014.34795    -4.76    12.32
2014.35068    -3.00    12.70
2014.35342    -4.09    13.45
2014.35616    -4.87    12.72
2014.35890     1.40    13.37
2014.36164    -1.52    14.14
2014.36438   -15.64    15.83
2014.36712    -7.36    14.98
2014.36986    -8.79    18.23
2014.37260   -12.02    14.99
2014.37534    -8.86    14.18
2014.37808   -13.67    15.23
2014.38082    -7.15    18.43
2014.38630    -1.62    15.41
2014.38904    -7.56    14.81
2014.39178     3.60    15.29
2014.39452     4.64    13.90
2014.39726    -2.80    13.18
2014.40000    -7.46    17.72
2014.40274     2.42    15.46
2014.40548   -12.45    18.12
2014.40822    -1.52    14.66
2014.41096    -8.24    13.87
2014.41370   -10.30    13.11
2014.41644   -14.91    14.53
2014.41918   -12.17    15.76
2014.42192    -7.35    17.23
2014.42466    -3.92    16.35
2014.42740    -7.80    15.57
2014.43014    -2.26    13.58
2014.43288     1.00    14.13
2014.43562   -17.87    15.08
2014.43836    -8.86    14.02
2014.44110    -0.65    12.44
2014.44384    -5.87    13.71
2014.44658     2.47    13.80
2014.44932     1.38    13.43
2014.45205    -1.91    13.36
2014.45479     7.26    14.15
2014.45753     0.59    15.05
2014.46027     4.89    13.55
2014.46301     2.16    12.75
2014.46575     6.82    14.16
2014.46849     6.97    14.02
2014.47123     4.92    14.63
2014.47397     7.29    15.21
2014.47945    -1.60    16.17
2014.48219    -9.26    16.36
2014.48493     2.18    14.66
2014.48767     7.27    13.15
2014.49041     9.08    19.97
2014.49315     4.35    15.09
2014.49589    -2.84    14.44
2014.49863    -5.66    14.51
2014.50137    -2.49    12.92
2014.50411    -0.33    15.13
2014.50685    -3.76    15.90
2014.50959     1.38    16.37
2014.51233    -9.68    15.56
2014.51507    -0.87    16.54
2014.51781   -13.50    16.44
2014.52329    -1.82    15.33
2014.52603    -4.03    13.84
2014.52877     0.56    13.02
2014.53151    -1.80    13.22
2014.53425    -1.64    15.00
2014.53699    10.18    15.43
2014.53973     6.63    15.42
2014.54521     8.26    16.72
2014.55068    -1.74    16.12
2014.55342    -1.43    16.38
2014.55616    -1.77    18.14
2014.56438    -2.73    16.21
2014.56712    -1.34    18.18
2014.56986     0.07    16.44
2014.57534    -1.45    15.48
2014.57808     5.26    17.50
2014.58356     2.96    19.67
2014.58630     7.20    18.29
2014.58904   -12.13    19.22
2014.59178    -0.06    14.69
2014.59452     2.71    16.41
2014.59726    -8.53    19.30
2014.61918   -12.53    15.38
2014.62192     4.10    14.43
2014.62466     6.68    15.38
2014.62740    -1.77    15.27
2014.63014    13.11    17.20
2014.63288    12.02    17.48
2014.63562     1.12    16.24
2014.63836     2.18    14.88
2014.64384    -0.61    15.16
2014.64658     7.13    15.34
2014.64932     4.32    18.99
2014.65205     9.37    14.91
2014.65479     2.24    15.89
2014.65753     3.38    16.26
2014.66027    -4.01    15.44
2014.66301    -4.15    15.72
2014.66575    11.51    17.57
2014.66849    -3.48    18.61
2014.67123     3.10    15.37
2014.67397    -0.15    15.29
2014.67671    18.42    17.24
2014.67945    12.43    14.18
2014.68219    12.43    20.05
2014.68493     9.36    15.35
2014.68767    -0.86    17.03
2014.69041    -5.30    15.27
2014.69315     6.75    18.33
2014.69589    14.90    14.43
2014.70137     3.78    15.47
2014.70411     5.22    16.86
2014.70685    13.29    17.95
2014.70959     0.64    14.53
2014.71233    12.41    15.32
2014.71507     4.45    18.25
2014.71781    14.57    17.04
2014.72055     2.93    18.86
2014.72329     4.93    14.29
2014.72603     1.64    15.79
2014.72877    13.27    14.47
2014.73151     3.95    14.93
2014.73425   -13.79    18.88
2014.73699     5.64    13.24
2014.73973    -3.21    12.98
2014.74247    -0.02    13.74
2014.74521    -2.51    13.40
2014.74795     9.57    16.88
2014.75068     2.38    15.69
2014.75342     0.10    16.68
2014.75616    -5.71    14.49
2014.75890    -7.53    14.14
2014.76164    -7.41    12.75
2014.76438    10.83    13.54
2014.76712     6.94    12.92
2014.76986     1.96    12.70
2014.77260     7.42    12.93
2014.77534     2.52    13.26
2014.77808   -10.70    12.87
2014.78082     7.04    12.77
2014.78356     4.11    12.50
2014.78630     5.16    12.70
2014.78904    -1.34    13.60
2014.79178     7.23    12.46
2014.79452    10.92    13.11
2014.79726    10.46    12.14
2014.80000    10.21    13.42
2014.80274    10.70    12.75
2014.80548     7.41    12.28
2014.80822     5.05    12.06
2014.81096    11.18    12.10
2014.81370    11.29    11.93
2014.81644    12.67    12.58
2014.81918     5.84    13.08
2014.82192     9.31    13.46
2014.82466     8.67    12.00
2014.82740    10.58    12.03
2014.83014    17.68    12.55
2014.83288     4.16    12.79
2014.83562     9.43    12.24
2014.83836     1.54    13.04
2014.84110     7.37    12.06
2014.84384     8.35    12.04
2014.84658    12.41    12.77
2014.84932    12.95    12.22
2014.85205     8.30    13.65
2014.85479    13.77    13.24
2014.85753     8.60    12.34
2014.86027    11.50    12.15
2014.86301     8.07    12.76
2014.86575     2.88    11.74
2014.86849    11.83    12.09
2014.87123    13.16    12.24
2014.87397    11.34    12.09
2014.87671     5.18    13.06
2014.87945     3.05    13.53
2014.88219     9.28    11.62
2014.88493     5.99    11.44
2014.88767    16.38    11.82
2014.89041     8.34    12.56
2014.89315    11.00    11.85
2014.89589    10.92    12.40
2014.89863     6.72    11.62
2014.90137     5.02    12.35
2014.90411     4.19    12.01
2014.90685    11.73    12.70
2014.90959    10.31    12.22
2014.91233    11.54    12.95
2014.91507     9.59    13.18
2014.91781     6.35    12.43
2014.92055     6.15    11.96
2014.92329    10.20    12.62
2014.92603     3.55    12.89
2014.92877     4.18    11.74
2014.93151     8.97    11.65
2014.93425    11.59    12.02
2014.93699     4.77    12.10
2014.93973    11.79    11.62
2014.94247     9.81    11.39
2014.94521     2.10    11.58
2014.94795    -2.28    11.76
2014.95068     5.90    11.29
2014.95342     8.75    11.09
2014.95616     4.20    11.43
2014.95890     7.36    11.56
2014.96164    15.08    12.03
2014.96438    18.17    12.06
2014.96712    13.03    12.78
2014.96986     4.61    11.94
2014.97260     7.16    11.07
2014.97534     5.62    11.22
2014.97808    11.32    11.45
2014.98082    11.65    12.13
2014.98356    10.61    12.49
2014.98630     5.39    11.55
2014.98904     3.91    11.72
2014.99178     2.74    11.36
2014.99452    13.00    10.83
2014.99726    11.37    11.15
2015.00000    10.15    11.45
2015.00274     6.91    11.41
2015.00548     7.43    11.18
2015.00822     8.60    11.31
2015.01096     8.63    10.94
2015.01370     5.55    10.76
2015.01644     9.54    11.28
2015.01918     4.30    11.24
2015.02192     8.33    11.59
2015.02466     1.27    11.58
2015.02740     1.26    11.03
2015.03014     9.57    11.46
2015.03288     8.66    11.24
2015.03562     8.29    13.49
2015.03836     1.04    11.32
2015.04110     5.78    10.87
2015.04384     1.54    11.53
2015.04658     2.39    11.21
2015.04932     6.48    11.47
2015.05205    11.06    14.18
2015.05479    11.48    12.39
2015.05753     5.61    12.39
2015.06027     2.06    11.34
2015.06301     3.54    11.45
2015.06575     7.14    11.89
2015.06849    10.07    11.38
2015.07123     5.64    11.51
2015.07397     3.54    11.17
2015.07671     8.74    10.78
2015.07945     1.89    11.03
2015.08219     4.81    10.85
2015.08493     3.31    10.84
2015.08767     6.82    10.80
2015.09041     6.14    10.82
2015.09315     5.77    11.26
2015.09589     6.09    11.19
2015.09863     8.19    11.03
2015.10137     9.82    11.34
2015.10411     4.44    11.47
2015.10685     5.07    11.05
2015.10959     5.47    10.84
2015.11233     6.57    11.24
2015.11507     3.80    11.69
2015.11781    14.50    11.32
2015.12055    -0.01    12.30
2015.12329     7.88    12.66
2015.12603     1.74    15.63
2015.12877    14.02    12.70
2015.13151    12.21    11.82
2015.13425     5.66    11.40
2015.13699     8.15    11.32
2015.13973     9.50    11.71
2015.14247     8.64    14.89
2015.14521    11.57    12.16
2015.14795     2.15    12.61
2015.15068    15.45    11.90
2015.15342     5.70    12.40
2015.15616     1.77    12.99
2015.15890     7.45    12.10
2015.16164     5.49    12.21
2015.16438     0.50    11.44
2015.16712     6.29    12.17
2015.16986     2.43    11.92
2015.17260     9.00    12.29
2015.17534     7.60    12.33
2015.17808     4.18    12.31
2015.18082     1.93    11.33
2015.18356     4.31    12.57
2015.18630     9.36    12.93
2015.18904     1.55    12.36
2015.19178     3.67    12.11
2015.19452     3.91    12.43
2015.19726    -1.37    12.54
2015.20000     3.26    13.05
2015.20274     7.84    12.86
2015.20548     3.53    14.01
2015.20822     6.32    12.84
2015.21096    16.19    12.31
2015.21370     4.73    12.49
2015.21644     7.75    11.54
2015.21918     5.96    12.23
2015.22192     4.93    12.00
2015.22466    -2.27    13.35
2015.22740    -2.21    12.55
2015.23014     1.85    11.57
2015.23288     2.63    11.79
2015.23562     6.30    11.54
2015.23836    10.82    12.12
2015.24110     6.53    12.04
2015.24384     8.47    12.07
2015.24658    10.13    12.08
2015.24932     8.49    13.17
2015.25205     9.98    13.10
2015.25479     4.52    13.15
2015.25753    10.39    14.78
2015.26027    10.45    14.84
2015.26301     5.47    19.03
2015.26575     7.76    13.68
2015.26849     6.40    12.74
2015.27123     0.52    11.93
2015.27397     7.04    11.47
2015.27671     0.32    12.95
2015.27945    10.94    12.65
2015.28219    12.40    12.85
2015.28493     8.45    11.75
2015.28767     5.55    13.03
2015.29041     9.11    13.79
2015.29315     9.16    14.52
2015.29589     0.65    13.39
2015.29863     3.30    13.30
2015.30137     2.42    15.20
2015.30411     9.38    14.74
2015.30685     2.86    12.37
2015.30959     6.04    12.51
2015.31233    10.88    12.15
2015.31507     5.03    12.14
2015.31781    11.08    11.79
2015.32055    11.48    12.02
2015.32329    10.48    12.64
2015.32603     7.53    13.46
2015.32877     4.29    14.11
2015.33151     6.69    12.57
2015.33425     0.08    13.80
2015.33699    -0.16    14.42
2015.33973    -6.10    16.04
2015.34247     2.42    13.68
2015.34521     2.70    14.08
2015.34795     2.61    13.25
2015.35068    -1.77    13.37
2015.35342     8.63    14.12
2015.35616     0.64    15.46
2015.35890     6.53    14.84
2015.36164     2.94    16.21
2015.36438     7.10    13.09
2015.36712     4.68    13.13
2015.36986    -2.69    13.90
2015.37260    12.02    15.78
2015.37534    -1.64    14.33
2015.37808    -7.93    13.21
2015.38082     0.09    14.87
2015.38356    -7.64    18.91
2015.38630    -5.17    13.85
2015.38904    -0.23    15.53
2015.39178    -4.11    14.25
2015.39452    -3.90    15.32
2015.39726    -5.01    13.11
2015.40000     2.55    14.11
2015.40274    -0.98    13.20
2015.40548     7.03    15.66
2015.40822    -2.37    13.14
2015.41096     1.56    15.99
2015.41370    -8.73    15.49
2015.41644    -1.96    13.94
2015.41918     0.25    13.61
2015.42192    -6.20    13.49
2015.42466     1.16    13.59
2015.42740    -3.37    15.06
2015.43014   -10.39    16.03
2015.43288    -5.10    14.97
2015.43562     0.93    13.60
2015.43836     5.22    13.57
2015.44110     6.92    13.55
2015.44384    -1.31    13.84
2015.44658    10.75    13.17
2015.44932     9.93    15.17
2015.45205    -0.39    15.56
2015.45479     3.14    14.44
2015.45753     1.82    14.47
2015.46027    -2.40    14.71
2015.46301    -4.74    13.95
2015.46575     1.27    15.41
2015.47123     0.14    16.29
2015.47397     5.38    14.43
2015.47671     0.78    15.77
2015.47945    19.34    17.30
2015.48219    -1.95    15.93
2015.48493     6.95    16.12
2015.48767     3.05    14.56
2015.49041    -5.51    13.87
2015.49315    -3.23    15.94
2015.49589     2.51    14.78
2015.50137    -0.09    15.59
2015.50411    -7.84    14.41
2015.50685    -4.83    16.29
2015.50959    -5.04    18.66
2015.51233     7.72    15.58
2015.51507     7.16    15.03
2015.51781    16.74    17.32
2015.52055    -4.79    16.91
2015.52329   -15.23    14.75
2015.52603    -6.23    14.83
2015.52877    -8.84    16.32
2015.53425    -8.83    18.03
2015.53973   -14.29    14.59
2015.54247     6.20    20.00
2015.54521    12.46    19.72
2015.54795    -0.45    16.34
2015.55068   -10.03    13.95
2015.55342    -6.44    14.97
2015.55616    -1.35    17.19
2015.55890    -4.11    13.84
2015.56164   -14.70    15.44
2015.56438   -11.39    15.64
2015.56712   -16.52    15.71
2015.56986     1.06    17.82
2015.57260    -7.63    17.22
2015.57534    -9.14    15.30
2015.57808    -5.80    14.77
2015.58082   -12.26    17.52
2015.58356   -15.06    18.72
2015.58630    -0.49    16.98
2015.58904     1.73    15.76
2015.59178    -2.84    15.66
2015.59452   -14.18    17.74
2015.59726    -8.18    15.93
2015.60000    -7.32    17.95
2015.60274     0.17    18.32
2015.60822     1.73    18.36
2015.61096   -10.93    15.17
2015.61370    -8.31    17.32
2015.61644    -9.90    14.08
2015.61918    -2.67    13.47
2015.62192   -11.64    14.76
2015.62466     1.35    14.83
2015.62740    -1.04    15.44
2015.63014    -0.58    15.19
2015.63562     1.36    15.24
2015.63836    -4.92    18.83
2015.64110    -4.14    14.86
2015.64384   -11.65    16.83
2015.64932    -2.97    19.73
2015.65479    -4.86    14.66
2015.65753     4.06    15.56
2015.66027     8.26    14.43
2015.66301    -1.62    14.17
2015.66575   -13.56    15.64
2015.66849    -9.68    13.65
2015.67123    -6.01    14.68
2015.67397    -1.20    13.17
2015.67671    -4.72    13.56
2015.67945     0.11    13.26
2015.68219    12.12    15.43
2015.68493     4.40    15.85
2015.68767     2.40    15.22
2015.69041     3.77    14.00
2015.69315     3.00    13.85
2015.69589    -4.04    13.54
2015.69863     1.85    13.94
2015.70137    -5.65    14.32
2015.70411    -1.19    13.81
2015.70685    -1.26    14.02
2015.70959     3.95    16.23
2015.71233    -3.92    12.71
2015.71507    -1.90    12.94
2015.71781     9.10    12.27
2015.72055    -6.74    11.52
2015.72329     2.30    13.35
2015.72603     5.31    12.55
2015.72877     7.62    12.31
2015.73151    -2.05    13.30
2015.73425     2.51    12.83
2015.73699    -0.77    12.82
2015.73973     6.58    13.73
2015.74247    -2.69    16.69
2015.74521    -0.02    15.75
2015.74795     2.77    14.81
2015.75068     4.66    16.94
2015.75342    -2.59    14.18
2015.75616    -3.69    12.67
2015.75890   -13.12    13.24
2015.76164    -3.67    13.44
2015.76438    -4.32    13.16
2015.76712   -11.19    12.39
2015.76986   -14.64    16.63
2015.77260    -7.76    12.18
2015.77534    -6.82    12.66
2015.77808   -10.00    11.93
2015.78082   -11.49    11.95
2015.78356    -3.43    13.48
2015.78630    -8.74    12.77
2015.78904    -5.44    12.01
2015.79178    -0.98    13.14
2015.79452     5.02    13.94
2015.79726     5.24    13.31
2015.80000    -5.00    13.99
2015.80274     8.92    13.46
2015.80548    -4.06    14.53
2015.80822   -11.22    14.13
2015.81096    -8.10    13.94
2015.81370   -16.18    14.84
2015.81644     4.07    13.51
2015.81918    -7.73    12.42
2015.82192     0.11    12.56
2015.82466    -7.24    11.94
2015.82740    -6.47    12.36
2015.83014     0.15    15.17
2015.83288    -3.56    14.95
2015.83562    -0.79    13.13
2015.83836     0.66    13.85
2015.84110    -1.35    14.30
2015.84384     4.14    13.06
2015.84658     6.54    12.40
2015.84932     0.21    13.06
2015.85205     0.11    13.30
2015.85479     0.34    12.91
2015.85753     1.21    14.08
2015.86027     1.14    12.92
2015.86301     3.75    12.84
2015.86575     5.19    12.14
2015.86849     4.78    12.64
2015.87123    10.80    14.09
2015.87397    -4.19    13.26
2015.87671     6.84    12.41
2015.87945     0.20    12.16
2015.88219     2.26    12.52
2015.88493     5.06    14.85
2015.88767   -14.02    17.23
2015.89041   -12.45    15.04
2015.89315     1.43    11.86
2015.89589    -1.58    13.36
2015.89863   -11.63    14.45
2015.90137     2.11    13.35
2015.90411     2.14    11.95
2015.90685     0.09    11.97
2015.90959    -1.67    11.81
2015.91233    -0.68    12.36
2015.91507    -4.65    11.27
2015.91781    -1.34    11.65
2015.92055    -4.89    12.11
2015.92329    -8.70    11.35
2015.92603     0.17    12.82
2015.92877    -7.15    14.84
2015.93151    -4.79    12.89
2015.93425    -6.39    12.06
2015.93699    -2.77    11.26
2015.93973   -12.68    14.56
2015.94247    -9.45    12.94
2015.94795    -8.22    11.63
2015.95068    -0.95    12.36
2015.95342    -7.94    11.35
2015.95616     4.77    10.86
2015.95890   -10.77    11.13
2015.96164    -2.62    10.76
2015.96438    -0.26    10.33
2015.96712    -8.16    11.70
2015.96986    -5.39    12.25
2015.97260    -4.54    12.29
2015.97534    -1.32    11.18
2015.97808    -5.37    11.02
2015.98082    -6.10    11.37
2015.98356    -5.14    11.23
2015.98630    -3.42    10.75
2015.98904     0.31    11.70
2015.99178    -1.34    10.80
2015.99452    -2.50    10.29
2015.99726    -3.20    10.47
2016.00000    -6.59    10.50
2016.00273    -2.07    10.57
2016.00546     1.04    13.50
2016.00820     0.30    14.74
2016.01093     4.17    11.64
2016.01366    -6.51    14.10
2016.01639    -7.52    13.68
2016.01913    -4.50    12.72
2016.02186    -3.50    11.42
2016.02459    -7.81    11.14
2016.02732    -1.32    11.81
2016.03005    -1.69    12.58
2016.03279    -9.58    13.69
2016.03552     0.57    13.47
2016.03825   -10.10    11.54
2016.04098   -12.62    12.98
2016.04372    -0.50    13.80
2016.04645   -12.34    14.99
2016.04918    -7.33    11.30
2016.05191    -7.19    11.67
2016.05464    -7.24    11.67
2016.05738    -6.97    11.34
2016.06011    -1.38    11.34
2016.06284    -9.23    11.62
2016.06557    -4.74    11.24
2016.06831   -16.45    11.40
2016.07104   -12.65    11.39
2016.07377    -4.15    11.82
2016.07650    -0.89    12.64
2016.07923    -4.14    16.06
2016.08197    10.19    12.24
2016.08470    -2.73    11.26
2016.08743     2.51    12.81
2016.09016     0.52    11.26
2016.09290     3.41    11.25
2016.09563    -3.52    14.14
2016.10383     4.60    11.48
2016.10656     3.54    11.15
2016.10929     2.53    11.13
2016.11202     9.04    11.58
2016.11475     7.96    17.57
2016.11749    16.67    14.53
2016.12022     7.47    12.33
2016.12295    14.02    12.83
2016.12568     8.06    11.72
2016.12842    11.34    11.21
2016.13115    13.45    11.13
2016.13388     9.38    10.84
2016.13661     9.52    11.16
2016.13934     9.49    11.38
2016.14208     8.56    11.15
2016.14481     7.43    11.03
2016.14754    14.62    11.20
2016.15027     2.82    10.79
2016.15301    -0.69    10.74
2016.15574     4.38    11.21
2016.15847     6.15    11.26
2016.16120     9.79    12.45
2016.16393     5.05    11.80
2016.16667     3.65    12.15
2016.16940     8.62    12.23
2016.17213    11.01    11.72
2016.17486    11.87    11.78
2016.17760    14.96    14.04
2016.18033    14.40    11.06
2016.18306    12.04    11.43
2016.18579    17.63    13.05
2016.18852    14.10    13.77
2016.19126     4.15    13.01
2016.19399     3.72    11.21
2016.19672    10.77    11.50
2016.19945     4.19    14.42
2016.20219     7.17    11.55
2016.20492     3.75    11.57
2016.20765     6.23    11.04
2016.21038     6.39    11.82
2016.21311    16.54    12.96
2016.21585    11.60    12.58
2016.21858    10.55    11.75
2016.22131    20.29    11.87
2016.22404    11.03    11.66
2016.22678     7.69    15.60
2016.22951     9.30    11.06
2016.23224     8.70    11.36
2016.23497    21.57    11.17
2016.23770    13.97    11.25
2016.24044    14.33    11.24
2016.24317    15.27    11.41
2016.24590    10.42    11.76
2016.24863    11.13    11.94
2016.25137    21.64    12.30
2016.25410    22.74    13.85
2016.25683    21.86    13.00
2016.25956    23.14    12.05
2016.26230    14.94    11.70
2016.26503    24.60    12.14
2016.26776    25.58    12.55
2016.27049    18.85    13.21
2016.27322    28.91    13.97
2016.27596     6.87    18.33
2016.27869    17.56    16.23
2016.28142    24.57    15.05
2016.28962    16.74    16.71
2016.29235    21.49    16.15
2016.29508    12.66    14.92
2016.29781    13.98    17.03
2016.30055    21.96    14.36
2016.30328    14.53    14.66
2016.30601    17.07    14.80
2016.30874    12.25    13.62
2016.31148    19.87    14.68
2016.31421    17.71    15.19
2016.31694    19.39    15.59
2016.31967    15.76    15.91
2016.32240     9.01    15.79
2016.32514    14.10    15.32
2016.32787    11.87    14.26
2016.33060    11.91    13.40
2016.33333    20.32    15.05
2016.33607    11.70    15.10
2016.33880    20.37    14.76
2016.34153    12.80    13.78
2016.34426    20.99    14.61
2016.34699    15.55    14.84
2016.34973    15.33    14.49
2016.35246    20.84    14.30
2016.35519    12.68    14.64
2016.35792    19.36    19.35
2016.36066    11.29    19.03
2016.36339     8.71    16.84
2016.36612    14.73    18.51
2016.36885    15.03    17.67
2016.37158    16.73    15.66
2016.37432    15.26    15.14
2016.37705    11.53    12.50
2016.37978    16.07    13.56
2016.38251     7.24    13.41
2016.38798     3.03    16.59
2016.39071     4.34    19.34
2016.40437    19.42    16.89
2016.40710    19.13    15.10
2016.40984    20.79    14.89
2016.41257    23.35    16.19
2016.41530    18.10    14.01
2016.41803    14.64    14.77
2016.42077    10.91    16.80
2016.42350    11.75    14.22
2016.42623    21.90    15.93
2016.43169    22.77    16.40
2016.43716    10.61    18.96
2016.43989    17.42    15.38
2016.44262    15.66    17.13
2016.44536    14.37    16.39
2016.44809    32.42    18.64
2016.45628    11.30    15.51
2016.45902    12.04    14.60
2016.46175    17.63    15.89
2016.46721    15.47    17.90
2016.46995     3.39    16.27
2016.47268    20.68    15.47
2016.47541    14.69    16.70
2016.47814    15.10    17.13
2016.48087     7.11    18.34
2016.48361    11.48    16.55
2016.48907    10.48    17.07
2016.49180    24.76    18.11
2016.49454    -1.44    18.24
2016.49727    -3.49    18.85
2016.50000     1.21    17.21
2016.50273     8.93    16.18
2016.50546     8.72    17.37
2016.50820    18.00    17.16
2016.51093    15.16    17.50
2016.51366    11.94    19.86
2016.51639    18.27    17.26
2016.52186    17.24    18.77
2016.52459    12.71    19.94
2016.53279    23.43    18.14
2016.54918    12.46    16.01
2016.57104    13.53    17.75
2016.57377    15.68    18.06
2016.58197    26.41    20.04
2016.58743    16.21    14.48
2016.59016    14.79    15.07
2016.59290    17.16    14.47
2016.59563    12.97    13.86
2016.59836     9.39    18.58
2016.60656    11.67    19.85
2016.61202     4.50    18.82
2016.61475    18.92    14.69
2016.61749    19.51    15.03
2016.62022    14.23    15.86
2016.62295    15.74    18.60
2016.62568    11.58    18.26
2016.62842    12.16    18.03
2016.63388    16.56    19.84
2016.63661    21.22    18.20
2016.64208    25.69    18.65
2016.64481    12.96    17.10
2016.64754     9.22    18.74
2016.65027    21.34    16.80
2016.66393    11.76    16.26
2016.66667    25.17    16.41
2016.66940    13.57    17.54
2016.67486    20.22    19.03
2016.67760    14.12    17.75
2016.68579    17.59    16.66
2016.68852     2.69    18.17
2016.69126    16.73    15.92
2016.69399    19.03    16.42
2016.69945     5.35    18.60
2016.70219    21.59    17.22
2016.71585    13.54    15.65
2016.72131     9.37    18.99
2016.72404     6.33    17.92
2016.72951    11.41    19.92
2016.73224    19.68    16.90
2016.73497    12.93    19.36
2016.74863    13.29    18.22
2016.75137     2.81    18.90
2016.75410    18.97    18.05
2016.75683    17.58    17.19
2016.76776    16.33    19.06
2016.77049    14.60    18.34
2016.77322    -0.02    18.86
2016.77596    15.28    18.72
2016.77869    26.44    19.40
2016.78142     8.24    19.13
2016.78689    19.86    17.61
2016.79235     6.54    19.61
2016.79508    26.35    19.21
2016.79781    15.27    17.04
2016.80601    20.94    18.74
2016.80874     9.62    16.66
2016.81148    27.28    16.44
2016.81421    19.26    15.27
2016.81694    15.92    15.40
2016.81967     8.96    18.99
2016.82240    19.71    14.35
2016.82514    23.95    15.65
2016.83607    13.90    16.54
2016.84153     8.89    18.07
2016.84973     8.99    20.04
2016.85792    12.31    16.41
2016.86339     8.24    18.96
2016.86612    16.98    17.48
2016.87158    17.57    19.13
2016.88251    18.69    13.25
2016.88525    17.67    15.01
2016.88798    17.77    14.08
2016.89071    20.87    13.44
2016.89344    13.93    13.58
2016.89617    13.41    14.45
2016.89891    17.59    13.15
2016.90164     3.49    12.99
2016.90437    16.04    15.29
2016.90710    25.48    16.56
2016.90984    18.59    15.92
2016.91257    11.73    14.48
2016.91530    11.54    15.40
2016.91803    12.44    14.76
2016.92077     9.02    13.45
2016.92350     8.39    12.78
2016.92623    11.40    14.50
2016.92896    12.37    14.08
2016.93169    17.10    13.59
2016.93443    14.42    13.22
2016.93716    16.67    14.38
2016.93989    11.14    14.30
2016.94262    11.08    13.99
2016.94536     8.31    13.79
2016.94809     6.53    13.87
2016.95082     5.32    13.26
2016.95355     9.51    12.83
2016.95628    11.37    11.38
2016.95902    14.43    12.26
2016.96175     5.63    12.57
2016.96448    10.14    12.78
2016.96721    17.42    12.93
2016.96995     8.96    13.24
2016.97268    11.40    12.99
2016.97541    11.47    12.91
2016.97814    12.16    12.41
2016.98087    11.73    12.06
2016.98361    10.47    11.86
2016.98634    14.79    13.38
2016.98907     6.32    14.41
2016.99180    11.01    13.15
2016.99454    16.13    12.95
2016.99727    13.42    13.26
2017.00000    12.80    12.95
2017.00274     9.41    12.27
2017.00548    10.97    12.59
2017.00822    14.66    11.88
2017.01096    14.24    11.81
2017.01370    14.25    11.89
2017.01644    11.46    12.17
2017.01918    14.81    12.57
2017.02192    13.31    12.70
2017.02466     3.49    12.64
2017.02740    14.94    13.02
2017.03014    13.16    13.18
2017.03288    21.17    13.08
2017.03562    12.39    12.14
2017.03836    15.33    11.52
2017.04110    13.73    11.77
2017.04384    14.15    12.23
2017.04658     7.36    12.41
2017.04932    19.58    12.31
2017.05205    11.11    12.47
2017.05479    11.30    12.10
2017.05753    10.02    12.75
2017.06027    13.40    12.50
2017.06301    12.49    11.68
2017.06575    16.24    11.99
2017.06849    12.48    12.54
2017.07123    23.36    12.38
2017.07397    22.93    12.83
2017.07671    19.41    12.25
2017.07945    25.19    12.72
2017.08219    19.00    14.29
2017.08493    13.86    13.96
2017.08767    14.22    12.81
2017.09041    15.31    11.70
2017.09315    12.07    14.18
2017.09589    21.38    14.36
2017.09863    10.32    13.84
2017.10137    15.41    12.44
2017.10411    14.11    13.11
2017.10685    15.73    13.21
2017.10959    20.22    11.06
2017.11233    13.14    11.37
2017.11507    14.33    11.21
2017.11781    12.67    11.23
2017.12055    13.56    12.04
2017.12329     9.55    11.89
2017.12603    11.63    11.57
2017.12877    18.75    11.87
2017.13151    11.90    12.26
2017.13425    14.22    13.36
2017.13699    13.88    14.25
2017.13973    17.81    12.90
2017.14247    22.12    13.91
2017.14521    19.84    14.57
2017.14795    20.39    12.57
2017.15068    17.52    12.16
2017.15616    14.50    12.11
2017.15890    15.53    11.68
2017.16164    18.80    11.67
2017.16438    11.88    12.14
2017.16712    16.41    11.78
2017.16986    16.11    11.34
2017.17260    11.91    11.41
2017.17534    20.03    12.55
2017.17808    12.89    11.92
2017.18082    15.76    11.58
2017.18356    12.88    12.25
2017.18630    15.27    12.03
2017.18904    19.18    13.66
2017.19178    10.65    11.83
2017.19452    14.77    11.56
2017.19726    14.33    12.69
2017.20000    15.09    12.07
2017.20274     7.73    12.41
2017.20548    18.55    12.69
2017.20822    14.46    11.88
2017.21096    15.86    12.83
2017.21370    16.38    13.07
2017.21644    11.55    12.68
2017.21918    16.29    14.02
2017.22192    12.66    16.94
2017.22466    20.57    13.82
2017.22740    17.47    13.42
2017.23014    14.54    13.70
2017.23288    10.57    13.65
2017.23562    15.90    13.83
2017.23836    10.20    14.20
2017.24110    10.64    13.43
2017.24384    17.36    13.98
2017.24658    19.53    17.79
2017.24932    -0.76    14.37
2017.25205     8.26    17.98
2017.25479    10.99    13.46
2017.25753    11.94    13.39
2017.26027    17.10    13.09
2017.26301    24.62    14.61
2017.26575    16.18    14.14
2017.26849    25.62    16.00
2017.27123    11.82    15.66
2017.27397    18.91    14.59
2017.27671     6.93    19.59
2017.27945    20.85    17.85
2017.28219     7.81    14.39
2017.28493     9.85    13.60
2017.28767     4.49    14.23
2017.29041     6.55    13.98
2017.29315    15.54    14.28
2017.29589    17.16    15.09
2017.30137     3.02    16.39
2017.30411    14.82    19.08
2017.30685    22.17    14.92
2017.30959    17.56    13.26
2017.31233     2.49    12.31
2017.31507    13.54    13.32
2017.31781    10.60    13.31
2017.32055     6.06    13.82
2017.32329     3.72    13.17
2017.32603     5.99    13.53
2017.32877    16.28    14.36
2017.33151    16.30    12.72
2017.33425     5.96    14.50
2017.33699    10.38    13.48
2017.33973    14.76    13.39
2017.34247    17.19    14.87
2017.34521    15.37    15.63
2017.34795    15.21    13.19
2017.35068     8.02    14.01
2017.35342    15.42    15.39
2017.35616    12.60    17.43
2017.35890    11.46    14.90
2017.36164    11.39    15.06
2017.36438    13.06    14.34
2017.36712    19.06    14.42
2017.36986    11.30    13.64
2017.37260    12.29    14.32
2017.37534     3.86    14.14
2017.37808    11.74    16.98
2017.38082    21.47    13.95
2017.38356    18.05    13.89
2017.38630    14.76    13.93
2017.38904    11.26    12.85
2017.39178    15.33    14.97
2017.39452    17.56    18.84
2017.39726    14.77    17.97
2017.40000    13.23    13.04
2017.40274     3.05    12.61
2017.40548     5.72    14.18
2017.40822     7.74    15.01
2017.41096     9.08    18.61
2017.41370    17.38    15.43
2017.41918     4.62    17.83
2017.42192    25.42    18.95
2017.42466     8.20    20.12
2017.42740     9.78    14.76
2017.43014    19.13    14.45
2017.43288    18.10    17.86
2017.43562     3.48    19.40
2017.43836    11.53    16.64
2017.44110     5.98    15.51
2017.44384     5.80    14.33
2017.44658    12.10    19.37
2017.44932    12.89    18.02
2017.45205    15.85    19.98
2017.46301    16.36    19.69
2017.46575    11.08    17.85
2017.46849     4.89    18.23
2017.47123    11.80    15.51
2017.47397    10.33    14.67
2017.47671     4.94    16.32
2017.47945    13.43    19.68
2017.48219    10.34    14.96
2017.48493    14.56    13.87
2017.48767     8.78    14.94
2017.49041    14.39    17.06
2017.49315    12.27    17.16
2017.49589    14.86    17.15
2017.49863    11.76    15.53
2017.50411    19.96    18.80
2017.50959    16.82    17.07
2017.51233     6.01    17.85
2017.51507    21.16    15.26
2017.51781     8.24    18.22
2017.52055    -7.05    17.17
2017.52603     1.23    17.04
2017.52877    12.78    18.60
2017.53151    18.54    18.68
2017.53425     6.61    17.23
2017.53699     3.56    18.51
2017.53973     7.66    18.05
2017.54247    15.73    13.86
2017.54521    17.06    15.19
2017.54795    13.11    14.71
2017.55068    15.10    14.83
2017.55616    19.42    14.80
2017.55890    11.62    15.26
2017.56164    10.54    18.77
2017.56438     5.03    18.60
2017.56986     3.61    17.70
2017.57260    10.18    18.04
2017.58630     1.93    16.51
2017.58904    -6.80    18.63
2017.59178     8.48    17.67
2017.59452    18.10    16.51
2017.59726     9.99    16.49
2017.60000     9.69    17.78
2017.60274    11.48    16.62
2017.60548    13.57    18.12
2017.60822     3.07    18.83
2017.61096     9.01    16.40
2017.61370    16.21    16.09
2017.61644     9.36    14.21
2017.61918     2.86    15.23
2017.62192    10.89    15.97
2017.62466    10.95    16.51
2017.62740    11.13    15.51
2017.63014     8.68    18.13
2017.63288    12.63    19.84
2017.63562     3.24    18.65
2017.64384    13.77    14.95
2017.64658     0.44    15.36
2017.64932    17.02    16.33
2017.65205     8.63    16.85
2017.65479    -5.77    15.81
2017.65753     3.40    16.88
2017.66027    11.94    18.67
2017.66301     3.25    19.22
2017.66575    11.52    16.78
2017.67123     6.62    17.48
2017.67397     6.22    18.67
2017.67671    19.97    20.04
2017.67945     7.55    16.83
2017.68219     4.84    14.85
2017.68493    -0.37    15.20
2017.68767     9.13    14.87
2017.69041     5.72    14.07
2017.69315     4.74    15.91
2017.69589     4.33    16.65
2017.69863     7.01    16.49
2017.70137     8.20    19.77
2017.70411    17.50    16.75
2017.70685     6.48    14.62
2017.70959     7.26    15.90
2017.71233    12.07    16.36
2017.71507     2.43    15.61
2017.71781     8.21    18.92
2017.72055     5.85    14.58
2017.72329     2.91    14.24
2017.72603     4.73    15.77
2017.72877    -0.17    14.51
2017.73151     6.70    15.52
2017.73425     9.76    16.75
2017.73699     7.13    14.80
2017.73973    10.67    14.47
2017.74247    10.98    16.70
2017.74795    10.87    15.59
2017.75068     2.68    15.99
2017.75342    15.12    17.65
2017.75616    19.51    19.16
2017.76164    -4.30    15.45
2017.76438    14.14    17.15
2017.76712     1.05    19.05
2017.77808    15.63    18.88
2017.78082     8.98    19.26
2017.78630    18.31    19.14
2017.79178    -0.15    19.87
2017.79452     1.21    18.41
2017.79726     1.37    15.57
2017.80000    -2.96    15.21
2017.80274     0.40    13.04
2017.80548     7.59    13.17
2017.80822    -1.61    13.26
2017.81096     5.20    13.84
2017.81370    -0.86    13.79
2017.81644     7.41    13.98
2017.81918     3.42    13.84
2017.82192    -1.11    13.49
2017.82466    -2.85    13.55
2017.82740    -6.54    13.80
2017.83014    -0.12    13.71
2017.83288     9.20    13.09
2017.83562    11.57    13.73
2017.83836    12.42    15.07
2017.84110     8.16    14.47
2017.84384     3.16    13.94
2017.84658     7.81    13.46
2017.84932    13.88    14.14
2017.85205     8.96    14.50
2017.85479    14.06    13.39
2017.85753    15.01    13.36
2017.86301     7.12    15.08
2017.86575     6.13    12.67
2017.86849    13.33    12.86
2017.87123     7.92    13.69
2017.87397    13.81    13.26
2017.87671    12.41    13.24
2017.87945     4.98    13.46
2017.88219     1.89    14.48
2017.88493     9.61    12.43
2017.88767     4.81    12.27
2017.89041     5.87    12.91
2017.89315    13.10    13.06
2017.89589     5.56    13.84
2017.89863     7.31    12.62
2017.90137     7.58    12.68
2017.90411     4.10    12.78
2017.90685     8.51    12.93
2017.90959     2.81    12.38
2017.91233     5.97    13.22
2017.91507     8.01    13.17
2017.91781     7.87    15.52
2017.92055     7.69    14.54
2017.92329     7.07    13.43
2017.92603     1.26    13.05
2017.92877     6.33    12.46
2017.93151     8.01    13.39
2017.93425    12.23    13.29
2017.93699     2.73    12.06
2017.93973     4.15    13.07
2017.94247     8.65    12.43
2017.94521     8.64    12.61
2017.94795     4.00    12.41
2017.95342     3.97    12.82
2017.95616     3.85    12.69
2017.95890    -6.55    13.81
2017.96164    -5.90    14.08
2017.96438     8.90    13.87
2017.96712     4.50    15.60
2017.96986     5.18    15.91
2017.97260     4.13    12.35
2017.97534     4.52    11.81
2017.97808     9.70    12.18
2017.98082     4.18    13.27
2017.98356     9.25    11.99
2017.98630     2.05    12.00
2017.98904     7.95    12.36
2017.99178     2.77    13.47
2017.99452     1.47    12.54
2017.99726     6.08    12.72
2018.00000     5.08    12.44
2018.00274     3.45    12.83
2018.00548     6.14    12.39
2018.00822    -1.53    12.76
2018.01096     3.16    13.57
2018.01370     5.80    13.14
2018.01644     8.47    12.76
2018.01918     5.47    12.57
2018.02192     8.27    14.43
2018.02466     7.82    14.31
2018.02740     3.96    12.95
2018.03014     0.81    13.03
2018.03288    -1.79    12.35
2018.03562     2.61    12.09
2018.03836     6.36    13.36
2018.04110     8.62    12.70
2018.04384     7.97    13.10
2018.04658    12.09    13.50
2018.04932     9.74    13.31
2018.05205     7.01    13.59
2018.05479     7.40    12.70
2018.05753     4.01    14.65
2018.06027     6.77    13.82
2018.06301     3.56    12.82
2018.06575     9.15    13.02
2018.06849    -3.24    13.39
2018.07123     3.10    13.54
2018.07397    -0.50    13.77
2018.07671    -0.29    15.33
2018.07945     3.69    13.24
2018.08219    -3.12    12.58
2018.08493    -3.76    13.16
2018.08767     2.56    12.71
2018.09041    -1.17    12.58
2018.09315    -0.89    12.08
2018.09589     4.06    11.98
2018.09863     7.06    12.81
2018.10137     2.11    13.27
2018.10411     9.76    13.21
2018.10685    10.60    12.71
2018.10959     3.75    12.86
2018.11233    11.32    13.20
2018.11507     5.46    12.50
2018.11781     0.94    12.45
2018.12055     5.07    12.44
2018.12329     1.47    12.60
2018.12603     2.23    13.65
2018.12877     2.57    17.11
2018.13151    -3.23    12.98
2018.13425     1.60    12.97
2018.13699     6.74    12.82
2018.13973    -3.67    14.49
2018.14247     4.51    13.67
2018.14521     0.16    13.89
2018.14795    -0.49    13.17
2018.15068    -0.64    13.68
2018.15342     6.83    13.79
2018.15616    -0.28    12.68
2018.15890     0.35    14.80
2018.16164    -5.60    15.54
