2012.00000     0.16     8.76
2012.00273    -0.75     8.78
2012.00546     1.72     8.48
2012.00820    -0.96     8.59
2012.01093     3.44     8.91
2012.01366    -1.99     8.76
2012.01639    -1.30     8.67
2012.01913    -3.55     8.21
2012.02186    -5.37     8.60
2012.02459    -5.17     9.28
2012.02732    -4.00     9.34
2012.03005    -4.55     9.82
2012.03279    -2.12     8.61
2012.03552     0.20     8.47
2012.03825     1.08     8.76
2012.04098     2.09     8.97
2012.04372     0.81    10.44
2012.04645     0.56     9.61
2012.04918     1.54     8.89
2012.05191    -2.94     9.52
2012.05464     4.89    13.04
2012.08197    -0.61     9.74
2012.08470     2.46     8.14
2012.08743     1.10     8.72
2012.09016    -1.61     8.74
2012.09290     3.92     8.35
2012.09563     7.25     8.82
2012.09836     6.86     9.93
2012.10109     4.20    12.70
2012.10383     4.81    10.56
2012.10656     8.02     8.37
2012.10929     3.66     8.13
2012.11202     7.25     8.37
2012.11475     0.30     8.63
2012.11749     2.03     8.89
2012.12022    13.46    10.25
2012.12295     6.06     9.54
2012.12568     8.14    13.80
2012.12842    -2.71    10.02
2012.13115     5.57     8.30
2012.13388     5.75     9.84
2012.13661     7.41    10.25
2012.13934    10.23     9.95
2012.14208     7.28    11.49
2012.14481     4.30    11.41
2012.14754    14.33    21.23
2012.16393     0.75     9.90
2012.16667     5.98    12.52
2012.16940     2.81    10.50
2012.17213     2.28     9.96
2012.17486     0.26    10.83
2012.17760    -1.43    11.36
2012.18033    -1.10    11.74
2012.18306     3.33    10.20
2012.18579     1.74    10.87
2012.18852     1.29    10.38
2012.19126     7.97     9.65
2012.19399    -1.71    10.05
2012.19672     2.41    11.13
2012.19945    -2.74     9.52
2012.20219    -6.75     9.02
2012.20492    -6.40     9.32
2012.20765     1.52    12.23
2012.21038   -12.48    11.17
2012.21311    -8.24    10.84
2012.21585    -8.87     9.81
2012.21858    -2.62    10.70
2012.22131    -7.38     9.86
2012.22404     5.42     9.79
2012.22678    -6.68    13.09
2012.22951    -4.99    10.33
2012.23224     2.47    10.88
2012.23497    -4.75    12.13
2012.23770    -5.87    10.13
2012.24044    -5.73    12.76
2012.24317     6.30    10.91
2012.24590     0.55     9.70
2012.24863   -11.36    10.03
2012.25137    -3.27    10.07
2012.25410     6.22    10.93
2012.25683    -1.46    10.53
2012.25956    10.39    10.03
2012.26230    -2.36     9.97
2012.26503     3.72    11.22
2012.26776    -3.73    10.49
2012.27049    -1.67     9.83
2012.27322    -4.30    10.62
2012.27596     2.66    10.21
2012.27869    -0.22    10.81
2012.28142     1.55    12.31
2012.28415     3.94    12.65
2012.28689     2.45     9.94
2012.28962     3.42    10.53
2012.29235     4.22    12.13
2012.29508    -3.09    11.87
2012.29781    -4.49    10.79
2012.30055     0.63    10.88
2012.30328    -7.57    13.68
2012.30601     1.95    12.49
2012.30874     8.23     9.95
2012.31148    -3.28    13.35
2012.31421     6.68    11.53
2012.31967     6.48    14.14
2012.32240    -5.10    13.53
2012.32514     4.33    10.46
2012.32787   -11.68    15.26
2012.33060    11.07    13.15
2012.33333    -3.28    16.24
2012.33607   -13.68    18.42
2012.33880    -4.22    14.32
2012.34153    -5.37    12.12
2012.34426    -1.08    10.57
2012.34699     0.54     9.17
2012.34973     4.62    11.16
2012.35246     3.49    10.35
2012.35519    -7.23    11.84
2012.35792    -7.95    16.43
2012.36066    -1.61    10.50
2012.36339    -0.79    10.30
2012.36612     1.13    11.01
2012.36885     2.41    10.86
2012.37158     0.56    12.19
2012.37432    -1.00    10.99
2012.37705     2.35    13.01
2012.37978     5.08    10.20
2012.38251     2.76    15.79
2012.38525    11.21    12.46
2012.38798   -12.00    10.95
2012.39071    -0.76    10.30
2012.39344    -7.53    11.51
2012.39617     1.86    10.90
2012.39891    -0.32    10.84
2012.40164    -5.84    12.78
2012.40437     7.32    15.96
2012.40710     4.18    13.90
2012.40984     7.16    13.79
2012.41257     1.88    13.64
2012.41530    -6.32    10.91
2012.41803    -3.52    10.47
2012.42077    -3.70     9.95
2012.42350     3.09    12.55
2012.42623    -1.63    10.86
2012.42896    -4.24     9.86
2012.43169    -5.44    11.54
2012.43443    -4.86    12.26
2012.43716     0.04    15.73
2012.43989    12.89    19.39
2012.44809    -0.03    17.24
2012.45082    -9.33    17.60
2012.45355    -2.82    15.07
2012.45628     1.57    13.31
2012.45902    -1.24    14.11
2012.46175     5.40    16.73
2012.46448    -3.71    14.14
2012.46995     8.43    18.12
2012.47268    -2.45    13.12
2012.47541     4.60    15.92
2012.48087    -3.23    11.69
2012.48361    -4.22    12.95
2012.48634    -8.36    10.68
2012.48907     7.15    15.42
2012.49180   -11.25    15.16
2012.49454    -5.19    12.66
2012.49727    -1.77    12.91
2012.50000    -0.73    13.33
2012.50273     0.21    12.63
2012.50546     0.47    11.71
2012.50820    -1.99    13.00
2012.51093     0.11    13.52
2012.51366    -5.71    12.73
2012.51639    -7.43    12.05
2012.51913     6.51    15.13
2012.52186     0.45    13.44
2012.52459    -4.58    11.14
2012.52732    -3.43    11.43
2012.53005    -0.99    12.13
2012.53279    -5.39    12.25
2012.53552    19.27    16.60
2012.53825    -5.26    14.79
2012.54098     3.04    13.18
2012.54372   -15.80    15.17
2012.54645    -0.56    10.96
2012.54918     3.62    17.04
2012.55191    -6.86    12.71
2012.55464    -7.26    14.02
2012.55738     4.33    13.12
2012.56011     0.54    11.57
2012.56284    -0.95    12.99
2012.56557     0.37    13.78
2012.56831     0.84    14.22
2012.57104    -5.93    13.82
2012.57377     2.57    11.32
2012.57650    -6.51    15.70
2012.57923    -1.89    11.91
2012.58197     1.09    13.59
2012.58470    -7.60    14.23
2012.58743    -0.56    13.42
2012.59563   -14.11    19.04
2012.59836   -16.89    14.17
2012.60109     5.15    19.76
2012.60383     3.00    18.04
2012.60656     2.12    15.62
2012.60929     7.47    17.38
2012.61202    -9.85    13.59
2012.61475    -0.89    11.17
2012.61749    -2.04    11.34
2012.62022    -3.75    13.42
2012.62295    -3.32    13.65
2012.62568    -7.35    12.96
2012.62842     8.59    13.41
2012.63115     0.61    14.09
2012.63388    -3.65    19.22
2012.63661    -6.41    15.61
2012.63934    -5.46    17.31
2012.64208    -4.01    13.09
2012.64481     5.34    16.22
2012.64754     7.24    17.93
2012.65027   -13.03    15.02
2012.65301    -6.26    14.07
2012.65574    -9.40    14.96
2012.65847    -1.40    16.40
2012.66120     5.64    15.59
2012.66393   -14.64    16.59
2012.66667   -10.92    15.03
2012.66940    -6.21    15.60
2012.67213    -5.58    15.87
2012.67486    -9.53    15.28
2012.67760   -14.02    12.79
2012.68033    -5.54    12.27
2012.68306    -8.82    12.01
2012.68579   -12.36    12.97
2012.69399   -10.74    14.68
2012.69672   -14.55    13.49
2012.69945   -12.54    13.62
2012.70492    -4.90    16.53
2012.70765    -5.62    12.10
2012.71038   -13.30    12.67
2012.71311    -2.70    12.54
2012.71585    -7.94    11.87
2012.71858    -2.48    10.97
2012.72131   -10.31    10.60
2012.72404    -5.34    11.24
2012.72678    -3.04    10.18
2012.73224    -4.72    13.14
2012.73497    10.67    14.56
2012.73770   -12.55    16.33
2012.74044    -5.79    12.96
2012.74317    -8.40    11.68
2012.74590    -9.80    10.51
2012.74863    -5.50    10.65
2012.75137    -3.36    11.11
2012.75410    -3.67    11.68
2012.75683   -15.54    19.61
2012.75956    -1.50    11.17
2012.76230    -3.57    10.57
2012.76503    -1.49    11.06
2012.76776     3.30    10.42
2012.77049     2.58    10.11
2012.77322    -1.18    10.17
2012.77596     4.12    10.24
2012.77869     3.30    10.94
2012.78142     0.71    11.03
2012.78415     0.29    10.08
2012.78689    -2.57     9.99
2012.78962     1.17    10.00
2012.79235     2.88     9.99
2012.79508    -0.58    10.76
2012.79781     0.66    10.62
2012.80055    -2.92    11.01
2012.80328    -0.19     9.80
2012.80601     1.99    10.26
2012.80874    -0.15     9.68
2012.81148     3.57    10.62
2012.81421     1.79     9.90
2012.81694    13.38    11.74
2012.81967    11.74    12.23
2012.82240     7.81    13.00
2012.82514    -1.55    10.61
2012.82787    -5.56    11.71
2012.83060    -2.12    11.77
2012.83333     7.40    10.87
2012.83607     2.65    15.73
2012.83880     3.20    15.60
2012.84153     5.59    16.36
2012.84426     6.73    15.87
2012.84699     8.03    13.82
2012.84973     1.67    15.07
2012.85246     2.27    13.79
2012.85519     7.72    13.44
2012.85792     2.98    12.84
2012.86066     4.93    14.56
2012.86339    -0.09    14.46
2012.86612    10.32    12.92
2012.86885    10.62    13.56
2012.87158    -3.69    10.08
2012.87432     6.36    16.04
2012.87705    14.01    16.10
2012.87978     4.75    15.08
2012.88251     6.85    13.44
2012.88525     6.81    14.63
2012.88798     5.75    13.79
2012.89071     5.03    17.03
2012.89344    -4.08    16.93
2012.89617    -0.65    15.95
2012.89891     4.15     8.97
2012.90164     5.16     9.44
2012.90437     1.54    11.56
2012.90710     4.04     9.69
2012.90984     2.79    10.14
2012.91257     0.84    10.07
2012.91530     0.24    10.60
2012.91803    -3.22    16.58
2012.92077    -3.99    17.07
2012.92350     4.41    15.69
2012.92623    11.27    14.88
2012.92896    -3.94    18.03
2012.93169     0.01    14.96
2012.93443     5.04    14.31
2012.93716    10.19    14.88
2012.93989     6.14    13.44
2012.94262    -3.12    14.48
2012.94536    -2.02    11.91
2012.94809    -3.64    12.83
2012.95082     7.38    15.33
2012.95355     9.23     9.59
2012.95628     3.34     9.48
2012.95902     3.27     9.59
2012.96175     7.74     9.53
2012.96448     1.09     9.22
2012.96721    -0.48     8.56
2012.96995     1.14     8.69
2012.97268     2.91     8.81
2012.97541    -2.08     9.77
2012.97814    -0.21     9.19
2012.98087     3.55     8.85
2012.98361     0.67     8.68
2012.98634    -0.38     9.24
2012.98907     1.07     9.70
2012.99180    -5.72     9.54
2012.99454    -1.16    13.51
2012.99727    -5.06     9.69
2013.00000    -0.34    10.33
2013.00274    -1.73     9.33
2013.00548    -2.92    10.16
2013.00822    -4.84     8.89
2013.01096     0.74     8.66
2013.01370     0.62     8.83
2013.01644    -2.00     9.32
2013.01918     4.34     9.97
2013.02192     0.97     9.81
2013.02466    -1.12     9.49
2013.02740    -4.63     9.15
2013.03014    -3.74     9.65
2013.03288     7.72    12.95
2013.03562     3.27    12.19
2013.03836    -2.13     8.41
2013.04110     0.10     8.64
2013.04384    -0.55     9.59
2013.04658    -4.78     9.68
2013.04932    -1.79     8.29
2013.05205    -3.84     8.84
2013.05479     1.48     8.93
2013.05753    -2.49     8.51
2013.06027    -5.59     8.79
2013.06301    -2.49     8.98
2013.06575    -0.01     9.53
2013.06849    -2.87     8.66
2013.07123    -3.26     8.42
2013.07397    -9.36     8.75
2013.07671    -3.12     8.38
2013.07945    -1.42     8.81
2013.08219     1.75     9.80
2013.08493     2.16    10.07
2013.08767     2.90    11.36
2013.09041    -3.82    10.07
2013.09315    -1.14     9.66
2013.09589    -0.61     9.54
2013.09863     3.40    10.95
2013.10137     5.21     9.65
2013.10411     0.05     8.87
2013.10685    -2.64     8.38
2013.10959     0.50    10.06
2013.11233     5.00    12.21
2013.11507     0.00     9.33
2013.11781    -2.93     9.09
2013.12055    -3.39     9.69
2013.12329     3.21     9.55
2013.12603    -4.61     9.94
2013.12877    -2.53     8.76
2013.13151    -1.62     8.81
2013.13425     3.50     9.61
2013.13699    -3.30     9.97
2013.13973    -3.06    10.08
2013.14247    -7.10     9.00
2013.14521    -8.53    12.55
2013.14795    -4.38    11.20
2013.15342    -3.32     8.89
2013.15616    -9.01     9.83
2013.15890    -7.23     9.39
2013.16164    -2.62     9.01
2013.16438     1.64    10.33
2013.16712    -1.18     9.50
2013.16986    -4.61     8.63
2013.17260    -7.86     9.00
2013.17534    -9.02    11.76
2013.17808    -3.98    10.25
2013.18082   -14.90    10.83
2013.18356   -11.41     9.51
2013.18630    -9.54     9.81
2013.18904    -7.68    10.16
2013.19178   -11.34    10.29
2013.19452    -2.38    10.32
2013.19726    -5.47    11.39
2013.20000   -10.73     9.59
2013.20274    -7.57     9.05
2013.20548    -6.05     9.86
2013.20822    -0.46    11.72
2013.21096    -5.64    10.37
2013.21370     3.05    11.26
2013.21644     6.63    11.70
2013.21918     4.49    11.43
2013.22192    -3.18    10.95
2013.22466     2.63    15.47
2013.22740     9.23    15.10
2013.23014    -4.56     9.59
2013.23288    -2.50    12.92
2013.23562    -2.52    10.10
2013.23836     2.94    11.91
2013.24110    -0.33    10.77
2013.24384     0.18     9.96
2013.24658     0.23    10.53
2013.24932    -4.59    10.11
2013.25205     2.44    11.33
2013.25479     2.31    12.84
2013.25753     7.99    14.15
2013.26027     3.53    17.41
2013.26301     1.11    11.57
2013.26575    -4.63     9.82
2013.26849    -2.76    10.92
2013.27123     3.65    12.27
2013.27397    -4.66    10.99
2013.27671    -1.11     9.66
2013.27945    -4.43    10.09
2013.28219     1.45     9.99
2013.28493    -1.68     9.84
2013.28767    -2.22    10.53
2013.29041     5.41    11.85
2013.29315     1.39    12.16
2013.29589     1.58    12.56
2013.29863     2.18    11.36
2013.30137    -6.52    12.95
2013.30411    -3.04     9.95
2013.30685    -3.49     9.64
2013.31233    -2.62    10.53
2013.31507    -8.31    12.24
2013.31781    -3.20    11.42
2013.32055   -14.21    11.92
2013.32329     0.00    10.27
2013.32603     2.19    10.02
2013.32877    -1.93    13.11
2013.33151    -2.87    10.56
2013.33425    -2.58    10.34
2013.33699    -3.57    10.15
2013.33973    -0.59    10.47
2013.34247    -0.52    10.90
2013.34521    -5.01    10.38
2013.34795    -0.39    10.13
2013.35068    -3.72     9.91
2013.35342     5.71    11.28
2013.35616    -1.02    13.34
2013.35890    -2.05    12.29
2013.36164     0.82    12.59
2013.36438    -3.12    13.23
2013.36712    -1.63    14.21
2013.36986    -1.62    12.37
2013.37260   -20.47    20.38
2013.37534   -10.90    15.98
2013.37808   -12.82    18.38
2013.38082   -12.64    17.53
2013.38630    -4.47    11.83
2013.38904    -2.24    13.40
2013.39178     4.22    14.23
2013.39452    -7.52    14.87
2013.39726    10.51    18.84
2013.40000    -9.77    12.23
2013.40274    -8.98    12.92
2013.40548    -3.09    12.37
2013.40822    -5.17    12.14
2013.41096   -12.82    15.03
2013.41644    -3.28    13.46
2013.41918    -7.94    12.40
2013.42192    -4.68    13.80
2013.42466     5.48    13.40
2013.42740    -3.93    11.89
2013.43014    -0.84    13.11
2013.43562    -9.60    14.98
2013.43836    -9.28    15.30
2013.44110   -15.82    13.99
2013.44384    -0.23    18.15
2013.44932    -6.91    14.49
2013.45205   -14.19    12.94
2013.45479    -4.83    13.20
2013.45753   -21.22    16.97
2013.46301    -4.00    14.31
2013.46575    -9.36    14.52
2013.47397   -15.34    13.33
2013.47671   -13.75    15.65
2013.47945    -2.50    16.31
2013.48219   -15.15    13.71
2013.48493   -15.60    12.48
2013.48767   -14.62    11.27
2013.49041    -3.97    11.66
2013.49315   -11.80    19.12
2013.49589    -4.24    12.83
2013.49863    -8.23    16.56
2013.50137    -5.69    14.62
2013.50411     0.41    15.35
2013.50685     1.67    20.22
2013.50959    -6.47    16.08
2013.51233    -5.49    16.04
2013.51507    -6.09    14.97
2013.51781     1.76    14.48
2013.52055     4.61    12.81
2013.52329     4.93    14.43
2013.52603    -9.55    13.37
2013.52877   -11.42    19.47
2013.53425    -6.71    13.79
2013.53699    -6.23    13.27
2013.53973   -16.47    14.18
2013.54247   -10.69    14.24
2013.54521    -3.92    12.32
2013.54795   -15.15    13.65
2013.55342    -7.18    20.94
2013.55616   -12.32    15.79
2013.55890    -4.08    14.56
2013.56164     9.74    17.16
2013.56438    -0.60    19.92
2013.56712     6.86    16.56
2013.56986    -3.79    15.44
2013.57260     7.33    17.33
2013.57534    11.83    14.89
2013.57808     2.78    13.22
2013.58082     9.58    15.66
2013.58356     7.56    12.48
2013.58904     0.50    14.91
2013.59178     9.67    13.66
2013.59452    -9.50    12.90
2013.59726     2.94    12.58
2013.60000    -0.38    17.43
2013.60274    -1.26    11.79
2013.60548    11.24    15.88
2013.60822   -11.22    19.80
2013.61096    -3.20    14.42
2013.61370     4.57    13.56
2013.61644     7.38    13.78
2013.61918    12.85    12.66
2013.62192     6.83    13.60
2013.62740     6.00    15.79
2013.63014    -6.02    14.61
2013.63288     6.86    18.01
2013.63562     9.48    14.20
2013.63836    11.34    17.78
2013.64384    11.91    14.97
2013.64658   -11.58    18.69
2013.65479     9.95    15.68
2013.65753    18.76    17.59
2013.66575     4.73    16.15
2013.66849     3.62    17.17
2013.67123     3.84    12.44
2013.67671   -16.30    13.72
2013.68219    -4.19    11.96
2013.68493    -3.75    12.00
2013.68767     0.48    12.94
2013.69315     3.18    15.03
2013.69589    -9.96    14.48
2013.69863     3.54    13.59
2013.70137    -1.61    13.62
2013.70411    -0.67    14.66
2013.70685    -1.51    17.50
2013.71233     2.92    14.69
2013.71507    -2.78    15.95
2013.71781   -11.12    16.97
2013.72055    -3.97    15.85
2013.72329    15.98    19.52
2013.72603    -2.58    15.32
2013.72877     3.91    16.37
2013.73151    -5.85    13.90
2013.73425    -2.02    14.72
2013.73699    -0.80    13.08
2013.73973    -1.93    12.38
2013.74247    10.93    11.77
2013.74521     7.52    13.49
2013.74795   -10.48    14.63
2013.75342    -1.50    13.78
2013.75616    -4.66    12.17
2013.75890    -2.05    12.19
2013.76164     5.70    13.21
2013.76438     8.74    15.66
2013.76712     3.63    12.13
2013.76986    -6.90    11.74
2013.77260    12.84    14.45
2013.77534    -2.77    19.36
2013.77808     2.77    13.69
2013.78356     5.92    13.97
2013.78630     6.41    14.07
2013.78904     4.46    12.61
2013.79178    10.63    10.44
2013.79452     5.44    10.77
2013.79726     9.93    11.12
2013.80000    -4.64    11.24
2013.80274     9.28    10.64
2013.80548     0.45    10.50
2013.80822     5.26    11.01
2013.81096     3.12    10.34
2013.81370    -1.01    10.10
2013.81644    -4.66    11.39
2013.81918     2.76    10.82
2013.82192    -1.55    11.64
2013.82466    -2.88    10.81
2013.82740     2.13    10.90
2013.83014     0.83    11.48
2013.83288    -9.26    14.77
2013.83562     9.70    13.92
2013.83836     6.81    11.86
2013.84110     0.55    11.87
2013.84384    -1.27    11.38
2013.84658    -0.37    11.53
2013.84932     4.54     9.96
2013.85205     6.24    10.80
2013.85479    -0.66    12.19
2013.85753     4.32    12.36
2013.86027     1.84    11.81
2013.86301    -0.57    11.40
2013.86575     7.24    11.22
2013.86849    11.64    10.66
2013.87123     3.59    10.88
2013.87397     9.01    10.34
2013.87671    12.12    11.12
2013.87945     5.51    10.76
2013.88219     1.39     9.87
2013.88493     2.30    10.35
2013.88767     0.69    10.65
2013.89041     2.33     9.91
2013.89315     4.49    10.31
2013.89589     4.29    10.77
2013.89863     1.81    13.65
2013.90137     8.03    10.27
2013.90411     3.93    10.31
2013.90685    10.79    10.44
2013.90959     5.68     9.71
2013.91233     8.04     9.18
2013.91507     5.24     9.85
2013.91781     7.66    10.01
2013.92055     9.09     9.61
2013.92329     7.48     9.21
2013.92603     5.85    10.03
2013.92877     9.77     9.23
2013.93151     1.65     9.67
2013.93425     9.38     9.43
2013.93699    10.78    11.02
2013.93973     6.59    10.97
2013.94247     8.37     9.81
2013.94521     1.83    10.34
2013.94795     5.62     9.59
2013.95068     3.00    10.78
2013.95342     7.28    10.56
2013.95616    -0.30    10.79
2013.95890    12.93    12.30
2013.96164    13.44    11.22
2013.96438     1.49    10.76
2013.96712     3.07    11.12
2013.96986    -1.78    10.02
2013.97260    11.32     9.20
2013.97534     0.00     9.89
2013.97808     1.67     9.91
2013.98082     9.19    11.24
2013.98356     6.63     9.81
2013.98630     3.70     9.56
2013.98904    -1.15     8.96
2013.99178    -0.31     9.01
2013.99452    -0.11     9.16
2013.99726     0.93     9.04
2014.00000     1.93     9.16
2014.00274     5.14    12.27
2014.00548     1.82    10.34
2014.00822     1.21    10.54
2014.01096     6.34     9.88
2014.01370     5.50     9.57
2014.01644     0.72     8.89
2014.01918    10.30     9.62
2014.02192     3.33     9.68
2014.02466     9.26     9.30
2014.02740     7.44     9.45
2014.03014    10.29     8.82
2014.03288    11.70     9.55
2014.03562     4.58    10.50
2014.03836     3.22     9.46
2014.04110     1.83     9.17
2014.04384     7.51     9.22
2014.04658     6.56     9.28
2014.04932     4.58     8.90
2014.05205     2.10     9.22
2014.05479    16.53    10.54
2014.05753    10.69     9.89
2014.06027     3.54     9.59
2014.06301     8.04     9.05
2014.06575     6.70     9.49
2014.06849     5.01     9.75
2014.07123     8.34     9.43
2014.07671     3.91    12.93
2014.07945     3.52    11.48
2014.08219     4.91    10.49
2014.08493     8.12    10.25
2014.08767    11.24    11.27
2014.09041    16.01    13.28
2014.09315     4.24    11.01
2014.09589     5.48    11.39
2014.09863     8.75    10.77
2014.10137    17.11    12.86
2014.10411    15.25    10.05
2014.10685     9.61    10.29
2014.10959    15.10    11.25
2014.11233     8.56    12.21
2014.11507     4.60     9.74
2014.11781     6.99     9.56
2014.12055     5.33    10.27
2014.12329     4.90     9.54
2014.12603     0.05     9.64
2014.12877     4.62     9.35
2014.13151     5.22    10.06
2014.13425     4.26    12.37
2014.13699     7.65    10.38
2014.13973     6.63     9.93
2014.14247     8.81    10.82
2014.14521    10.11    10.51
2014.14795     8.09    11.40
2014.15068    -2.65     9.94
2014.15342    14.37    10.80
2014.15616     8.19    10.84
2014.15890     2.09    12.33
2014.16164     8.92    12.83
2014.16438     8.18    14.19
2014.16712    11.46    10.71
2014.17260     5.18    10.57
2014.17534   -17.63    19.94
2014.17808     0.32    10.43
2014.18082    -3.46    11.18
2014.18356    -4.00    12.25
2014.18630    -0.76    12.37
2014.18904     3.47    10.69
2014.19178     8.02    11.60
2014.19452    -3.80    13.82
2014.19726    -2.14    12.79
2014.20000    -7.64    11.95
2014.20274    -6.18    12.20
2014.20548     0.10    10.86
2014.20822     3.70    10.71
2014.21096     6.77    10.35
2014.21370     6.73    12.04
2014.21644    -2.93    11.50
2014.21918     4.48     9.96
2014.22192     2.32     9.97
2014.22466     3.15     9.84
2014.22740     3.32    10.88
2014.23014     0.45    10.66
2014.23288     3.16    12.23
2014.23562    13.01    12.02
2014.23836    10.39    12.32
2014.24110     2.97    16.64
2014.24384    15.03    13.13
2014.24932     3.40    12.32
2014.25205     9.19    13.37
2014.25479    -8.26    18.24
2014.26027     4.44    11.74
2014.26301     1.63    11.28
2014.26575    -1.27    10.44
2014.26849     9.48    13.14
2014.27123    -0.29    10.75
2014.27397    -5.95    15.22
2014.27671    -5.39    10.90
2014.27945     6.44    10.75
2014.28219     2.06    11.75
2014.28493     3.35    10.92
2014.28767     3.90    11.40
2014.29041    -3.16    10.88
2014.29315    -3.52    11.20
2014.29589    14.51    11.53
2014.30411    -2.00    10.55
2014.30685     5.92    11.44
2014.30959     1.94    11.30
2014.31233     3.58    11.45
2014.31507     4.25    11.11
2014.31781     5.05    12.26
2014.32055    -0.99    11.92
2014.32329     4.69    11.03
2014.32603    -3.04    11.07
2014.32877     1.32    12.52
2014.33151     5.42    15.43
2014.33425    12.81    10.68
2014.33699    10.10    11.67
2014.33973    14.65    11.57
2014.34247    -0.48    11.20
2014.34521     8.56    11.08
2014.34795     2.91    10.58
2014.35068     8.90    10.80
2014.35342    10.99    12.03
2014.35616     8.89    10.75
2014.35890    13.60    12.18
2014.36164    15.11    14.02
2014.36438     2.47    15.00
2014.36712     6.15    14.28
2014.37260     9.89    14.50
2014.37534     6.72    13.14
2014.37808     4.01    14.46
2014.38082    18.37    17.28
2014.38630     5.11    13.91
2014.40000   -10.24    16.95
2014.40274     5.67    14.43
2014.40548    -2.84    16.38
2014.40822     9.66    14.92
2014.41096     5.41    13.35
2014.41370    -4.40    12.25
2014.41644    -4.64    13.91
2014.41918     3.71    14.57
2014.42192    -3.16    16.01
2014.42466     0.00    15.45
2014.42740     1.62    15.47
2014.43014     4.57    13.20
2014.43288     2.49    13.63
2014.43562    -5.95    13.37
2014.43836    12.97    14.01
2014.44110     8.53    13.60
2014.44384    -5.98    13.09
2014.44658    13.38    14.82
2014.44932     7.61    12.23
2014.45205     0.28    12.33
2014.45479     7.57    12.71
2014.45753     6.36    14.56
2014.46027     2.12    13.46
2014.46301    17.47    19.12
2014.46575     9.54    13.01
2014.46849     2.38    14.06
2014.47123     3.14    13.39
2014.47397     1.93    14.32
2014.47671    10.82    16.98
2014.47945    -2.34    15.52
2014.48493     0.66    15.84
2014.48767     2.70    12.56
2014.49041    14.77    18.10
2014.49315    -9.13    14.52
2014.49589    -6.98    13.83
2014.49863    -4.51    17.03
2014.50137     2.18    13.04
2014.50411   -13.78    15.10
2014.50685    -2.82    14.14
2014.50959     4.69    15.61
2014.51233    10.56    15.49
2014.51507     4.47    16.33
2014.51781     5.25    16.80
2014.52055     1.75    19.60
2014.52329     1.33    14.22
2014.52603     2.24    13.26
2014.52877     4.50    12.89
2014.53151    -9.58    12.77
2014.53425    -7.71    14.62
2014.53699    -1.72    16.64
2014.53973    15.65    14.66
2014.54247     4.79    19.82
2014.54521    13.27    16.87
2014.55068     5.14    15.11
2014.55342    -0.02    16.79
2014.55616    10.49    18.62
2014.56438    -9.45    15.55
2014.56712   -12.98    17.74
2014.56986    -4.78    14.50
2014.57534    -5.30    15.27
2014.57808     3.26    16.25
2014.58082     9.27    19.53
2014.58356    -0.89    20.41
2014.58904    -8.19    18.30
2014.59178   -10.50    13.60
2014.59726    14.22    17.10
2014.60274   -15.31    20.09
2014.60548     5.45    18.25
2014.60822    17.98    18.33
2014.61096     3.86    14.58
2014.61370    -8.28    17.52
2014.61644     3.29    16.51
2014.61918    10.80    14.01
2014.62192    -0.55    14.13
2014.62466     3.18    16.09
2014.62740     8.25    15.38
2014.63014     3.11    14.80
2014.63288    -0.17    18.44
2014.63562    -7.04    15.52
2014.63836     2.61    14.06
2014.64384     1.79    14.25
2014.64658    10.47    15.91
2014.64932     4.87    16.88
2014.65205     3.22    14.19
2014.65479    12.38    15.12
2014.65753     4.26    15.35
2014.66027    -6.56    14.10
2014.66301    -5.58    15.54
2014.66575     0.79    16.53
2014.66849    -0.89    17.33
2014.67123     1.67    15.18
2014.67397    -5.51    15.80
2014.67671    17.77    17.73
2014.67945     4.48    14.31
2014.68219     1.13    15.24
2014.68493     3.51    15.19
2014.68767    -1.95    15.48
2014.69041   -17.52    18.73
2014.69315     9.08    17.96
2014.69589     4.40    14.21
2014.70137    -3.10    15.72
2014.70411     2.88    18.32
2014.70685    14.81    19.20
2014.70959    -1.28    14.18
2014.71233     7.02    13.85
2014.71507    -1.54    14.43
2014.71781     8.17    15.83
2014.72329    -2.28    14.56
2014.72603     4.19    17.11
2014.72877     4.70    13.36
2014.73151     1.74    13.79
2014.73425    16.41    19.86
2014.73699    -5.58    12.84
2014.73973    -7.40    12.79
2014.74247     5.70    12.64
2014.74521     2.70    13.27
2014.74795    11.09    19.97
2014.75068     7.42    16.73
2014.75342    -1.25    15.34
2014.75616     0.51    14.03
2014.75890    -6.45    13.46
2014.76164    -5.32    11.95
2014.76438     0.28    12.90
2014.76712    -1.52    12.24
2014.76986     3.24    12.80
2014.77260     0.26    12.38
2014.77534    -2.42    13.33
2014.77808   -12.20    12.42
2014.78082     0.12    12.46
2014.78356     2.46    12.78
2014.78630     4.06    11.88
2014.78904     1.72    12.30
2014.79178     5.75    11.67
2014.79452     0.54    11.62
2014.79726     7.33    11.67
2014.80000    -0.67    12.42
2014.80274    10.21    12.52
2014.80548    -0.33    11.63
2014.80822    -2.64    11.81
2014.81096    11.56    11.85
2014.81370     4.89    11.32
2014.81644     6.79    11.96
2014.81918    -0.41    12.76
2014.82192     9.91    14.00
2014.82466     4.77    11.49
2014.82740     5.92    11.52
2014.83014     5.76    12.33
2014.83288    -0.26    11.97
2014.83562     8.49    13.98
2014.83836    -6.34    11.86
2014.84110    -0.03    10.80
2014.84384     2.80    10.91
2014.84658     5.16    11.53
2014.84932     8.56    11.12
2014.85479     4.32    12.63
2014.85753     2.92    11.06
2014.86027     6.37    11.49
2014.86301    -2.33    11.16
2014.86575    -4.07    11.01
2014.86849     4.87    10.27
2014.87123    -0.04    10.99
2014.87397     0.55    10.57
2014.87671     6.06    12.13
2014.87945    -0.59    11.47
2014.88219     6.30    10.44
2014.88493    -0.66    10.40
2014.88767     3.18    10.60
2014.89041     0.04    11.52
2014.89315     3.77    10.16
2014.89589     2.45    10.93
2014.89863    -1.67    10.53
2014.90137    -1.84    11.61
2014.90411    -0.57    11.14
2014.90685     5.99    11.38
2014.90959     5.63    11.51
2014.91233     6.42    11.80
2014.91507     5.65    12.60
2014.91781     1.23    11.50
2014.92055    -3.41    10.39
2014.92329     2.84    10.92
2014.92603     0.07    11.35
2014.92877    -6.89     9.94
2014.93151    -2.23    10.10
2014.93425     1.73    10.82
2014.93699    -6.05    10.60
2014.93973     0.77     9.91
2014.94247     0.27    10.12
2014.94521    -1.86    10.15
2014.94795    -9.45     9.81
2014.95068    -1.89     9.46
2014.95342    -1.62     9.69
2014.95616    -8.47    10.00
2014.95890    -6.65     9.89
2014.96164     2.27    10.34
2014.96438    -1.19    10.61
2014.96712     2.20    10.89
2014.96986   -11.78    10.26
2014.97260    -8.09     9.67
2014.97534    -4.59     9.58
2014.97808     0.72     9.64
2014.98082    -4.27    10.43
2014.98356    -0.08    10.87
2014.98630    -1.27     9.84
2014.98904    -4.79    10.00
2014.99178     0.23     9.93
2014.99452     1.21     9.45
2014.99726     1.88     9.41
2015.00000    -1.35    10.03
2015.00274    -7.87     9.64
2015.00548    -5.71     9.66
2015.00822    -0.76     9.85
2015.01096     1.66     9.72
2015.01370     2.14     9.86
2015.01644     1.88    10.32
2015.01918    -6.80     9.68
2015.02192    -4.64     9.91
2015.02466     0.40     9.88
2015.02740    -6.81    10.12
2015.03288    -3.14    10.04
2015.03562     3.03    11.97
2015.03836   -12.73     9.91
2015.04110    -1.32     9.47
2015.04384    -1.59     9.80
2015.04658    -3.29     9.88
2015.04932    -1.96    10.42
2015.05205    -3.56    12.35
2015.05479    -2.33    11.04
2015.05753    -3.89    10.98
2015.06027    -2.58     9.88
2015.06301    -2.51    10.62
2015.06575     0.49    10.46
2015.06849     6.00    10.42
2015.07123    -0.45    10.59
2015.07397    -5.53    10.00
2015.07671   -10.06     9.52
2015.07945    -0.79    10.16
2015.08219     2.48     9.64
2015.08493     0.33     9.73
2015.08767     5.17     9.72
2015.09041     4.01     9.90
2015.09315     0.85    10.10
2015.09589     1.15    10.16
2015.09863    -0.89     9.85
2015.10137    -0.98     9.51
2015.10411     0.56    10.59
2015.10685    -6.84     9.50
2015.10959    -3.88     9.33
2015.11233     3.94    10.07
2015.11507     0.10    10.80
2015.11781     9.04    10.35
2015.12055    -3.07    11.41
2015.12329     3.77    11.66
2015.12603     3.01    14.64
2015.12877    10.49    12.21
2015.13151     6.86    10.83
2015.13425     5.35    10.55
2015.13699     6.01    11.25
2015.13973     6.33    10.65
2015.14247    -4.00    13.68
2015.14521     6.31    11.63
2015.14795    -0.13    11.61
2015.15068     9.14    11.27
2015.15342    -1.88    12.00
2015.15616    -4.45    12.22
2015.15890     0.64    11.29
2015.16164     2.46    11.48
2015.16438    -6.13    10.51
2015.16712    -1.79    10.70
2015.16986    -3.79    11.88
2015.17260    -0.56    11.33
2015.17534    -2.27    11.13
2015.17808    -4.34    11.37
2015.18082    -5.56    10.29
2015.18356    -3.71    11.93
2015.18630    -0.01    12.17
2015.18904    -6.03    10.49
2015.19178    -7.90    10.73
2015.19452    -5.97    10.95
2015.19726    -4.39    11.62
2015.20000     4.83    12.64
2015.20274    -2.05    12.53
2015.20548    -7.39    12.44
2015.20822     4.56    12.00
2015.21096     5.19    11.72
2015.21370    -0.58    12.21
2015.21644     3.27    10.86
2015.21918     4.74    11.17
2015.22192    -7.98    10.51
2015.22466    -7.05    11.96
2015.22740   -11.51    11.31
2015.23014    -7.69    10.54
2015.23288    -5.22    10.80
2015.23562    -8.25    11.25
2015.23836     4.16    11.64
2015.24110     5.86    11.15
2015.24384    -0.08    11.59
2015.24658     2.27    12.26
2015.24932     8.58    12.98
2015.25205     1.75    12.97
2015.25479     7.14    13.75
2015.25753     9.36    14.78
2015.26027    -3.65    13.99
2015.26301    -1.21    16.48
2015.26575     6.92    13.12
2015.26849    -5.05    11.44
2015.27123    -2.63    11.56
2015.27397     1.19    10.76
2015.27671    -7.42    11.25
2015.27945     3.16    11.99
2015.28219    -0.71    12.71
2015.28493    -3.10    10.58
2015.28767     1.05    13.04
2015.29041     9.02    13.79
2015.29315    10.48    14.57
2015.29589    -0.37    13.32
2015.29863    -2.40    14.31
2015.30137    -3.54    15.37
2015.30685    -4.96    12.56
2015.30959    -2.50    12.67
2015.31233    -4.34    12.05
2015.31507    -9.55    11.75
2015.31781     0.29    11.27
2015.32055     2.81    11.51
2015.32329     1.00    12.29
2015.32603    -0.71    12.71
2015.32877     2.08    12.95
2015.33151    16.27    14.09
2015.33425   -10.18    13.71
2015.33699     2.34    13.73
2015.33973     1.26    15.92
2015.34247     3.24    12.98
2015.34521     5.38    14.37
2015.34795    -9.38    12.94
2015.35068    -5.65    13.25
2015.35342     4.16    13.50
2015.35616    -2.91    15.81
2015.35890     2.93    14.24
2015.36164     1.24    15.77
2015.36438     0.39    12.55
2015.36712     2.72    13.12
2015.36986    -5.42    14.38
2015.37260     0.71    14.53
2015.37534    -3.68    14.44
2015.37808    -2.68    14.41
2015.38082     3.74    15.87
2015.38356    -4.91    16.18
2015.38630    -3.47    12.27
2015.38904    -3.51    14.48
2015.39178   -11.73    13.03
2015.39452    -8.89    15.00
2015.39726   -14.55    12.91
2015.40000   -15.84    12.60
2015.40274    -2.11    12.56
2015.40548    -6.95    14.47
2015.40822    -0.46    12.97
2015.41096   -10.90    16.58
2015.41370   -20.45    14.62
2015.41644    -5.00    14.75
2015.41918   -11.27    14.95
2015.42192   -16.80    13.61
2015.42466    -9.58    12.98
2015.42740   -14.17    14.49
2015.43014   -18.30    14.97
2015.43288     3.37    15.16
2015.43562   -11.52    13.56
2015.43836     3.13    12.83
2015.44110     2.72    13.98
2015.44384    -1.65    14.30
2015.44658    -0.77    12.87
2015.44932   -10.71    15.55
2015.45205    -3.43    16.55
2015.45479    -7.98    15.48
2015.45753     3.91    13.71
2015.46027     0.91    13.68
2015.46301    -7.52    13.37
2015.46575    -7.88    14.53
2015.47123    -4.13    15.65
2015.47397    -6.99    13.52
2015.47671    -9.15    14.26
2015.47945     3.90    16.10
2015.48219     6.15    14.59
2015.48493     6.30    15.39
2015.48767    -3.79    13.80
2015.49041    -8.93    14.95
2015.49315    -4.68    20.06
2015.49589    -3.69    13.88
2015.49863     4.50    17.92
2015.50137     0.02    15.61
2015.50411   -17.58    14.20
2015.50685   -14.63    17.06
2015.50959   -18.02    17.96
2015.51233    -3.54    15.03
2015.51507    -2.78    14.59
2015.51781    -2.44    15.47
2015.52055    -4.10    15.81
2015.52329    -9.75    16.06
2015.52603     7.11    14.66
2015.53699   -12.58    18.64
2015.53973     0.16    14.70
2015.54247    -5.03    17.11
2015.54521     4.70    18.75
2015.54795   -11.07    16.28
2015.55068   -17.09    13.23
2015.55342    -4.39    13.96
2015.55616    -6.30    14.60
2015.55890    -8.14    13.58
2015.56164    10.63    17.35
2015.56438   -14.16    16.67
2015.56712    -7.53    15.91
2015.56986     1.55    17.58
2015.57260    -1.65    15.88
2015.57534    -8.34    14.27
2015.57808   -12.95    14.73
2015.58082     2.17    19.23
2015.58356    -7.84    20.00
2015.58630     5.40    16.71
2015.58904     8.11    14.70
2015.59178     7.76    15.96
2015.59452    -2.93    17.42
2015.59726     2.12    16.51
2015.60000     3.52    17.45
2015.60274   -20.22    17.80
2015.60822     6.60    17.17
2015.61096    -3.42    15.71
2015.61370    17.53    17.88
2015.61644    -1.50    13.85
2015.61918     3.31    14.23
2015.62192    -3.11    14.43
2015.62466    -3.23    14.47
2015.62740    -6.39    13.73
2015.63014     3.07    14.75
2015.63288    -0.99    17.97
2015.63562    -3.48    15.37
2015.63836     2.74    17.99
2015.64110    -3.68    14.62
2015.64384     8.92    16.96
2015.64932   -10.99    18.92
2015.65205    -5.76    18.76
2015.65479    -3.77    12.36
2015.65753    -3.74    14.40
2015.66027    -8.40    12.65
2015.66301   -17.38    12.72
2015.66575    -8.34    13.49
2015.66849    -4.80    13.33
2015.67123    -2.76    14.22
2015.67397    -6.22    12.33
2015.67671    -8.49    13.53
2015.67945    -1.41    12.92
2015.68219    -3.33    14.86
2015.68493    -9.71    13.93
2015.68767     2.92    14.43
2015.69041    -7.37    14.65
2015.69315     1.08    13.38
2015.69589    -8.16    12.84
2015.69863     0.00    13.32
2015.70137   -13.86    14.07
2015.70411    -2.54    13.88
2015.70685    -4.00    14.02
2015.70959    -6.72    16.23
2015.71233    -7.74    13.31
2015.71507     2.08    15.71
2015.71781     8.76    16.49
2015.72055    -7.69    10.92
2015.72329    -5.35    12.77
2015.72603     2.01    13.19
2015.72877     6.90    12.86
2015.73151    -0.19    13.26
2015.73425     2.83    13.11
2015.73699     1.17    12.74
2015.73973    -0.65    12.38
2015.74247    -0.14    17.18
2015.74521    -0.90    14.45
2015.74795    -0.52    14.13
2015.75068     2.71    17.22
2015.75342     0.42    13.38
2015.75616     0.11    12.93
2015.75890    -1.40    14.25
2015.76164    -9.05    13.63
2015.76438   -11.41    12.59
2015.76712    -5.67    12.69
2015.76986    -8.40    15.87
2015.77260    -8.63    11.40
2015.77534    -9.52    13.00
2015.77808    -9.72    11.21
2015.78082   -15.36    11.13
2015.78356    -9.35    13.11
2015.78630   -13.13    12.12
2015.78904    -9.09    11.29
2015.79178    -1.75    12.54
2015.79452   -21.53    13.89
2015.79726    -1.76    13.06
2015.80000   -12.80    12.87
2015.80274     2.18    12.01
2015.80548    -8.88    12.80
2015.80822   -21.81    12.76
2015.81096   -12.80    12.05
2015.81370   -19.85    15.97
2015.81644     6.17    14.91
2015.81918    -7.98    11.78
2015.82192   -14.88    12.09
2015.82466   -21.42    10.98
2015.82740   -14.45    11.28
2015.83288   -19.08    16.86
2015.83562   -11.24    12.09
2015.83836    -6.83    12.64
2015.84110    -3.60    14.18
2015.84384     4.67    12.70
2015.84658    -0.57    11.89
2015.84932    -7.12    12.65
2015.85205    -9.33    13.41
2015.85479    -5.27    12.75
2015.85753     3.11    13.67
2015.86027    -8.19    11.76
2015.86301    -3.66    12.44
2015.86575    -4.90    11.51
2015.86849    -4.54    12.09
2015.87123    -1.30    13.07
2015.87397    -4.77    12.79
2015.87671     2.25    11.74
2015.87945    -7.31    11.65
2015.88219    -3.50    12.02
2015.88493     2.24    16.09
2015.88767   -13.36    17.12
2015.89041   -18.68    13.75
2015.89315    -3.92    11.49
2015.89589   -12.52    13.70
2015.89863    -9.63    13.63
2015.90137    -9.50    13.86
2015.90411    -9.23    10.57
2015.90685   -14.87    10.71
2015.90959    -9.62    10.85
2015.91233    -9.39    10.77
2015.91507   -12.16    10.39
2015.91781    -9.85    11.36
2015.92055    -9.41    11.12
2015.92329   -13.11    10.10
2015.92603    -8.60    11.82
2015.92877   -18.48    13.94
2015.93151    -8.81    11.75
2015.93425   -16.61    11.24
2015.93699    -6.00    10.08
2015.93973   -15.63    14.09
2015.94247   -10.63    12.05
2015.94795   -11.40    10.20
2015.95068    -3.71    11.20
2015.95342   -13.58    10.25
2015.95616    -1.46     9.28
2015.95890   -15.20     9.37
2015.96164   -15.36     9.04
2015.96438    -9.45     8.98
2015.96712   -12.78    10.54
2015.96986   -13.99    11.06
2015.97260    -4.47    11.91
2015.97534    -9.62    10.50
2015.97808    -9.53    10.24
2015.98082   -11.21    10.53
2015.98356   -10.55    10.00
2015.98630    -9.76     9.26
2015.98904    -5.90    10.96
2015.99178    -8.34     9.92
2015.99452    -8.10     9.25
2015.99726    -7.33     9.75
2016.00000    -2.91     9.28
2016.00273    -5.65     9.54
2016.00546     1.33    12.52
2016.00820    -8.60    13.52
2016.01093     0.24    10.42
2016.01366    -7.07    13.27
2016.01639    -9.14    12.20
2016.01913    -7.65    11.28
2016.02186    -8.18     9.89
2016.02459    -5.30    10.24
2016.02732   -11.40    10.73
2016.03005    -6.04    11.53
2016.03279   -10.73    11.78
2016.03552    -8.77    12.37
2016.03825   -14.97     9.94
2016.04098   -14.85    11.27
2016.04372   -12.06    11.71
2016.04645   -13.88    14.53
2016.04918   -15.81     9.81
2016.05191   -14.77    10.13
2016.05464   -13.38    10.31
2016.05738    -9.69    10.14
2016.06011    -3.86    10.21
2016.06284   -14.79    10.17
2016.06557   -12.81     9.60
2016.06831   -20.04     9.18
2016.07104   -17.73     9.77
2016.07377   -10.12    10.56
2016.07650   -13.54    11.57
2016.07923   -17.13    15.12
2016.08197    -1.12    10.77
2016.08470   -14.36     9.92
2016.08743    -4.96    12.33
2016.09016   -13.20     9.43
2016.09290    -6.59     9.47
2016.09563    -6.60    12.48
2016.10383     1.78    10.10
2016.10656    -0.66     9.80
2016.10929     1.42    10.40
2016.11202     3.54    10.18
2016.11475     4.48    14.96
2016.12022     4.36    12.82
2016.12295     6.53    12.40
2016.12568    -4.95     9.84
2016.12842    -1.40     9.64
2016.13115     5.49     9.62
2016.13388     0.49     9.70
2016.13661     6.86    10.76
2016.13934     1.88    10.21
2016.14208    -3.76     9.68
2016.14481    -1.69    10.16
2016.14754     3.73    10.00
2016.15027    -7.80     9.14
2016.15301    -8.42     9.26
2016.15574    -4.56    10.21
2016.15847    -6.79    10.16
2016.16120     1.97    11.48
2016.16393    -5.49    10.98
2016.16667    -5.43    10.82
2016.16940    13.37    19.29
2016.17213     3.71    10.97
2016.17486    -0.15    11.00
2016.17760     5.06    12.72
2016.18033     0.70    10.45
2016.18306     2.54    10.71
2016.18579     7.13    12.83
2016.18852    -0.06    13.33
2016.19126    -1.07    12.13
2016.19399    -0.74     9.64
2016.19672     4.94    10.55
2016.19945    -7.68    13.90
2016.20219    -4.12    10.03
2016.20492    -5.37    10.28
2016.20765   -10.71    10.21
2016.21038    -0.70    11.13
2016.21311     8.10    12.35
2016.21585    -2.90    12.01
2016.21858    -2.50    10.84
2016.22131     0.52    10.59
2016.22404     0.91    11.08
2016.22678    -4.04    14.29
2016.22951    -2.52     9.46
2016.23224    -7.02     9.98
2016.23497    -0.19     9.91
2016.23770    -2.02    11.28
2016.24044     2.17    10.74
2016.24317     5.65    10.45
2016.24590     3.25    11.16
2016.24863    -1.33    11.51
2016.25137     4.39    13.22
2016.25956    10.19    11.88
2016.26230     5.61    11.48
2016.26503    17.62    12.92
2016.26776    -2.30    12.89
2016.27049    -2.47    12.59
2016.27322     8.57    13.88
2016.27596   -10.53    18.56
2016.27869    -2.43    14.59
2016.28142    10.55    14.59
2016.28415    -5.29    20.74
2016.28962    -2.03    15.95
2016.29235     5.39    15.85
2016.29508     3.43    14.44
2016.29781     1.22    16.80
2016.30055     8.06    13.47
2016.30328     6.27    13.86
2016.30601    10.41    13.97
2016.30874    -1.62    13.61
2016.31148     4.64    14.10
2016.31421     4.26    14.52
2016.31694    -0.18    13.21
2016.31967     5.61    15.38
2016.32240    -3.26    15.27
2016.32514    -9.34    15.64
2016.32787     5.05    13.38
2016.33060    -5.87    12.41
2016.33333     1.24    13.89
2016.33607     3.03    14.80
2016.33880     3.44    14.37
2016.34153     1.03    13.36
2016.34426    15.21    13.57
2016.34699     2.04    14.49
2016.34973     0.42    14.33
2016.35246    13.04    15.28
2016.35519     5.90    14.68
2016.35792     3.85    18.40
2016.36066     4.88    16.52
2016.36339    -6.85    16.13
2016.36612    -7.34    18.53
2016.36885    -2.45    17.51
2016.37158     2.84    15.49
2016.37432    -1.50    14.12
2016.37705     4.80    12.12
2016.37978     8.18    13.05
2016.38251     4.54    13.33
2016.38525     6.34    13.22
2016.38798    -3.98    13.49
2016.39071   -14.55    18.61
2016.39344     3.06    16.91
2016.39617     3.95    19.06
2016.39891     2.54    17.02
2016.40164     6.19    13.30
2016.40437     4.20    13.47
2016.40710    12.90    14.17
2016.40984    17.35    14.66
2016.41257    10.87    17.12
2016.41530    16.88    14.26
2016.41803     3.28    14.80
2016.42077    10.26    15.38
2016.42350     8.21    14.71
2016.42623    11.54    15.72
2016.42896     3.30    20.39
2016.43169     8.96    17.67
2016.43716    15.03    17.95
2016.43989     8.87    14.69
2016.44262     6.16    15.90
2016.44536    -2.28    15.24
2016.44809     7.14    18.88
2016.45082    15.33    19.67
2016.45355    14.21    19.99
2016.45628     7.60    16.27
2016.45902     4.60    15.46
2016.46175     4.94    15.84
2016.46721     8.23    18.17
2016.46995     6.04    16.40
2016.47268     5.39    16.43
2016.47541    15.44    16.32
2016.47814     9.43    18.03
2016.48087     6.02    17.79
2016.48361    -2.94    17.39
2016.48907    10.53    16.59
2016.49180    15.34    18.21
2016.49454     2.60    19.82
2016.49727     5.25    19.59
2016.50000     2.69    16.76
2016.50273    17.17    16.95
2016.50546     2.88    18.41
2016.50820    14.35    16.40
2016.51093    21.27    17.23
2016.51366     5.63    19.17
2016.51639    20.86    17.51
2016.52459     5.67    19.29
2016.53279     8.73    15.33
2016.53552    -1.94    15.94
2016.53825    11.07    15.93
2016.54098     7.24    18.39
2016.54372     1.01    18.96
2016.54645     8.16    19.08
2016.54918    -4.94    15.04
2016.55191     1.88    18.13
2016.55464     7.69    15.56
2016.55738    -4.32    18.24
2016.56011    21.28    18.36
2016.56284    21.22    19.51
2016.56557     6.75    15.09
2016.56831    20.22    16.03
2016.57104    10.53    17.67
2016.57377    16.73    20.57
2016.57650     4.90    20.65
2016.57923     4.94    18.48
2016.58197    23.37    19.56
2016.58470    21.36    19.17
2016.58743    13.95    14.88
2016.59016    16.37    14.82
2016.59290     8.30    15.17
2016.59563     9.12    15.20
2016.59836    13.36    18.71
2016.60656     6.79    20.25
2016.60929    26.55    20.49
2016.61475    11.08    13.44
2016.61749     8.66    13.53
2016.62022    14.38    15.11
2016.62295     5.26    17.44
2016.62568    12.03    16.56
2016.62842    -9.94    16.67
2016.63115    17.51    19.21
2016.63388    10.73    19.62
2016.64208    17.28    20.85
2016.64481    13.77    17.09
2016.64754     3.40    19.47
2016.65027     6.09    16.92
2016.65847    11.96    19.83
2016.66393     5.35    15.27
2016.66667    16.72    15.76
2016.66940    14.40    16.35
2016.67486    10.12    16.32
2016.67760     1.67    18.45
2016.68033    19.62    20.21
2016.68306    -0.52    18.24
2016.68579     1.03    15.60
2016.68852    -5.33    15.52
2016.69126    12.51    16.62
2016.69399    14.80    15.39
2016.69672     7.77    19.01
2016.69945     8.55    18.35
2016.70219     5.15    17.71
2016.71585    -2.56    15.09
2016.71858    11.55    20.62
2016.72131    -4.21    18.87
2016.72404     2.58    17.54
2016.72678    11.41    20.31
2016.72951     8.33    20.67
2016.73224     9.53    16.87
2016.73497    12.05    18.46
2016.73770    19.01    17.55
2016.74590   -10.79    19.90
2016.74863     8.57    17.41
2016.75137    -7.46    17.67
2016.75410     0.50    17.79
2016.75683     3.63    16.84
2016.76230    17.05    21.42
2016.76503     2.44    19.15
2016.76776     2.99    17.72
2016.77049     0.35    16.32
2016.77322    -7.66    17.45
2016.77596     4.58    17.18
2016.77869     6.85    19.75
2016.78142     8.85    18.31
2016.78415    -3.31    19.02
2016.78689     3.27    17.91
2016.78962    -3.12    20.99
2016.79235     1.11    19.52
2016.79508     7.77    18.46
2016.79781     1.60    16.07
2016.80601     5.03    18.02
2016.80874     0.84    16.18
2016.81148    21.51    16.15
2016.81421    -0.89    16.67
2016.81694    11.45    15.55
2016.81967     4.81    15.63
2016.82240    12.29    13.81
2016.82514    17.53    14.55
2016.82787    11.73    16.24
2016.83060    -1.33    15.02
2016.83333     5.10    14.67
2016.83607     8.19    13.69
2016.83880     5.53    15.17
2016.84153    -2.29    14.41
2016.84699     8.58    15.33
2016.84973     1.19    15.78
2016.85246     1.80    14.58
2016.85519     8.80    11.98
2016.85792     5.25    11.97
2016.86066     0.03    12.83
2016.86339    -2.63    11.38
2016.86612     6.71    11.83
2016.86885     8.67    11.61
2016.87158     7.71    11.79
2016.87432     5.12    12.85
2016.87705     3.97    12.49
2016.87978     7.35    14.00
2016.88251     6.53    12.15
2016.88525    10.68    14.57
2016.88798     7.76    13.43
2016.89071     9.25    12.59
2016.89344     2.99    12.13
2016.89617     3.09    13.36
2016.89891    10.22    12.37
2016.90164    -3.58    12.12
2016.90437    -1.30    14.23
2016.90710    10.87    16.38
2016.90984     5.50    15.00
2016.91257     3.81    13.13
2016.91530     3.48    14.03
2016.91803     8.20    13.69
2016.92077     0.03    12.51
2016.92350     4.67    11.65
2016.92623     2.13    13.07
2016.92896    -0.55    12.72
2016.93169     6.92    11.90
2016.93443     6.77    12.05
2016.93716     6.17    13.20
2016.93989     7.47    13.72
2016.94262     2.50    13.02
2016.94536    -3.63    12.51
2016.94809     1.53    12.62
2016.95082    -1.43    12.60
2016.95355    -2.32    11.87
2016.95628     1.14    10.20
2016.95902     1.57    10.82
2016.96175    -1.62    11.51
2016.96448     3.65    11.88
2016.96721     6.92    12.65
2016.96995     7.80    12.76
2016.97268    10.95    12.46
2016.97541     1.83    11.91
2016.97814     4.48    11.46
2016.98087     6.96    10.66
2016.98361    10.23    10.83
2016.98634     5.16    12.96
2016.98907    -4.40    13.22
2016.99180    -3.39    11.86
2016.99454     3.17    11.31
2016.99727     0.21    11.80
2017.00000     5.07    11.65
2017.00274     9.38    11.40
2017.00548     4.11    11.52
2017.00822     7.64    10.82
2017.01096     8.67    10.53
2017.01370     6.36    11.03
2017.01644     7.59    11.34
2017.01918     9.76    12.02
2017.02192     6.14    11.71
2017.02466    -4.32    11.80
2017.02740     4.59    12.00
2017.03014     3.83    12.01
2017.03288    12.15    11.99
2017.03562     9.16    11.17
2017.03836     2.06    10.18
2017.04110     3.68    10.43
2017.04384     6.05    10.87
2017.04658     1.26    11.29
2017.04932    14.45    11.58
2017.05205     7.03    11.67
2017.05479     2.32    10.75
2017.05753     2.07    11.60
2017.06027     3.29    11.13
2017.06301     3.55    10.51
2017.06575     5.66    10.76
2017.06849    -1.71    11.27
2017.07123    13.95    11.30
2017.07397    10.60    11.74
2017.07671    11.71    11.62
2017.07945    14.02    11.85
2017.08219    10.53    13.24
2017.08493    -5.11    12.56
2017.08767     2.09    11.70
2017.09041     0.06    10.37
2017.09315    -0.75    13.33
2017.09589    10.38    13.58
2017.09863     5.31    12.83
2017.10137     2.69    11.85
2017.10411    -0.87    11.83
2017.10685     6.35    11.77
2017.10959     6.98     9.83
2017.11233     2.23    10.08
2017.11507    -2.93     9.74
2017.11781    -4.55     9.71
2017.12055     1.02    10.78
2017.12329     0.09    11.27
2017.12603     0.16    10.83
2017.12877     8.72    10.57
2017.13151     1.97    11.39
2017.13425     6.82    12.85
2017.13699     5.69    13.04
2017.13973    14.57    12.86
2017.14247    12.03    13.17
2017.14521     8.08    13.49
2017.14795     7.93    12.46
2017.15068     3.03    10.88
2017.15616     1.67    10.73
2017.15890     8.06    10.71
2017.16164     7.73    10.96
2017.16438     0.13    11.51
2017.16712     3.00    11.01
2017.16986     0.19    10.27
2017.17260    -0.07    10.80
2017.17534    11.45    12.20
2017.17808     1.88    11.28
2017.18082     1.41    10.17
2017.18356     1.30    10.97
2017.18630     2.79    10.82
2017.18904     0.76    12.58
2017.19178    -4.52    10.93
2017.19452     4.51    10.90
2017.19726     8.33    12.21
2017.20000     6.57    10.88
2017.20274    -2.21    11.17
2017.20548     7.73    11.50
2017.20822     5.47    10.68
2017.21096     1.19    12.13
2017.21370     5.63    12.51
2017.21644     2.54    12.08
2017.21918    10.35    13.72
2017.22192     1.59    16.20
2017.22466     6.35    13.69
2017.22740    11.00    13.19
2017.23014     7.28    13.09
2017.23288    -0.26    12.59
2017.23562     7.52    13.64
2017.23836     0.82    13.93
2017.24110    -3.66    12.78
2017.24384     5.92    13.38
2017.24658    11.13    20.66
2017.24932   -11.16    13.24
2017.25205     1.63    17.83
2017.25479    -1.54    12.94
2017.25753     1.90    12.81
2017.26027    10.67    12.89
2017.26301    14.65    13.73
2017.26575     2.08    14.00
2017.26849    15.63    15.66
2017.27123     9.59    15.28
2017.27397    10.24    13.85
2017.27671    -0.76    19.46
2017.27945     5.60    18.51
2017.28219     0.38    13.28
2017.28493     1.95    12.91
2017.28767    -0.53    13.75
2017.29041     4.40    13.75
2017.29315    10.98    13.91
2017.29589    11.37    14.76
2017.29863    -1.88    19.56
2017.30137     7.61    16.29
2017.30411    11.57    17.55
2017.30685    13.43    14.00
2017.30959     5.47    11.73
2017.31233    -1.41    11.65
2017.31507     3.86    12.76
2017.31781     1.99    13.20
2017.32055    -7.92    12.96
2017.32329    -3.04    12.00
2017.32603     2.53    13.24
2017.32877     7.41    12.32
2017.33151     9.73    11.92
2017.33425     0.88    13.03
2017.33699     2.13    13.15
2017.33973    13.85    13.31
2017.34247    14.25    15.14
2017.34521    17.19    15.94
2017.34795    10.19    13.00
2017.35068     4.79    14.13
2017.35342    15.21    14.89
2017.35616    13.29    16.32
2017.35890     3.29    14.30
2017.36164     3.06    14.47
2017.36438    18.16    14.47
2017.36712    17.77    13.95
2017.36986    10.26    13.54
2017.37260     2.15    12.85
2017.37534     3.75    12.95
2017.37808     3.62    15.64
2017.38082    12.48    13.21
2017.38356     7.82    12.83
2017.38630    21.27    13.91
2017.38904    17.84    12.48
2017.39178    17.57    14.01
2017.39452    -0.50    18.51
2017.39726    12.42    17.21
2017.40000    13.96    12.78
2017.40274    -1.55    11.76
2017.40548     3.35    13.19
2017.40822     6.54    14.39
2017.41096    -0.29    18.25
2017.41370     9.32    15.09
2017.41918     4.01    21.13
2017.42192    11.02    20.15
2017.42466     1.32    17.69
2017.42740     8.89    14.47
2017.43014    20.70    15.24
2017.43288    13.68    17.44
2017.43562     5.84    19.92
2017.44110     6.97    15.58
2017.44384    12.80    14.52
2017.44658     2.58    19.02
2017.44932     5.90    18.27
2017.45205    11.68    20.70
2017.45479     5.45    18.13
2017.46301     7.62    17.97
2017.46575     2.45    16.34
2017.46849    11.36    17.19
2017.47123    17.57    15.09
2017.47397     1.66    14.51
2017.47671     8.18    16.79
2017.47945     7.28    18.05
2017.48219    10.61    14.78
2017.48493    19.99    13.89
2017.48767    10.88    14.96
2017.49041     1.24    17.80
2017.49315    -0.30    18.03
2017.49589     8.94    15.98
2017.49863     5.20    15.78
2017.50411     0.21    20.09
2017.50685     5.05    16.36
2017.50959    22.12    16.90
2017.51233    -1.16    17.15
2017.51507    12.52    15.66
2017.51781     2.40    17.01
2017.52055    10.39    15.84
2017.52603    -7.50    18.61
2017.52877     0.88    20.83
2017.53151     6.64    18.57
2017.53425     3.63    16.59
2017.53699   -11.49    19.13
2017.53973     0.80    18.09
2017.54247     5.94    13.29
2017.54521     8.52    16.12
2017.54795    11.45    15.03
2017.55068     7.57    15.05
2017.55616     1.18    14.19
2017.55890     2.89    15.05
2017.56164    -2.96    19.37
2017.56438     0.38    18.33
2017.56712    -1.19    19.61
2017.56986    12.62    16.35
2017.57260     3.37    17.48
2017.57534    15.43    20.98
2017.58630   -10.45    15.46
2017.59178     2.44    17.80
2017.59452    -1.23    16.22
2017.59726    -0.11    16.35
2017.60000    -5.17    17.89
2017.60274   -10.59    17.09
2017.60548     3.80    17.13
2017.61096     7.75    16.24
2017.61370     3.66    15.70
2017.61644    -3.25    14.25
2017.61918     2.45    14.76
2017.62466     3.98    16.83
2017.62740    10.10    16.07
2017.63014     3.80    19.14
2017.63562    -5.24    19.40
2017.63836     6.70    20.48
2017.64110    17.89    19.87
2017.64384     2.17    14.40
2017.64658     4.32    14.56
2017.64932     9.25    16.68
2017.65205    -2.22    16.42
2017.65479    -7.36    16.27
2017.65753    -2.30    17.00
2017.66027    18.90    18.93
2017.66301     1.45    18.58
2017.66575    -3.22    15.47
2017.67123    -2.29    16.04
2017.67397     1.08    16.91
2017.67671    21.80    20.57
2017.67945    -2.13    16.80
2017.68219     4.47    14.77
2017.68493     4.94    14.49
2017.68767     7.05    14.57
2017.69041    -1.43    15.05
2017.69315    -5.76    15.83
2017.69589    -5.24    16.07
2017.69863     2.89    15.97
2017.70137     3.43    17.44
2017.70411     7.92    15.74
2017.70685    -5.20    14.36
2017.70959     3.25    16.09
2017.71233     2.54    15.56
2017.71507     2.81    15.67
2017.71781    -9.15    18.12
2017.72055     2.61    14.65
2017.72329    -3.54    13.66
2017.72603    -8.88    17.15
2017.72877    -8.20    15.01
2017.73151     7.35    16.27
2017.73425     1.62    17.58
2017.73699    -2.70    14.75
2017.73973     8.31    14.80
2017.74247     6.22    17.29
2017.74795    -2.44    15.60
2017.75068    -5.41    16.26
2017.75342     5.10    15.76
2017.75616    14.93    19.20
2017.76164    -5.94    16.03
2017.76438    12.88    18.96
2017.76712    -0.42    18.43
2017.77260     0.95    21.07
2017.77808     2.70    19.28
2017.78082     5.07    18.82
2017.78356     7.52    15.72
2017.78630    10.73    18.45
2017.78904     4.55    20.21
2017.79178    -7.42    20.54
2017.79452     7.63    17.59
2017.79726   -10.09    15.91
2017.80000    -8.11    14.55
2017.80274    -8.34    12.53
2017.80548    -3.56    11.98
2017.80822    -6.81    12.44
2017.81096    -0.97    13.37
2017.81370    -5.90    13.65
2017.81644    -3.98    13.71
2017.81918    -6.93    13.29
2017.82192    -8.04    12.90
2017.82466   -10.55    13.08
2017.82740   -14.62    13.47
2017.83014    -9.43    12.93
2017.83288    -4.76    12.55
2017.83562     3.07    13.73
2017.83836     6.33    14.03
2017.84110    -4.10    14.25
2017.84384    -4.08    13.20
2017.84658     1.31    11.79
2017.84932     3.71    13.07
2017.85205    -6.81    14.28
2017.85479     6.52    12.65
2017.85753     0.96    12.80
2017.86301    -3.31    14.18
2017.86575     1.87    11.53
2017.86849     3.89    11.60
2017.87123     8.84    13.07
2017.87397     8.07    12.29
2017.87671     4.43    12.79
2017.87945    -5.61    12.82
2017.88219     3.58    13.28
2017.88493     4.14    11.09
2017.88767     0.71    11.42
2017.89041     6.09    12.21
2017.89315    12.59    12.09
2017.89589    -4.00    12.51
2017.89863    -2.59    11.25
2017.90137     5.66    11.49
2017.90411     4.56    11.83
2017.90685     2.72    11.82
2017.90959     2.00    11.96
2017.91233     6.93    12.34
2017.91507    -0.83    12.78
2017.91781    -2.72    13.77
2017.92055    -6.97    13.59
2017.92329     1.57    12.72
2017.92603     0.68    12.18
2017.92877     0.20    11.19
2017.93151    -0.44    12.09
2017.93425     2.90    12.30
2017.93699    -3.17    10.49
2017.93973    -8.17    11.61
2017.94247     3.44    11.66
2017.94521     4.78    11.99
2017.94795    -4.28    11.54
2017.95068     1.37    10.74
2017.95342    -3.31    11.72
2017.95616     3.12    12.04
2017.95890   -14.18    12.65
2017.96164   -16.35    12.60
2017.96438    -2.96    12.70
2017.96712    -8.06    14.54
2017.96986    -4.93    15.74
2017.97260    -0.35    11.23
2017.97534     0.40    10.62
2017.97808     4.60    11.48
2017.98082     1.35    12.38
2017.98356    -2.74    10.59
2017.98630    -1.45    11.17
2017.98904     3.36    11.58
2017.99178     0.36    12.71
2017.99452    17.45    16.05
2018.00548    -4.14    12.34
2018.00822     1.83    11.86
2018.01096    -4.53    12.85
2018.01370     1.84    12.10
2018.01644     3.96    11.58
2018.01918    -2.09    11.52
2018.02192     0.27    13.25
2018.02466     5.07    12.62
2018.02740    -1.47    11.69
2018.03014   -10.74    11.50
2018.03288    -9.86    11.23
2018.03562    -6.60    10.83
2018.03836     2.45    12.13
2018.04110     8.60    11.83
2018.04384     3.73    12.34
2018.04658     3.81    13.16
2018.04932     7.76    12.45
2018.05205     5.04    12.81
2018.05479    -1.09    11.90
2018.05753     1.35    13.77
2018.06027     3.10    13.53
2018.06301     4.08    12.34
2018.06575     1.96    12.35
2018.06849    -7.15    12.77
2018.07123    -0.62    12.71
2018.07397    -4.25    12.92
2018.07671    -5.42    14.71
2018.07945    -6.08    11.57
2018.08219    -9.91    11.03
2018.08493   -12.57    12.01
2018.08767    -7.69    11.14
2018.09041    -5.54    11.53
2018.09315    -6.56    10.50
2018.09589    -6.78    10.48
2018.09863    -2.50    11.18
2018.10137    -4.98    11.89
2018.10411     1.01    11.82
2018.10685     0.47    11.40
2018.10959     0.26    11.77
2018.11233     4.00    12.59
2018.11507    -5.72    11.20
2018.11781    -8.52    10.98
2018.12055    -0.48    11.62
2018.12329    -7.40    12.10
2018.12603    -7.06    13.67
2018.12877    -2.07    15.34
2018.13151    -7.73    12.13
2018.13425    -2.69    12.75
2018.13699    -1.98    12.62
2018.13973    -5.52    13.84
2018.14247    -1.42    12.90
2018.14521    -6.44    12.99
2018.14795    -6.53    12.41
2018.15068    -6.83    12.65
2018.15342     0.10    12.65
2018.15616    -8.69    11.63
2018.15890    -1.17    13.71
2018.16164   -12.85    15.39
