2012.00000     -1.38      8.76
2012.00273     -2.19      8.78
2012.00546      0.39      8.48
2012.00820     -2.19      8.59
2012.01093      2.31      8.91
2012.01366     -3.01      8.76
2012.01639     -2.22      8.67
2012.01913     -4.36      8.21
2012.02186     -6.08      8.60
2012.02459     -5.78      9.28
2012.02732     -4.50      9.34
2012.03005     -4.95      9.82
2012.03279     -2.42      8.61
2012.03552      0.00      8.47
2012.03825      0.98      8.76
2012.04098      2.09      8.97
2012.04372      0.91     10.44
2012.04645      0.75      9.61
2012.04918      1.83      8.89
2012.05191     -2.56      9.52
2012.05464      5.37     13.04
2012.08197      0.71      9.74
2012.08470      3.85      8.14
2012.08743      2.56      8.72
2012.09016     -0.08      8.74
2012.09290      5.52      8.35
2012.09563      8.91      8.82
2012.09836      8.59      9.93
2012.10109      5.99     12.70
2012.10383      6.65     10.56
2012.10656      9.92      8.37
2012.10929      5.61      8.13
2012.11202      9.25      8.37
2012.11475      2.35      8.63
2012.11749      4.12      8.89
2012.12022     15.59     10.25
2012.12295      8.23      9.54
2012.12568     10.35     13.80
2012.12842     -0.47     10.02
2012.13115      7.84      8.30
2012.13388      8.05      9.84
2012.13661      9.74     10.25
2012.13934     12.58      9.95
2012.14208      9.65     11.49
2012.14481      6.69     11.41
2012.14754     16.73     21.23
2012.16393      3.19      9.90
2012.16667      8.42     12.52
2012.16940      5.24     10.50
2012.17213      4.70      9.96
2012.17486      2.67     10.83
2012.17760      0.97     11.36
2012.18033      1.29     11.74
2012.18306      5.70     10.20
2012.18579      4.09     10.87
2012.18852      3.62     10.38
2012.19126     10.27      9.65
2012.19399      0.57     10.05
2012.19672      4.66     11.13
2012.19945     -0.52      9.52
2012.20219     -4.56      9.02
2012.20492     -4.24      9.32
2012.20765      3.64     12.23
2012.21038    -10.39     11.17
2012.21311     -6.19     10.84
2012.21585     -6.86      9.81
2012.21858     -0.65     10.70
2012.22131     -5.46      9.86
2012.22404      7.30      9.79
2012.22678     -4.84     13.09
2012.22951     -3.20     10.33
2012.23224      4.21     10.88
2012.23497     -3.06     12.13
2012.23770     -4.22     10.13
2012.24044     -4.13     12.76
2012.24317      7.85     10.91
2012.24590      2.04      9.70
2012.24863     -9.92     10.03
2012.25137     -1.88     10.07
2012.25410      7.56     10.93
2012.25683     -0.17     10.53
2012.25956     11.62     10.03
2012.26230     -1.18      9.97
2012.26503      4.85     11.22
2012.26776     -2.66     10.49
2012.27049     -0.65      9.83
2012.27322     -3.33     10.62
2012.27596      3.58     10.21
2012.27869      0.64     10.81
2012.28142      2.36     12.31
2012.28415      4.70     12.65
2012.28689      3.16      9.94
2012.28962      4.08     10.53
2012.29235      4.83     12.13
2012.29508     -2.52     11.87
2012.29781     -3.97     10.79
2012.30055      1.10     10.88
2012.30328     -7.14     13.68
2012.30601      2.33     12.49
2012.30874      8.57      9.95
2012.31148     -2.98     13.35
2012.31421      6.94     11.53
2012.31967      6.66     14.14
2012.32240     -4.95     13.53
2012.32514      4.44     10.46
2012.32787    -11.60     15.26
2012.33060     11.12     13.15
2012.33333     -3.26     16.24
2012.33607    -13.69     18.42
2012.33880     -4.25     14.32
2012.34153     -5.43     12.12
2012.34426     -1.16     10.57
2012.34699      0.44      9.17
2012.34973      4.50     11.16
2012.35246      3.36     10.35
2012.35519     -7.38     11.84
2012.35792     -8.11     16.43
2012.36066     -1.78     10.50
2012.36339     -0.97     10.30
2012.36612      0.95     11.01
2012.36885      2.22     10.86
2012.37158      0.37     12.19
2012.37432     -1.19     10.99
2012.37705      2.16     13.01
2012.37978      4.90     10.20
2012.38251      2.58     15.79
2012.38525     11.04     12.46
2012.38798    -12.16     10.95
2012.39071     -0.91     10.30
2012.39344     -7.66     11.51
2012.39617      1.75     10.90
2012.39891     -0.42     10.84
2012.40164     -5.92     12.78
2012.40437      7.27     15.96
2012.40710      4.15     13.90
2012.40984      7.16     13.79
2012.41257      1.91     13.64
2012.41530     -6.26     10.91
2012.41803     -3.43     10.47
2012.42077     -3.58      9.95
2012.42350      3.24     12.55
2012.42623     -1.44     10.86
2012.42896     -4.01      9.86
2012.43169     -5.17     11.54
2012.43443     -4.55     12.26
2012.43716      0.39     15.73
2012.43989     13.29     19.39
2012.44809      0.50     17.24
2012.45082     -8.75     17.60
2012.45355     -2.19     15.07
2012.45628      2.25     13.31
2012.45902     -0.51     14.11
2012.46175      6.19     16.73
2012.46448     -2.87     14.14
2012.46995      9.38     18.12
2012.47268     -1.45     13.12
2012.47541      5.65     15.92
2012.48087     -2.07     11.69
2012.48361     -3.00     12.95
2012.48634     -7.09     10.68
2012.48907      8.48     15.42
2012.49180     -9.86     15.16
2012.49454     -3.75     12.66
2012.49727     -0.28     12.91
2012.50000      0.82     13.33
2012.50273      1.81     12.63
2012.50546      2.13     11.71
2012.50820     -0.28     13.00
2012.51093      1.87     13.52
2012.51366     -3.90     12.73
2012.51639     -5.57     12.05
2012.51913      8.42     15.13
2012.52186      2.41     13.44
2012.52459     -2.57     11.14
2012.52732     -1.38     11.43
2012.53005      1.11     12.13
2012.53279     -3.25     12.25
2012.53552     21.45     16.60
2012.53825     -3.04     14.79
2012.54098      5.30     13.18
2012.54372    -13.50     15.17
2012.54645      1.77     10.96
2012.54918      5.99     17.04
2012.55191     -4.46     12.71
2012.55464     -4.83     14.02
2012.55738      6.79     13.12
2012.56011      3.02     11.57
2012.56284      1.56     12.99
2012.56557      2.90     13.78
2012.56831      3.39     14.22
2012.57104     -3.37     13.82
2012.57377      5.15     11.32
2012.57650     -3.92     15.70
2012.57923      0.71     11.91
2012.58197      3.70     13.59
2012.58470     -4.99     14.23
2012.58743      2.05     13.42
2012.59563    -11.51     19.04
2012.59836    -14.29     14.17
2012.60109      7.73     19.76
2012.60383      5.57     18.04
2012.60656      4.67     15.62
2012.60929     10.01     17.38
2012.61202     -7.34     13.59
2012.61475      1.60     11.17
2012.61749      0.42     11.34
2012.62022     -1.32     13.42
2012.62295     -0.92     13.65
2012.62568     -4.99     12.96
2012.62842     10.92     13.41
2012.63115      2.89     14.09
2012.63388     -1.41     19.22
2012.63661     -4.22     15.61
2012.63934     -3.31     17.31
2012.64208     -1.92     13.09
2012.64481      7.38     16.22
2012.64754      9.22     17.93
2012.65027    -11.11     15.02
2012.65301     -4.40     14.07
2012.65574     -7.60     14.96
2012.65847      0.33     16.40
2012.66120      7.30     15.59
2012.66393    -13.05     16.59
2012.66667     -9.40     15.03
2012.66940     -4.77     15.60
2012.67213     -4.22     15.87
2012.67486     -8.24     15.28
2012.67760    -12.82     12.79
2012.68033     -4.42     12.27
2012.68306     -7.79     12.01
2012.68579    -11.41     12.97
2012.69399    -10.07     14.68
2012.69672    -13.97     13.49
2012.69945    -12.06     13.62
2012.70492     -4.61     16.53
2012.70765     -5.43     12.10
2012.71038    -13.21     12.67
2012.71311     -2.71     12.54
2012.71585     -8.05     11.87
2012.71858     -2.70     10.97
2012.72131    -10.63     10.60
2012.72404     -5.76     11.24
2012.72678     -3.57     10.18
2012.73224     -5.46     13.14
2012.73497      9.82     14.56
2012.73770    -13.50     16.33
2012.74044     -6.85     12.96
2012.74317     -9.56     11.68
2012.74590    -11.07     10.51
2012.74863     -6.87     10.65
2012.75137     -4.84     11.11
2012.75410     -5.25     11.68
2012.75683    -17.23     19.61
2012.75956     -3.29     11.17
2012.76230     -5.46     10.57
2012.76503     -3.49     11.06
2012.76776      1.20     10.42
2012.77049      0.38     10.11
2012.77322     -3.47     10.17
2012.77596      1.73     10.24
2012.77869      0.81     10.94
2012.78142     -1.87     11.03
2012.78415     -2.38     10.08
2012.78689     -5.34      9.99
2012.78962     -1.68     10.00
2012.79235     -0.06      9.99
2012.79508     -3.61     10.76
2012.79781     -2.45     10.62
2012.80055     -6.11     11.01
2012.80328     -3.46      9.80
2012.80601     -1.36     10.26
2012.80874     -3.58      9.68
2012.81148      0.07     10.62
2012.81421     -1.78      9.90
2012.81694      9.74     11.74
2012.81967      8.04     12.23
2012.82240      4.05     13.00
2012.82514     -5.37     10.61
2012.82787     -9.44     11.71
2012.83060     -6.05     11.77
2012.83333      3.41     10.87
2012.83607     -1.38     15.73
2012.83880     -0.88     15.60
2012.84153      1.47     16.36
2012.84426      2.57     15.87
2012.84699      3.83     13.82
2012.84973     -2.56     15.07
2012.85246     -1.99     13.79
2012.85519      3.43     13.44
2012.85792     -1.33     12.84
2012.86066      0.60     14.56
2012.86339     -4.44     14.46
2012.86612      5.96     12.92
2012.86885      6.25     13.56
2012.87158     -8.07     10.08
2012.87432      1.98     16.04
2012.87705      9.63     16.10
2012.87978      0.37     15.08
2012.88251      2.47     13.44
2012.88525      2.44     14.63
2012.88798      1.40     13.79
2012.89071      0.69     17.03
2012.89344     -8.40     16.93
2012.89617     -4.95     15.95
2012.89891     -0.12      8.97
2012.90164      0.92      9.44
2012.90437     -2.67     11.56
2012.90710     -0.13      9.69
2012.90984     -1.35     10.14
2012.91257     -3.25     10.07
2012.91530     -3.81     10.60
2012.91803     -7.22     16.58
2012.92077     -7.94     17.07
2012.92350      0.51     15.69
2012.92623      7.43     14.88
2012.92896     -7.72     18.03
2012.93169     -3.71     14.96
2012.93443      1.38     14.31
2012.93716      6.60     14.88
2012.93989      2.62     13.44
2012.94262     -6.57     14.48
2012.94536     -5.40     11.91
2012.94809     -6.94     12.83
2012.95082      4.16     15.33
2012.95355      6.09      9.59
2012.95628      0.28      9.48
2012.95902      0.29      9.59
2012.96175      4.85      9.53
2012.96448     -1.71      9.22
2012.96721     -3.19      8.56
2012.96995     -1.48      8.69
2012.97268      0.38      8.81
2012.97541     -4.52      9.77
2012.97814     -2.55      9.19
2012.98087      1.31      8.85
2012.98361     -1.48      8.68
2012.98634     -2.43      9.24
2012.98907     -0.88      9.70
2012.99180     -7.57      9.54
2012.99454     -2.90     13.51
2012.99727     -6.70      9.69
2013.00000     -1.88     10.33
2013.00274     -3.17      9.33
2013.00548     -4.25     10.16
2013.00822     -6.07      8.89
2013.01096     -0.38      8.66
2013.01370     -0.40      8.83
2013.01644     -2.92      9.32
2013.01918      3.53      9.97
2013.02192      0.26      9.81
2013.02466     -1.72      9.49
2013.02740     -5.13      9.15
2013.03014     -4.14      9.65
2013.03288      7.42     12.95
2013.03562      3.07     12.19
2013.03836     -2.23      8.41
2013.04110      0.10      8.64
2013.04384     -0.45      9.59
2013.04658     -4.58      9.68
2013.04932     -1.50      8.29
2013.05205     -3.45      8.84
2013.05479      1.96      8.93
2013.05753     -1.92      8.51
2013.06027     -4.92      8.79
2013.06301     -1.74      8.98
2013.06575      0.83      9.53
2013.06849     -1.94      8.66
2013.07123     -2.25      8.42
2013.07397     -8.27      8.75
2013.07671     -1.95      8.38
2013.07945     -0.17      8.81
2013.08219      3.08      9.80
2013.08493      3.56     10.07
2013.08767      4.37     11.36
2013.09041     -2.28     10.07
2013.09315      0.47      9.66
2013.09589      1.06      9.54
2013.09863      5.13     10.95
2013.10137      7.00      9.65
2013.10411      1.90      8.87
2013.10685     -0.74      8.38
2013.10959      2.46     10.06
2013.11233      7.01     12.21
2013.11507      2.05      9.33
2013.11781     -0.83      9.09
2013.12055     -1.25      9.69
2013.12329      5.39      9.55
2013.12603     -2.40      9.94
2013.12877     -0.28      8.76
2013.13151      0.66      8.81
2013.13425      5.81      9.61
2013.13699     -0.97      9.97
2013.13973     -0.71     10.08
2013.14247     -4.73      9.00
2013.14521     -6.14     12.55
2013.14795     -1.97     11.20
2013.15342     -0.89      8.89
2013.15616     -6.58      9.83
2013.15890     -4.79      9.39
2013.16164     -0.18      9.01
2013.16438      4.08     10.33
2013.16712      1.26      9.50
2013.16986     -2.18      8.63
2013.17260     -5.44      9.00
2013.17534     -6.61     11.76
2013.17808     -1.58     10.25
2013.18082    -12.52     10.83
2013.18356     -9.04      9.51
2013.18630     -7.19      9.81
2013.18904     -5.36     10.16
2013.19178     -9.04     10.29
2013.19452     -0.11     10.32
2013.19726     -3.22     11.39
2013.20000     -8.51      9.59
2013.20274     -5.39      9.05
2013.20548     -3.90      9.86
2013.20822      1.65     11.72
2013.21096     -3.56     10.37
2013.21370      5.09     11.26
2013.21644      8.63     11.70
2013.21918      6.45     11.43
2013.22192     -1.27     10.95
2013.22466      4.50     15.47
2013.22740     11.06     15.10
2013.23014     -2.78      9.59
2013.23288     -0.77     12.92
2013.23562     -0.84     10.10
2013.23836      4.57     11.91
2013.24110      1.25     10.77
2013.24384      1.71      9.96
2013.24658      1.71     10.53
2013.24932     -3.16     10.11
2013.25205      3.82     11.33
2013.25479      3.64     12.84
2013.25753      9.26     14.15
2013.26027      4.75     17.41
2013.26301      2.28     11.57
2013.26575     -3.52      9.82
2013.26849     -1.70     10.92
2013.27123      4.66     12.27
2013.27397     -3.71     10.99
2013.27671     -0.21      9.66
2013.27945     -3.58     10.09
2013.28219      2.25      9.99
2013.28493     -0.93      9.84
2013.28767     -1.52     10.53
2013.29041      6.06     11.85
2013.29315      1.99     12.16
2013.29589      2.13     12.56
2013.29863      2.68     11.36
2013.30137     -6.06     12.95
2013.30411     -2.63      9.95
2013.30685     -3.12      9.64
2013.31233     -2.33     10.53
2013.31507     -8.06     12.24
2013.31781     -2.99     11.42
2013.32055    -14.04     11.92
2013.32329      0.14     10.27
2013.32603      2.29     10.02
2013.32877     -1.86     13.11
2013.33151     -2.83     10.56
2013.33425     -2.57     10.34
2013.33699     -3.59     10.15
2013.33973     -0.63     10.47
2013.34247     -0.58     10.90
2013.34521     -5.10     10.38
2013.34795     -0.49     10.13
2013.35068     -3.84      9.91
2013.35342      5.57     11.28
2013.35616     -1.17     13.34
2013.35890     -2.21     12.29
2013.36164      0.65     12.59
2013.36438     -3.30     13.23
2013.36712     -1.82     14.21
2013.36986     -1.81     12.37
2013.37260    -20.66     20.38
2013.37534    -11.09     15.98
2013.37808    -13.01     18.38
2013.38082    -12.82     17.53
2013.38630     -4.63     11.83
2013.38904     -2.39     13.40
2013.39178      4.08     14.23
2013.39452     -7.64     14.87
2013.39726     10.40     18.84
2013.40000     -9.86     12.23
2013.40274     -9.05     12.92
2013.40548     -3.13     12.37
2013.40822     -5.19     12.14
2013.41096    -12.81     15.03
2013.41644     -3.21     13.46
2013.41918     -7.84     12.40
2013.42192     -4.55     13.80
2013.42466      5.65     13.40
2013.42740     -3.72     11.89
2013.43014     -0.59     13.11
2013.43562     -9.27     14.98
2013.43836     -8.91     15.30
2013.44110    -15.40     13.99
2013.44384      0.23     18.15
2013.44932     -6.35     14.49
2013.45205    -13.59     12.94
2013.45479     -4.18     13.20
2013.45753    -20.51     16.97
2013.46301     -3.19     14.31
2013.46575     -8.50     14.52
2013.47397    -14.31     13.33
2013.47671    -12.67     15.65
2013.47945     -1.36     16.31
2013.48219    -13.96     13.71
2013.48493    -14.35     12.48
2013.48767    -13.32     11.27
2013.49041     -2.61     11.66
2013.49315    -10.39     19.12
2013.49589     -2.77     12.83
2013.49863     -6.71     16.56
2013.50137     -4.11     14.62
2013.50411      2.04     15.35
2013.50685      3.35     20.22
2013.50959     -4.73     16.08
2013.51233     -3.70     16.04
2013.51507     -4.25     14.97
2013.51781      3.65     14.48
2013.52055      6.55     12.81
2013.52329      6.91     14.43
2013.52603     -7.52     13.37
2013.52877     -9.34     19.47
2013.53425     -4.55     13.79
2013.53699     -4.03     13.27
2013.53973    -14.23     14.18
2013.54247     -8.41     14.24
2013.54521     -1.60     12.32
2013.54795    -12.80     13.65
2013.55342     -4.76     20.94
2013.55616     -9.88     15.79
2013.55890     -1.61     14.56
2013.56164     12.24     17.16
2013.56438      1.92     19.92
2013.56712      9.40     16.56
2013.56986     -1.23     15.44
2013.57260      9.90     17.33
2013.57534     14.41     14.89
2013.57808      5.38     13.22
2013.58082     12.18     15.66
2013.58356     10.17     12.48
2013.58904      3.11     14.91
2013.59178     12.28     13.66
2013.59452     -6.89     12.90
2013.59726      5.54     12.58
2013.60000      2.21     17.43
2013.60274      1.32     11.79
2013.60548     13.80     15.88
2013.60822     -8.68     19.80
2013.61096     -0.68     14.42
2013.61370      7.07     13.56
2013.61644      9.85     13.78
2013.61918     15.29     12.66
2013.62192      9.24     13.60
2013.62740      8.34     15.79
2013.63014     -3.72     14.61
2013.63288      9.12     18.01
2013.63562     11.69     14.20
2013.63836     13.50     17.78
2013.64384     13.97     14.97
2013.64658     -9.58     18.69
2013.65479     11.77     15.68
2013.65753     20.52     17.59
2013.66575      6.27     16.15
2013.66849      5.09     17.17
2013.67123      5.23     12.44
2013.67671    -15.07     13.72
2013.68219     -3.13     11.96
2013.68493     -2.78     12.00
2013.68767      1.36     12.94
2013.69315      3.88     15.03
2013.69589     -9.35     14.48
2013.69863      4.05     13.59
2013.70137     -1.19     13.62
2013.70411     -0.35     14.66
2013.70685     -1.29     17.50
2013.71233      2.94     14.69
2013.71507     -2.86     15.95
2013.71781    -11.31     16.97
2013.72055     -4.26     15.85
2013.72329     15.58     19.52
2013.72603     -3.08     15.32
2013.72877      3.30     16.37
2013.73151     -6.56     13.90
2013.73425     -2.84     14.72
2013.73699     -1.72     13.08
2013.73973     -2.96     12.38
2013.74247      9.79     11.77
2013.74521      6.28     13.49
2013.74795    -11.83     14.63
2013.75342     -3.06     13.78
2013.75616     -6.32     12.17
2013.75890     -3.82     12.19
2013.76164      3.83     13.21
2013.76438      6.77     15.66
2013.76712      1.56     12.13
2013.76986     -9.07     11.74
2013.77260     10.57     14.45
2013.77534     -5.14     19.36
2013.77808      0.30     13.69
2013.78356      3.27     13.97
2013.78630      3.66     14.07
2013.78904      1.62     12.61
2013.79178      7.71     10.44
2013.79452      2.43     10.77
2013.79726      6.83     11.12
2013.80000     -7.82     11.24
2013.80274      6.02     10.64
2013.80548     -2.89     10.50
2013.80822      1.85     11.01
2013.81096     -0.36     10.34
2013.81370     -4.57     10.10
2013.81644     -8.28     11.39
2013.81918     -0.93     10.82
2013.82192     -5.30     11.64
2013.82466     -6.69     10.81
2013.82740     -1.74     10.90
2013.83014     -3.10     11.48
2013.83288    -13.24     14.77
2013.83562      5.67     13.92
2013.83836      2.74     11.86
2013.84110     -3.57     11.87
2013.84384     -5.43     11.38
2013.84658     -4.56     11.53
2013.84932      0.31      9.96
2013.85205      1.98     10.80
2013.85479     -4.94     12.19
2013.85753      0.01     12.36
2013.86027     -2.49     11.81
2013.86301     -4.92     11.40
2013.86575      2.88     11.22
2013.86849      7.27     10.66
2013.87123     -0.79     10.88
2013.87397      4.63     10.34
2013.87671      7.74     11.12
2013.87945      1.13     10.76
2013.88219     -2.99      9.87
2013.88493     -2.07     10.35
2013.88767     -3.66     10.65
2013.89041     -2.01      9.91
2013.89315      0.17     10.31
2013.89589     -0.01     10.77
2013.89863     -2.46     13.65
2013.90137      3.79     10.27
2013.90411     -0.28     10.31
2013.90685      6.61     10.44
2013.90959      1.54      9.71
2013.91233      3.94      9.18
2013.91507      1.19      9.85
2013.91781      3.65     10.01
2013.92055      5.13      9.61
2013.92329      3.58      9.21
2013.92603      2.00     10.03
2013.92877      5.98      9.23
2013.93151     -2.08      9.67
2013.93425      5.72      9.43
2013.93699      7.18     11.02
2013.93973      3.06     10.97
2013.94247      4.91      9.81
2013.94521     -1.55     10.34
2013.94795      2.31      9.59
2013.95068     -0.23     10.78
2013.95342      4.13     10.56
2013.95616     -3.37     10.79
2013.95890      9.95     12.30
2013.96164     10.55     11.22
2013.96438     -1.32     10.76
2013.96712      0.35     11.12
2013.96986     -4.41     10.02
2013.97260      8.79      9.20
2013.97534     -2.44      9.89
2013.97808     -0.67      9.91
2013.98082      6.94     11.24
2013.98356      4.48      9.81
2013.98630      1.65      9.56
2013.98904     -3.10      8.96
2013.99178     -2.16      9.01
2013.99452     -1.85      9.16
2013.99726     -0.71      9.04
2014.00000      0.39      9.16
2014.00274      3.70     12.27
2014.00548      0.49     10.34
2014.00822     -0.02     10.54
2014.01096      5.22      9.88
2014.01370      4.48      9.57
2014.01644     -0.20      8.89
2014.01918      9.49      9.62
2014.02192      2.62      9.68
2014.02466      8.66      9.30
2014.02740      6.94      9.45
2014.03014      9.89      8.82
2014.03288     11.40      9.55
2014.03562      4.38     10.50
2014.03836      3.12      9.46
2014.04110      1.83      9.17
2014.04384      7.61      9.22
2014.04658      6.76      9.28
2014.04932      4.87      8.90
2014.05205      2.49      9.22
2014.05479     17.01     10.54
2014.05753     11.26      9.89
2014.06027      4.21      9.59
2014.06301      8.79      9.05
2014.06575      7.54      9.49
2014.06849      5.94      9.75
2014.07123      9.35      9.43
2014.07671      5.08     12.93
2014.07945      4.77     11.48
2014.08219      6.24     10.49
2014.08493      9.52     10.25
2014.08767     12.71     11.27
2014.09041     17.55     13.28
2014.09315      5.85     11.01
2014.09589      7.15     11.39
2014.09863     10.48     10.77
2014.10137     18.90     12.86
2014.10411     17.10     10.05
2014.10685     11.51     10.29
2014.10959     17.06     11.25
2014.11233     10.57     12.21
2014.11507      6.65      9.74
2014.11781      9.09      9.56
2014.12055      7.47     10.27
2014.12329      7.08      9.54
2014.12603      2.26      9.64
2014.12877      6.87      9.35
2014.13151      7.50     10.06
2014.13425      6.57     12.37
2014.13699      9.98     10.38
2014.13973      8.98      9.93
2014.14247     11.18     10.82
2014.14521     12.50     10.51
2014.14795     10.50     11.40
2014.15068     -0.23      9.94
2014.15342     16.80     10.80
2014.15616     10.62     10.84
2014.15890      4.53     12.33
2014.16164     11.36     12.83
2014.16438     10.62     14.19
2014.16712     13.90     10.71
2014.17260      7.60     10.57
2014.17534    -15.22     19.94
2014.17808      2.72     10.43
2014.18082     -1.08     11.18
2014.18356     -1.63     12.25
2014.18630      1.59     12.37
2014.18904      5.79     10.69
2014.19178     10.32     11.60
2014.19452     -1.53     13.82
2014.19726      0.11     12.79
2014.20000     -5.42     11.95
2014.20274     -4.00     12.20
2014.20548      2.25     10.86
2014.20822      5.81     10.71
2014.21096      8.85     10.35
2014.21370      8.77     12.04
2014.21644     -0.93     11.50
2014.21918      6.44      9.96
2014.22192      4.23      9.97
2014.22466      5.02      9.84
2014.22740      5.15     10.88
2014.23014      2.23     10.66
2014.23288      4.89     12.23
2014.23562     14.69     12.02
2014.23836     12.02     12.32
2014.24110      4.55     16.64
2014.24384     16.56     13.13
2014.24932      4.83     12.32
2014.25205     10.57     13.37
2014.25479     -6.93     18.24
2014.26027      5.66     11.74
2014.26301      2.80     11.28
2014.26575     -0.16     10.44
2014.26849     10.54     13.14
2014.27123      0.72     10.75
2014.27397     -5.00     15.22
2014.27671     -4.49     10.90
2014.27945      7.29     10.75
2014.28219      2.86     11.75
2014.28493      4.10     10.92
2014.28767      4.60     11.40
2014.29041     -2.51     10.88
2014.29315     -2.92     11.20
2014.29589     15.06     11.53
2014.30411     -1.59     10.55
2014.30685      6.29     11.44
2014.30959      2.27     11.30
2014.31233      3.87     11.45
2014.31507      4.50     11.11
2014.31781      5.26     12.26
2014.32055     -0.82     11.92
2014.32329      4.83     11.03
2014.32603     -2.94     11.07
2014.32877      1.39     12.52
2014.33151      5.46     15.43
2014.33425     12.82     10.68
2014.33699     10.08     11.67
2014.33973     14.61     11.57
2014.34247     -0.54     11.20
2014.34521      8.47     11.08
2014.34795      2.81     10.58
2014.35068      8.78     10.80
2014.35342     10.85     12.03
2014.35616      8.74     10.75
2014.35890     13.44     12.18
2014.36164     14.94     14.02
2014.36438      2.29     15.00
2014.36712      5.96     14.28
2014.37260      9.70     14.50
2014.37534      6.53     13.14
2014.37808      3.82     14.46
2014.38082     18.19     17.28
2014.38630      4.95     13.91
2014.40000    -10.33     16.95
2014.40274      5.60     14.43
2014.40548     -2.88     16.38
2014.40822      9.64     14.92
2014.41096      5.42     13.35
2014.41370     -4.36     12.25
2014.41644     -4.57     13.91
2014.41918      3.81     14.57
2014.42192     -3.03     16.01
2014.42466      0.17     15.45
2014.42740      1.83     15.47
2014.43014      4.82     13.20
2014.43288      2.78     13.63
2014.43562     -5.62     13.37
2014.43836     13.34     14.01
2014.44110      8.95     13.60
2014.44384     -5.52     13.09
2014.44658     13.89     14.82
2014.44932      8.17     12.23
2014.45205      0.88     12.33
2014.45479      8.22     12.71
2014.45753      7.07     14.56
2014.46027      2.88     13.46
2014.46301     18.28     19.12
2014.46575     10.40     13.01
2014.46849      3.30     14.06
2014.47123      4.11     13.39
2014.47397      2.96     14.32
2014.47671     11.90     16.98
2014.47945     -1.20     15.52
2014.48493      1.91     15.84
2014.48767      4.00     12.56
2014.49041     16.13     18.10
2014.49315     -7.72     14.52
2014.49589     -5.51     13.83
2014.49863     -2.99     17.03
2014.50137      3.76     13.04
2014.50411    -12.15     15.10
2014.50685     -1.14     14.14
2014.50959      6.43     15.61
2014.51233     12.35     15.49
2014.51507      6.31     16.33
2014.51781      7.14     16.80
2014.52055      3.69     19.60
2014.52329      3.31     14.22
2014.52603      4.27     13.26
2014.52877      6.58     12.89
2014.53151     -7.46     12.77
2014.53425     -5.55     14.62
2014.53699      0.48     16.64
2014.53973     17.89     14.66
2014.54247      7.07     19.82
2014.54521     15.59     16.87
2014.55068      7.53     15.11
2014.55342      2.40     16.79
2014.55616     12.93     18.62
2014.56438     -6.93     15.55
2014.56712    -10.44     17.74
2014.56986     -2.22     14.50
2014.57534     -2.72     15.27
2014.57808      5.86     16.25
2014.58082     11.87     19.53
2014.58356      1.72     20.41
2014.58904     -5.58     18.30
2014.59178     -7.89     13.60
2014.59726     16.82     17.10
2014.60274    -12.73     20.09
2014.60548      8.01     18.25
2014.60822     20.52     18.33
2014.61096      6.38     14.58
2014.61370     -5.78     17.52
2014.61644      5.76     16.51
2014.61918     13.24     14.01
2014.62192      1.86     14.13
2014.62466      5.56     16.09
2014.62740     10.59     15.38
2014.63014      5.41     14.80
2014.63288      2.09     18.44
2014.63562     -4.83     15.52
2014.63836      4.77     14.06
2014.64384      3.85     14.25
2014.64658     12.47     15.91
2014.64932      6.82     16.88
2014.65205      5.10     14.19
2014.65479     14.20     15.12
2014.65753      6.02     15.35
2014.66027     -4.87     14.10
2014.66301     -3.96     15.54
2014.66575      2.33     16.53
2014.66849      0.58     17.33
2014.67123      3.06     15.18
2014.67397     -4.20     15.80
2014.67671     19.00     17.73
2014.67945      5.63     14.31
2014.68219      2.19     15.24
2014.68493      4.48     15.19
2014.68767     -1.07     15.48
2014.69041    -16.73     18.73
2014.69315      9.78     17.96
2014.69589      5.01     14.21
2014.70137     -2.68     15.72
2014.70411      3.20     18.32
2014.70685     15.03     19.20
2014.70959     -1.16     14.18
2014.71233      7.04     13.85
2014.71507     -1.62     14.43
2014.71781      7.98     15.83
2014.72329     -2.68     14.56
2014.72603      3.69     17.11
2014.72877      4.09     13.36
2014.73151      1.03     13.79
2014.73425     15.59     19.86
2014.73699     -6.50     12.84
2014.73973     -8.43     12.79
2014.74247      4.56     12.64
2014.74521      1.46     13.27
2014.74795      9.74     19.97
2014.75068      5.97     16.73
2014.75342     -2.81     15.34
2014.75616     -1.15     14.03
2014.75890     -8.22     13.46
2014.76164     -7.19     11.95
2014.76438     -1.69     12.90
2014.76712     -3.59     12.24
2014.76986      1.07     12.80
2014.77260     -2.01     12.38
2014.77534     -4.79     13.33
2014.77808    -14.67     12.42
2014.78082     -2.44     12.46
2014.78356     -0.19     12.78
2014.78630      1.31     11.88
2014.78904     -1.12     12.30
2014.79178      2.83     11.67
2014.79452     -2.47     11.62
2014.79726      4.23     11.67
2014.80000     -3.85     12.42
2014.80274      6.95     12.52
2014.80548     -3.67     11.63
2014.80822     -6.05     11.81
2014.81096      8.08     11.85
2014.81370      1.33     11.32
2014.81644      3.17     11.96
2014.81918     -4.10     12.76
2014.82192      6.16     14.00
2014.82466      0.96     11.49
2014.82740      2.05     11.52
2014.83014      1.83     12.33
2014.83288     -4.24     11.97
2014.83562      4.46     13.98
2014.83836    -10.41     11.86
2014.84110     -4.15     10.80
2014.84384     -1.36     10.91
2014.84658      0.97     11.53
2014.84932      4.33     11.12
2014.85479      0.04     12.63
2014.85753     -1.39     11.06
2014.86027      2.04     11.49
2014.86301     -6.68     11.16
2014.86575     -8.43     11.01
2014.86849      0.50     10.27
2014.87123     -4.42     10.99
2014.87397     -3.83     10.57
2014.87671      1.68     12.13
2014.87945     -4.97     11.47
2014.88219      1.92     10.44
2014.88493     -5.03     10.40
2014.88767     -1.17     10.60
2014.89041     -4.30     11.52
2014.89315     -0.55     10.16
2014.89589     -1.85     10.93
2014.89863     -5.94     10.53
2014.90137     -6.08     11.61
2014.90411     -4.78     11.14
2014.90685      1.81     11.38
2014.90959      1.49     11.51
2014.91233      2.32     11.80
2014.91507      1.60     12.60
2014.91781     -2.78     11.50
2014.92055     -7.37     10.39
2014.92329     -1.06     10.92
2014.92603     -3.78     11.35
2014.92877    -10.68      9.94
2014.93151     -5.96     10.10
2014.93425     -1.93     10.82
2014.93699     -9.65     10.60
2014.93973     -2.76      9.91
2014.94247     -3.19     10.12
2014.94521     -5.24     10.15
2014.94795    -12.76      9.81
2014.95068     -5.12      9.46
2014.95342     -4.77      9.69
2014.95616    -11.54     10.00
2014.95890     -9.63      9.89
2014.96164     -0.62     10.34
2014.96438     -4.00     10.61
2014.96712     -0.52     10.89
2014.96986    -14.41     10.26
2014.97260    -10.62      9.67
2014.97534     -7.03      9.58
2014.97808     -1.62      9.64
2014.98082     -6.52     10.43
2014.98356     -2.23     10.87
2014.98630     -3.32      9.84
2014.98904     -6.74     10.00
2014.99178     -1.62      9.93
2014.99452     -0.53      9.45
2014.99726      0.24      9.41
2015.00000     -2.89     10.03
2015.00274     -9.31      9.64
2015.00548     -7.04      9.66
2015.00822     -1.99      9.85
2015.01096      0.54      9.72
2015.01370      1.12      9.86
2015.01644      0.96     10.32
2015.01918     -7.61      9.68
2015.02192     -5.35      9.91
2015.02466     -0.20      9.88
2015.02740     -7.31     10.12
2015.03288     -3.44     10.04
2015.03562      2.83     11.97
2015.03836    -12.83      9.91
2015.04110     -1.32      9.47
2015.04384     -1.49      9.80
2015.04658     -3.09      9.88
2015.04932     -1.67     10.42
2015.05205     -3.17     12.35
2015.05479     -1.85     11.04
2015.05753     -3.32     10.98
2015.06027     -1.91      9.88
2015.06301     -1.76     10.62
2015.06575      1.33     10.46
2015.06849      6.93     10.42
2015.07123      0.56     10.59
2015.07397     -4.44     10.00
2015.07671     -8.89      9.52
2015.07945      0.46     10.16
2015.08219      3.81      9.64
2015.08493      1.73      9.73
2015.08767      6.64      9.72
2015.09041      5.55      9.90
2015.09315      2.46     10.10
2015.09589      2.82     10.16
2015.09863      0.84      9.85
2015.10137      0.81      9.51
2015.10411      2.41     10.59
2015.10685     -4.94      9.50
2015.10959     -1.92      9.33
2015.11233      5.95     10.07
2015.11507      2.15     10.80
2015.11781     11.14     10.35
2015.12055     -0.93     11.41
2015.12329      5.95     11.66
2015.12603      5.22     14.64
2015.12877     12.74     12.21
2015.13151      9.14     10.83
2015.13425      7.66     10.55
2015.13699      8.34     11.25
2015.13973      8.68     10.65
2015.14247     -1.63     13.68
2015.14521      8.70     11.63
2015.14795      2.28     11.61
2015.15068     11.56     11.27
2015.15342      0.55     12.00
2015.15616     -2.02     12.22
2015.15890      3.08     11.29
2015.16164      4.90     11.48
2015.16438     -3.69     10.51
2015.16712      0.65     10.70
2015.16986     -1.36     11.88
2015.17260      1.86     11.33
2015.17534      0.14     11.13
2015.17808     -1.94     11.37
2015.18082     -3.18     10.29
2015.18356     -1.34     11.93
2015.18630      2.34     12.17
2015.18904     -3.71     10.49
2015.19178     -5.60     10.73
2015.19452     -3.70     10.95
2015.19726     -2.14     11.62
2015.20000      7.05     12.64
2015.20274      0.13     12.53
2015.20548     -5.24     12.44
2015.20822      6.67     12.00
2015.21096      7.27     11.72
2015.21370      1.46     12.21
2015.21644      5.27     10.86
2015.21918      6.70     11.17
2015.22192     -6.07     10.51
2015.22466     -5.18     11.96
2015.22740     -9.68     11.31
2015.23014     -5.91     10.54
2015.23288     -3.49     10.80
2015.23562     -6.57     11.25
2015.23836      5.79     11.64
2015.24110      7.44     11.15
2015.24384      1.45     11.59
2015.24658      3.75     12.26
2015.24932     10.01     12.98
2015.25205      3.13     12.97
2015.25479      8.47     13.75
2015.25753     10.63     14.78
2015.26027     -2.43     13.99
2015.26301     -0.04     16.48
2015.26575      8.03     13.12
2015.26849     -3.99     11.44
2015.27123     -1.62     11.56
2015.27397      2.14     10.76
2015.27671     -6.52     11.25
2015.27945      4.01     11.99
2015.28219      0.09     12.71
2015.28493     -2.35     10.58
2015.28767      1.75     13.04
2015.29041      9.67     13.79
2015.29315     11.08     14.57
2015.29589      0.18     13.32
2015.29863     -1.90     14.31
2015.30137     -3.08     15.37
2015.30685     -4.59     12.56
2015.30959     -2.17     12.67
2015.31233     -4.05     12.05
2015.31507     -9.30     11.75
2015.31781      0.50     11.27
2015.32055      2.98     11.51
2015.32329      1.14     12.29
2015.32603     -0.61     12.71
2015.32877      2.15     12.95
2015.33151     16.31     14.09
2015.33425    -10.17     13.71
2015.33699      2.32     13.73
2015.33973      1.22     15.92
2015.34247      3.18     12.98
2015.34521      5.29     14.37
2015.34795     -9.48     12.94
2015.35068     -5.77     13.25
2015.35342      4.02     13.50
2015.35616     -3.06     15.81
2015.35890      2.77     14.24
2015.36164      1.07     15.77
2015.36438      0.21     12.55
2015.36712      2.53     13.12
2015.36986     -5.61     14.38
2015.37260      0.52     14.53
2015.37534     -3.87     14.44
2015.37808     -2.87     14.41
2015.38082      3.56     15.87
2015.38356     -5.08     16.18
2015.38630     -3.63     12.27
2015.38904     -3.66     14.48
2015.39178    -11.87     13.03
2015.39452     -9.01     15.00
2015.39726    -14.66     12.91
2015.40000    -15.93     12.60
2015.40274     -2.18     12.56
2015.40548     -6.99     14.47
2015.40822     -0.48     12.97
2015.41096    -10.89     16.58
2015.41370    -20.41     14.62
2015.41644     -4.93     14.75
2015.41918    -11.17     14.95
2015.42192    -16.67     13.61
2015.42466     -9.41     12.98
2015.42740    -13.96     14.49
2015.43014    -18.05     14.97
2015.43288      3.66     15.16
2015.43562    -11.19     13.56
2015.43836      3.50     12.83
2015.44110      3.14     13.98
2015.44384     -1.19     14.30
2015.44658     -0.26     12.87
2015.44932    -10.15     15.55
2015.45205     -2.83     16.55
2015.45479     -7.33     15.48
2015.45753      4.62     13.71
2015.46027      1.67     13.68
2015.46301     -6.71     13.37
2015.46575     -7.02     14.53
2015.47123     -3.16     15.65
2015.47397     -5.96     13.52
2015.47671     -8.07     14.26
2015.47945      5.04     16.10
2015.48219      7.34     14.59
2015.48493      7.55     15.39
2015.48767     -2.49     13.80
2015.49041     -7.57     14.95
2015.49315     -3.27     20.06
2015.49589     -2.22     13.88
2015.49863      6.02     17.92
2015.50137      1.60     15.61
2015.50411    -15.95     14.20
2015.50685    -12.95     17.06
2015.50959    -16.28     17.96
2015.51233     -1.75     15.03
2015.51507     -0.94     14.59
2015.51781     -0.55     15.47
2015.52055     -2.16     15.81
2015.52329     -7.77     16.06
2015.52603      9.14     14.66
2015.53699    -10.38     18.64
2015.53973      2.40     14.70
2015.54247     -2.75     17.11
2015.54521      7.02     18.75
2015.54795     -8.72     16.28
2015.55068    -14.70     13.23
2015.55342     -1.97     13.96
2015.55616     -3.86     14.60
2015.55890     -5.67     13.58
2015.56164     13.13     17.35
2015.56438    -11.64     16.67
2015.56712     -4.99     15.91
2015.56986      4.11     17.58
2015.57260      0.92     15.88
2015.57534     -5.76     14.27
2015.57808    -10.35     14.73
2015.58082      4.77     19.23
2015.58356     -5.23     20.00
2015.58630      8.01     16.71
2015.58904     10.72     14.70
2015.59178     10.37     15.96
2015.59452     -0.32     17.42
2015.59726      4.72     16.51
2015.60000      6.11     17.45
2015.60274    -17.64     17.80
2015.60822      9.14     17.17
2015.61096     -0.90     15.71
2015.61370     20.03     17.88
2015.61644      0.97     13.85
2015.61918      5.75     14.23
2015.62192     -0.70     14.43
2015.62466     -0.85     14.47
2015.62740     -4.05     13.73
2015.63014      5.37     14.75
2015.63288      1.27     17.97
2015.63562     -1.27     15.37
2015.63836      4.90     17.99
2015.64110     -1.57     14.62
2015.64384     10.98     16.96
2015.64932     -9.04     18.92
2015.65205     -3.88     18.76
2015.65479     -1.95     12.36
2015.65753     -1.98     14.40
2015.66027     -6.71     12.65
2015.66301    -15.76     12.72
2015.66575     -6.80     13.49
2015.66849     -3.33     13.33
2015.67123     -1.37     14.22
2015.67397     -4.91     12.33
2015.67671     -7.26     13.53
2015.67945     -0.26     12.92
2015.68219     -2.27     14.86
2015.68493     -8.74     13.93
2015.68767      3.80     14.43
2015.69041     -6.58     14.65
2015.69315      1.78     13.38
2015.69589     -7.55     12.84
2015.69863      0.51     13.32
2015.70137    -13.44     14.07
2015.70411     -2.22     13.88
2015.70685     -3.78     14.02
2015.70959     -6.60     16.23
2015.71233     -7.72     13.31
2015.71507      2.00     15.71
2015.71781      8.57     16.49
2015.72055     -7.98     10.92
2015.72329     -5.75     12.77
2015.72603      1.51     13.19
2015.72877      6.29     12.86
2015.73151     -0.90     13.26
2015.73425      2.01     13.11
2015.73699      0.25     12.74
2015.73973     -1.68     12.38
2015.74247     -1.28     17.18
2015.74521     -2.14     14.45
2015.74795     -1.87     14.13
2015.75068      1.26     17.22
2015.75342     -1.14     13.38
2015.75616     -1.55     12.93
2015.75890     -3.17     14.25
2015.76164    -10.92     13.63
2015.76438    -13.38     12.59
2015.76712     -7.74     12.69
2015.76986    -10.57     15.87
2015.77260    -10.90     11.40
2015.77534    -11.89     13.00
2015.77808    -12.19     11.21
2015.78082    -17.92     11.13
2015.78356    -12.00     13.11
2015.78630    -15.88     12.12
2015.78904    -11.93     11.29
2015.79178     -4.67     12.54
2015.79452    -24.54     13.89
2015.79726     -4.86     13.06
2015.80000    -15.98     12.87
2015.80274     -1.08     12.01
2015.80548    -12.22     12.80
2015.80822    -25.22     12.76
2015.81096    -16.28     12.05
2015.81370    -23.41     15.97
2015.81644      2.55     14.91
2015.81918    -11.67     11.78
2015.82192    -18.63     12.09
2015.82466    -25.23     10.98
2015.82740    -18.32     11.28
2015.83288    -23.06     16.86
2015.83562    -15.27     12.09
2015.83836    -10.90     12.64
2015.84110     -7.72     14.18
2015.84384      0.51     12.70
2015.84658     -4.76     11.89
2015.84932    -11.35     12.65
2015.85205    -13.59     13.41
2015.85479     -9.55     12.75
2015.85753     -1.20     13.67
2015.86027    -12.52     11.76
2015.86301     -8.01     12.44
2015.86575     -9.26     11.51
2015.86849     -8.91     12.09
2015.87123     -5.68     13.07
2015.87397     -9.15     12.79
2015.87671     -2.13     11.74
2015.87945    -11.69     11.65
2015.88219     -7.88     12.02
2015.88493     -2.13     16.09
2015.88767    -17.71     17.12
2015.89041    -23.02     13.75
2015.89315     -8.24     11.49
2015.89589    -16.82     13.70
2015.89863    -13.90     13.63
2015.90137    -13.74     13.86
2015.90411    -13.44     10.57
2015.90685    -19.05     10.71
2015.90959    -13.76     10.85
2015.91233    -13.49     10.77
2015.91507    -16.21     10.39
2015.91781    -13.86     11.36
2015.92055    -13.37     11.12
2015.92329    -17.01     10.10
2015.92603    -12.45     11.82
2015.92877    -22.27     13.94
2015.93151    -12.54     11.75
2015.93425    -20.27     11.24
2015.93699     -9.60     10.08
2015.93973    -19.16     14.09
2015.94247    -14.09     12.05
2015.94795    -14.71     10.20
2015.95068     -6.94     11.20
2015.95342    -16.73     10.25
2015.95616     -4.53      9.28
2015.95890    -18.18      9.37
2015.96164    -18.25      9.04
2015.96438    -12.26      8.98
2015.96712    -15.50     10.54
2015.96986    -16.62     11.06
2015.97260     -7.00     11.91
2015.97534    -12.06     10.50
2015.97808    -11.87     10.24
2015.98082    -13.46     10.53
2015.98356    -12.70     10.00
2015.98630    -11.81      9.26
2015.98904     -7.85     10.96
2015.99178    -10.19      9.92
2015.99452     -9.84      9.25
2015.99726     -8.97      9.75
2016.00000     -4.45      9.28
2016.00273     -7.09      9.54
2016.00546      0.00     12.52
2016.00820     -9.83     13.52
2016.01093     -0.89     10.42
2016.01366     -8.09     13.27
2016.01639    -10.06     12.20
2016.01913     -8.46     11.28
2016.02186     -8.89      9.89
2016.02459     -5.91     10.24
2016.02732    -11.90     10.73
2016.03005     -6.44     11.53
2016.03279    -11.03     11.78
2016.03552     -8.97     12.37
2016.03825    -15.07      9.94
2016.04098    -14.85     11.27
2016.04372    -11.96     11.71
2016.04645    -13.69     14.53
2016.04918    -15.52      9.81
2016.05191    -14.39     10.13
2016.05464    -12.90     10.31
2016.05738     -9.12     10.14
2016.06011     -3.20     10.21
2016.06284    -14.04     10.17
2016.06557    -11.97      9.60
2016.06831    -19.12      9.18
2016.07104    -16.73      9.77
2016.07377     -9.03     10.56
2016.07650    -12.37     11.57
2016.07923    -15.89     15.12
2016.08197      0.20     10.77
2016.08470    -12.97      9.92
2016.08743     -3.50     12.33
2016.09016    -11.67      9.43
2016.09290     -4.99      9.47
2016.09563     -4.94     12.48
2016.10383      3.62     10.10
2016.10656      1.24      9.80
2016.10929      3.37     10.40
2016.11202      5.54     10.18
2016.11475      6.53     14.96
2016.12022      6.49     12.82
2016.12295      8.70     12.40
2016.12568     -2.74      9.84
2016.12842      0.84      9.64
2016.13115      7.76      9.62
2016.13388      2.79      9.70
2016.13661      9.19     10.76
2016.13934      4.23     10.21
2016.14208     -1.39      9.68
2016.14481      0.70     10.16
2016.14754      6.13     10.00
2016.15027     -5.38      9.14
2016.15301     -5.99      9.26
2016.15574     -2.13     10.21
2016.15847     -4.35     10.16
2016.16120      4.41     11.48
2016.16393     -3.05     10.98
2016.16667     -2.99     10.82
2016.16940     15.80     19.29
2016.17213      6.13     10.97
2016.17486      2.26     11.00
2016.17760      7.46     12.72
2016.18033      3.09     10.45
2016.18306      4.91     10.71
2016.18579      9.48     12.83
2016.18852      2.27     13.33
2016.19126      1.23     12.13
2016.19399      1.54      9.64
2016.19672      7.19     10.55
2016.19945     -5.46     13.90
2016.20219     -1.93     10.03
2016.20492     -3.21     10.28
2016.20765     -8.59     10.21
2016.21038      1.39     11.13
2016.21311     10.15     12.35
2016.21585     -0.89     12.01
2016.21858     -0.53     10.84
2016.22131      2.44     10.59
2016.22404      2.79     11.08
2016.22678     -2.20     14.29
2016.22951     -0.73      9.46
2016.23224     -5.28      9.98
2016.23497      1.50      9.91
2016.23770     -0.37     11.28
2016.24044      3.77     10.74
2016.24317      7.20     10.45
2016.24590      4.74     11.16
2016.24863      0.11     11.51
2016.25137      5.78     13.22
2016.25956     11.42     11.88
2016.26230      6.79     11.48
2016.26503     18.75     12.92
2016.26776     -1.23     12.89
2016.27049     -1.45     12.59
2016.27322      9.54     13.88
2016.27596     -9.61     18.56
2016.27869     -1.57     14.59
2016.28142     11.36     14.59
2016.28415     -4.53     20.74
2016.28962     -1.37     15.95
2016.29235      6.00     15.85
2016.29508      4.00     14.44
2016.29781      1.74     16.80
2016.30055      8.53     13.47
2016.30328      6.70     13.86
2016.30601     10.79     13.97
2016.30874     -1.28     13.61
2016.31148      4.94     14.10
2016.31421      4.52     14.52
2016.31694      0.04     13.21
2016.31967      5.79     15.38
2016.32240     -3.11     15.27
2016.32514     -9.23     15.64
2016.32787      5.13     13.38
2016.33060     -5.82     12.41
2016.33333      1.26     13.89
2016.33607      3.02     14.80
2016.33880      3.41     14.37
2016.34153      0.97     13.36
2016.34426     15.13     13.57
2016.34699      1.94     14.49
2016.34973      0.30     14.33
2016.35246     12.91     15.28
2016.35519      5.75     14.68
2016.35792      3.69     18.40
2016.36066      4.71     16.52
2016.36339     -7.03     16.13
2016.36612     -7.52     18.53
2016.36885     -2.64     17.51
2016.37158      2.65     15.49
2016.37432     -1.69     14.12
2016.37705      4.61     12.12
2016.37978      8.00     13.05
2016.38251      4.36     13.33
2016.38525      6.17     13.22
2016.38798     -4.14     13.49
2016.39071    -14.70     18.61
2016.39344      2.93     16.91
2016.39617      3.84     19.06
2016.39891      2.44     17.02
2016.40164      6.11     13.30
2016.40437      4.15     13.47
2016.40710     12.87     14.17
2016.40984     17.35     14.66
2016.41257     10.90     17.12
2016.41530     16.94     14.26
2016.41803      3.37     14.80
2016.42077     10.38     15.38
2016.42350      8.36     14.71
2016.42623     11.73     15.72
2016.42896      3.53     20.39
2016.43169      9.23     17.67
2016.43716     15.38     17.95
2016.43989      9.27     14.69
2016.44262      6.60     15.90
2016.44536     -1.79     15.24
2016.44809      7.67     18.88
2016.45082     15.91     19.67
2016.45355     14.84     19.99
2016.45628      8.28     16.27
2016.45902      5.33     15.46
2016.46175      5.73     15.84
2016.46721      9.12     18.17
2016.46995      6.99     16.40
2016.47268      6.39     16.43
2016.47541     16.49     16.32
2016.47814     10.54     18.03
2016.48087      7.18     17.79
2016.48361     -1.72     17.39
2016.48907     11.86     16.59
2016.49180     16.73     18.21
2016.49454      4.04     19.82
2016.49727      6.74     19.59
2016.50000      4.24     16.76
2016.50273     18.77     16.95
2016.50546      4.54     18.41
2016.50820     16.06     16.40
2016.51093     23.03     17.23
2016.51366      7.44     19.17
2016.51639     22.72     17.51
2016.52459      7.68     19.29
2016.53279     10.87     15.33
2016.53552      0.24     15.94
2016.53825     13.29     15.93
2016.54098      9.50     18.39
2016.54372      3.31     18.96
2016.54645     10.49     19.08
2016.54918     -2.57     15.04
2016.55191      4.28     18.13
2016.55464     10.12     15.56
2016.55738     -1.86     18.24
2016.56011     23.76     18.36
2016.56284     23.73     19.51
2016.56557      9.28     15.09
2016.56831     22.77     16.03
2016.57104     13.09     17.67
2016.57377     19.31     20.57
2016.57650      7.49     20.65
2016.57923      7.54     18.48
2016.58197     25.98     19.56
2016.58470     23.97     19.17
2016.58743     16.56     14.88
2016.59016     18.98     14.82
2016.59290     10.91     15.17
2016.59563     11.72     15.20
2016.59836     15.96     18.71
2016.60656      9.34     20.25
2016.60929     29.09     20.49
2016.61475     13.57     13.44
2016.61749     11.12     13.53
2016.62022     16.81     15.11
2016.62295      7.66     17.44
2016.62568     14.39     16.56
2016.62842     -7.61     16.67
2016.63115     19.79     19.21
2016.63388     12.97     19.62
2016.64208     19.37     20.85
2016.64481     15.81     17.09
2016.64754      5.38     19.47
2016.65027      8.01     16.92
2016.65847     13.69     19.83
2016.66393      6.94     15.27
2016.66667     18.24     15.76
2016.66940     15.84     16.35
2016.67486     11.41     16.32
2016.67760      2.87     18.45
2016.68033     20.74     20.21
2016.68306      0.51     18.24
2016.68579      1.98     15.60
2016.68852     -4.47     15.52
2016.69126     13.28     16.62
2016.69399     15.47     15.39
2016.69672      8.35     19.01
2016.69945      9.03     18.35
2016.70219      5.54     17.71
2016.71585     -2.67     15.09
2016.71858     11.33     20.62
2016.72131     -4.53     18.87
2016.72404      2.16     17.54
2016.72678     10.88     20.31
2016.72951      7.70     20.67
2016.73224      8.79     16.87
2016.73497     11.20     18.46
2016.73770     18.06     17.55
2016.74590    -12.06     19.90
2016.74863      7.20     17.41
2016.75137     -8.94     17.67
2016.75410     -1.08     17.79
2016.75683      1.94     16.84
2016.76230     15.16     21.42
2016.76503      0.44     19.15
2016.76776      0.89     17.72
2016.77049     -1.85     16.32
2016.77322     -9.95     17.45
2016.77596      2.19     17.18
2016.77869      4.36     19.75
2016.78142      6.27     18.31
2016.78415     -5.98     19.02
2016.78689      0.50     17.91
2016.78962     -5.97     20.99
2016.79235     -1.83     19.52
2016.79508      4.74     18.46
2016.79781     -1.51     16.07
2016.80601      1.68     18.02
2016.80874     -2.59     16.18
2016.81148     18.01     16.15
2016.81421     -4.46     16.67
2016.81694      7.81     15.55
2016.81967      1.11     15.63
2016.82240      8.53     13.81
2016.82514     13.71     14.55
2016.82787      7.85     16.24
2016.83060     -5.26     15.02
2016.83333      1.11     14.67
2016.83607      4.16     13.69
2016.83880      1.45     15.17
2016.84153     -6.41     14.41
2016.84699      4.38     15.33
2016.84973     -3.04     15.78
2016.85246     -2.46     14.58
2016.85519      4.51     11.98
2016.85792      0.94     11.97
2016.86066     -4.30     12.83
2016.86339     -6.98     11.38
2016.86612      2.35     11.83
2016.86885      4.30     11.61
2016.87158      3.33     11.79
2016.87432      0.74     12.85
2016.87705     -0.41     12.49
2016.87978      2.97     14.00
2016.88251      2.15     12.15
2016.88525      6.31     14.57
2016.88798      3.41     13.43
2016.89071      4.91     12.59
2016.89344     -1.33     12.13
2016.89617     -1.21     13.36
2016.89891      5.95     12.37
2016.90164     -7.82     12.12
2016.90437     -5.51     14.23
2016.90710      6.70     16.38
2016.90984      1.36     15.00
2016.91257     -0.28     13.13
2016.91530     -0.57     14.03
2016.91803      4.20     13.69
2016.92077     -3.92     12.51
2016.92350      0.77     11.65
2016.92623     -1.71     13.07
2016.92896     -4.33     12.72
2016.93169      3.20     11.90
2016.93443      3.11     12.05
2016.93716      2.58     13.20
2016.93989      3.95     13.72
2016.94262     -0.95     13.02
2016.94536     -7.01     12.51
2016.94809     -1.77     12.62
2016.95082     -4.65     12.60
2016.95355     -5.46     11.87
2016.95628     -1.92     10.20
2016.95902     -1.41     10.82
2016.96175     -4.51     11.51
2016.96448      0.85     11.88
2016.96721      4.21     12.65
2016.96995      5.18     12.76
2016.97268      8.42     12.46
2016.97541     -0.61     11.91
2016.97814      2.14     11.46
2016.98087      4.72     10.66
2016.98361      8.08     10.83
2016.98634      3.11     12.96
2016.98907     -6.35     13.22
2016.99180     -5.24     11.86
2016.99454      1.43     11.31
2016.99727     -1.43     11.80
2017.00000      3.53     11.65
2017.00274      7.94     11.40
2017.00548      2.78     11.52
2017.00822      6.41     10.82
2017.01096      7.55     10.53
2017.01370      5.34     11.03
2017.01644      6.67     11.34
2017.01918      8.95     12.02
2017.02192      5.43     11.71
2017.02466     -4.92     11.80
2017.02740      4.09     12.00
2017.03014      3.43     12.01
2017.03288     11.85     11.99
2017.03562      8.96     11.17
2017.03836      1.96     10.18
2017.04110      3.68     10.43
2017.04384      6.15     10.87
2017.04658      1.46     11.29
2017.04932     14.74     11.58
2017.05205      7.42     11.67
2017.05479      2.80     10.75
2017.05753      2.64     11.60
2017.06027      3.96     11.13
2017.06301      4.30     10.51
2017.06575      6.50     10.76
2017.06849     -0.78     11.27
2017.07123     14.96     11.30
2017.07397     11.69     11.74
2017.07671     12.88     11.62
2017.07945     15.27     11.85
2017.08219     11.86     13.24
2017.08493     -3.71     12.56
2017.08767      3.56     11.70
2017.09041      1.60     10.37
2017.09315      0.86     13.33
2017.09589     12.05     13.58
2017.09863      7.04     12.83
2017.10137      4.48     11.85
2017.10411      0.98     11.83
2017.10685      8.25     11.77
2017.10959      8.94      9.83
2017.11233      4.24     10.08
2017.11507     -0.88      9.74
2017.11781     -2.45      9.71
2017.12055      3.16     10.78
2017.12329      2.27     11.27
2017.12603      2.37     10.83
2017.12877     10.97     10.57
2017.13151      4.25     11.39
2017.13425      9.13     12.85
2017.13699      8.02     13.04
2017.13973     16.92     12.86
2017.14247     14.40     13.17
2017.14521     10.47     13.49
2017.14795     10.34     12.46
2017.15068      5.45     10.88
2017.15616      4.10     10.73
2017.15890     10.50     10.71
2017.16164     10.17     10.96
2017.16438      2.57     11.51
2017.16712      5.44     11.01
2017.16986      2.62     10.27
2017.17260      2.35     10.80
2017.17534     13.86     12.20
2017.17808      4.28     11.28
2017.18082      3.79     10.17
2017.18356      3.67     10.97
2017.18630      5.14     10.82
2017.18904      3.08     12.58
2017.19178     -2.22     10.93
2017.19452      6.78     10.90
2017.19726     10.58     12.21
2017.20000      8.79     10.88
2017.20274     -0.03     11.17
2017.20548      9.88     11.50
2017.20822      7.58     10.68
2017.21096      3.27     12.13
2017.21370      7.67     12.51
2017.21644      4.54     12.08
2017.21918     12.31     13.72
2017.22192      3.50     16.20
2017.22466      8.22     13.69
2017.22740     12.83     13.19
2017.23014      9.06     13.09
2017.23288      1.47     12.59
2017.23562      9.20     13.64
2017.23836      2.45     13.93
2017.24110     -2.08     12.78
2017.24384      7.45     13.38
2017.24658     12.61     20.66
2017.24932     -9.73     13.24
2017.25205      3.01     17.83
2017.25479     -0.21     12.94
2017.25753      3.17     12.81
2017.26027     11.89     12.89
2017.26301     15.82     13.73
2017.26575      3.19     14.00
2017.26849     16.69     15.66
2017.27123     10.60     15.28
2017.27397     11.19     13.85
2017.27671      0.14     19.46
2017.27945      6.45     18.51
2017.28219      1.18     13.28
2017.28493      2.70     12.91
2017.28767      0.17     13.75
2017.29041      5.05     13.75
2017.29315     11.58     13.91
2017.29589     11.92     14.76
2017.29863     -1.38     19.56
2017.30137      8.07     16.29
2017.30411     11.98     17.55
2017.30685     13.80     14.00
2017.30959      5.80     11.73
2017.31233     -1.12     11.65
2017.31507      4.11     12.76
2017.31781      2.20     13.20
2017.32055     -7.75     12.96
2017.32329     -2.90     12.00
2017.32603      2.63     13.24
2017.32877      7.48     12.32
2017.33151      9.77     11.92
2017.33425      0.89     13.03
2017.33699      2.11     13.15
2017.33973     13.81     13.31
2017.34247     14.19     15.14
2017.34521     17.10     15.94
2017.34795     10.09     13.00
2017.35068      4.67     14.13
2017.35342     15.07     14.89
2017.35616     13.14     16.32
2017.35890      3.13     14.30
2017.36164      2.89     14.47
2017.36438     17.98     14.47
2017.36712     17.58     13.95
2017.36986     10.07     13.54
2017.37260      1.96     12.85
2017.37534      3.56     12.95
2017.37808      3.43     15.64
2017.38082     12.30     13.21
2017.38356      7.65     12.83
2017.38630     21.11     13.91
2017.38904     17.69     12.48
2017.39178     17.43     14.01
2017.39452     -0.62     18.51
2017.39726     12.31     17.21
2017.40000     13.87     12.78
2017.40274     -1.62     11.76
2017.40548      3.31     13.19
2017.40822      6.52     14.39
2017.41096     -0.28     18.25
2017.41370      9.36     15.09
2017.41918      4.11     21.13
2017.42192     11.15     20.15
2017.42466      1.49     17.69
2017.42740      9.10     14.47
2017.43014     20.95     15.24
2017.43288     13.97     17.44
2017.43562      6.17     19.92
2017.44110      7.39     15.58
2017.44384     13.26     14.52
2017.44658      3.09     19.02
2017.44932      6.46     18.27
2017.45205     12.28     20.70
2017.45479      6.10     18.13
2017.46301      8.43     17.97
2017.46575      3.31     16.34
2017.46849     12.28     17.19
2017.47123     18.54     15.09
2017.47397      2.69     14.51
2017.47671      9.26     16.79
2017.47945      8.42     18.05
2017.48219     11.80     14.78
2017.48493     21.24     13.89
2017.48767     12.18     14.96
2017.49041      2.60     17.80
2017.49315      1.11     18.03
2017.49589     10.41     15.98
2017.49863      6.72     15.78
2017.50411      1.84     20.09
2017.50685      6.73     16.36
2017.50959     23.86     16.90
2017.51233      0.63     17.15
2017.51507     14.36     15.66
2017.51781      4.29     17.01
2017.52055     12.33     15.84
2017.52603     -5.47     18.61
2017.52877      2.96     20.83
2017.53151      8.76     18.57
2017.53425      5.79     16.59
2017.53699     -9.29     19.13
2017.53973      3.04     18.09
2017.54247      8.22     13.29
2017.54521     10.84     16.12
2017.54795     13.80     15.03
2017.55068      9.96     15.05
2017.55616      3.62     14.19
2017.55890      5.36     15.05
2017.56164     -0.46     19.37
2017.56438      2.90     18.33
2017.56712      1.35     19.61
2017.56986     15.18     16.35
2017.57260      5.94     17.48
2017.57534     18.01     20.98
2017.58630     -7.84     15.46
2017.59178      5.05     17.80
2017.59452      1.38     16.22
2017.59726      2.49     16.35
2017.60000     -2.58     17.89
2017.60274     -8.01     17.09
2017.60548      6.36     17.13
2017.61096     10.27     16.24
2017.61370      6.16     15.70
2017.61644     -0.78     14.25
2017.61918      4.89     14.76
2017.62466      6.36     16.83
2017.62740     12.44     16.07
2017.63014      6.10     19.14
2017.63562     -3.03     19.40
2017.63836      8.86     20.48
2017.64110     20.00     19.87
2017.64384      4.23     14.40
2017.64658      6.32     14.56
2017.64932     11.20     16.68
2017.65205     -0.34     16.42
2017.65479     -5.54     16.27
2017.65753     -0.54     17.00
2017.66027     20.59     18.93
2017.66301      3.07     18.58
2017.66575     -1.68     15.47
2017.67123     -0.90     16.04
2017.67397      2.39     16.91
2017.67671     23.03     20.57
2017.67945     -0.98     16.80
2017.68219      5.53     14.77
2017.68493      5.91     14.49
2017.68767      7.93     14.57
2017.69041     -0.64     15.05
2017.69315     -5.06     15.83
2017.69589     -4.63     16.07
2017.69863      3.40     15.97
2017.70137      3.85     17.44
2017.70411      8.24     15.74
2017.70685     -4.98     14.36
2017.70959      3.37     16.09
2017.71233      2.56     15.56
2017.71507      2.73     15.67
2017.71781     -9.34     18.12
2017.72055      2.32     14.65
2017.72329     -3.94     13.66
2017.72603     -9.38     17.15
2017.72877     -8.81     15.01
2017.73151      6.64     16.27
2017.73425      0.80     17.58
2017.73699     -3.62     14.75
2017.73973      7.28     14.80
2017.74247      5.08     17.29
2017.74795     -3.79     15.60
2017.75068     -6.86     16.26
2017.75342      3.54     15.76
2017.75616     13.27     19.20
2017.76164     -7.81     16.03
2017.76438     10.91     18.96
2017.76712     -2.49     18.43
2017.77260     -1.32     21.07
2017.77808      0.23     19.28
2017.78082      2.51     18.82
2017.78356      4.87     15.72
2017.78630      7.98     18.45
2017.78904      1.71     20.21
2017.79178    -10.34     20.54
2017.79452      4.62     17.59
2017.79726    -13.19     15.91
2017.80000    -11.29     14.55
2017.80274    -11.60     12.53
2017.80548     -6.90     11.98
2017.80822    -10.22     12.44
2017.81096     -4.45     13.37
2017.81370     -9.46     13.65
2017.81644     -7.60     13.71
2017.81918    -10.62     13.29
2017.82192    -11.79     12.90
2017.82466    -14.36     13.08
2017.82740    -18.49     13.47
2017.83014    -13.36     12.93
2017.83288     -8.74     12.55
2017.83562     -0.96     13.73
2017.83836      2.26     14.03
2017.84110     -8.22     14.25
2017.84384     -8.24     13.20
2017.84658     -2.88     11.79
2017.84932     -0.52     13.07
2017.85205    -11.07     14.28
2017.85479      2.24     12.65
2017.85753     -3.35     12.80
2017.86301     -7.66     14.18
2017.86575     -2.49     11.53
2017.86849     -0.48     11.60
2017.87123      4.46     13.07
2017.87397      3.69     12.29
2017.87671      0.05     12.79
2017.87945     -9.99     12.82
2017.88219     -0.80     13.28
2017.88493     -0.23     11.09
2017.88767     -3.64     11.42
2017.89041      1.75     12.21
2017.89315      8.27     12.09
2017.89589     -8.30     12.51
2017.89863     -6.86     11.25
2017.90137      1.42     11.49
2017.90411      0.35     11.83
2017.90685     -1.46     11.82
2017.90959     -2.14     11.96
2017.91233      2.83     12.34
2017.91507     -4.88     12.78
2017.91781     -6.73     13.77
2017.92055    -10.93     13.59
2017.92329     -2.33     12.72
2017.92603     -3.17     12.18
2017.92877     -3.59     11.19
2017.93151     -4.17     12.09
2017.93425     -0.76     12.30
2017.93699     -6.77     10.49
2017.93973    -11.70     11.61
2017.94247     -0.02     11.66
2017.94521      1.40     11.99
2017.94795     -7.59     11.54
2017.95068     -1.86     10.74
2017.95342     -6.46     11.72
2017.95616      0.05     12.04
2017.95890    -17.16     12.65
2017.96164    -19.24     12.60
2017.96438     -5.77     12.70
2017.96712    -10.78     14.54
2017.96986     -7.56     15.74
2017.97260     -2.88     11.23
2017.97534     -2.04     10.62
2017.97808      2.26     11.48
2017.98082     -0.90     12.38
2017.98356     -4.89     10.59
2017.98630     -3.50     11.17
2017.98904      1.41     11.58
2017.99178     -1.49     12.71
2017.99452     15.71     16.05
2018.00548     -5.47     12.34
2018.00822      0.60     11.86
2018.01096     -5.65     12.85
2018.01370      0.82     12.10
2018.01644      3.04     11.58
2018.01918     -2.90     11.52
2018.02192     -0.44     13.25
2018.02466      4.47     12.62
2018.02740     -1.97     11.69
2018.03014    -11.14     11.50
2018.03288    -10.16     11.23
2018.03562     -6.80     10.83
2018.03836      2.35     12.13
2018.04110      8.60     11.83
2018.04384      3.83     12.34
2018.04658      4.01     13.16
2018.04932      8.05     12.45
2018.05205      5.43     12.81
2018.05479     -0.61     11.90
2018.05753      1.92     13.77
2018.06027      3.77     13.53
2018.06301      4.83     12.34
2018.06575      2.80     12.35
2018.06849     -6.22     12.77
2018.07123      0.39     12.71
2018.07397     -3.16     12.92
2018.07671     -4.25     14.71
2018.07945     -4.83     11.57
2018.08219     -8.58     11.03
2018.08493    -11.17     12.01
2018.08767     -6.22     11.14
2018.09041     -4.00     11.53
2018.09315     -4.95     10.50
2018.09589     -5.11     10.48
2018.09863     -0.77     11.18
2018.10137     -3.19     11.89
2018.10411      2.86     11.82
2018.10685      2.37     11.40
2018.10959      2.22     11.77
2018.11233      6.01     12.59
2018.11507     -3.67     11.20
2018.11781     -6.42     10.98
2018.12055      1.66     11.62
2018.12329     -5.22     12.10
2018.12603     -4.85     13.67
2018.12877      0.18     15.34
2018.13151     -5.45     12.13
2018.13425     -0.38     12.75
2018.13699      0.35     12.62
2018.13973     -3.17     13.84
2018.14247      0.95     12.90
2018.14521     -4.05     12.99
2018.14795     -4.12     12.41
2018.15068     -4.41     12.65
2018.15342      2.53     12.65
2018.15616     -6.26     11.63
2018.15890      1.27     13.71
2018.16164    -10.41     15.39
