2012.00000    -8.09     2.29
2012.00273    -8.77     2.37
2012.00546    -9.22     2.26
2012.00820    -8.17     2.30
2012.01093    -9.89     2.38
2012.01366    -9.31     2.31
2012.01639    -9.74     2.28
2012.01913   -11.44     2.27
2012.02186    -9.99     2.41
2012.02459   -10.71     2.44
2012.02732   -11.07     2.45
2012.03005   -11.16     2.71
2012.03279    -9.64     2.36
2012.03552   -10.88     2.33
2012.03825   -11.64     2.29
2012.04098   -10.26     2.45
2012.04372   -11.13     2.74
2012.04645   -10.00     2.54
2012.04918    -9.08     2.40
2012.05191    -8.58     2.56
2012.05464    -6.65     3.10
2012.08197    -9.59     2.68
2012.08470    -7.05     2.28
2012.08743    -6.28     2.36
2012.09016    -7.33     2.40
2012.09290    -8.80     2.36
2012.09563    -8.44     2.55
2012.09836   -11.72     2.72
2012.10109    -7.48     3.10
2012.10383    -6.39     2.69
2012.10656    -8.65     2.37
2012.10929    -9.38     2.24
2012.11202    -7.87     2.31
2012.11475    -8.30     2.40
2012.11749    -8.61     2.42
2012.12022    -8.51     2.75
2012.12295    -9.70     2.64
2012.12568    -6.60     3.28
2012.12842    -8.60     2.59
2012.13115    -6.04     2.30
2012.13388    -7.00     2.63
2012.13661    -6.80     2.67
2012.13934    -9.43     2.61
2012.14208    -6.55     2.91
2012.14481    -7.53     2.96
2012.14754   -12.28     4.49
2012.16393    -7.51     2.60
2012.16667    -6.63     3.11
2012.16940    -4.66     2.73
2012.17213    -6.11     2.55
2012.17486    -5.76     2.74
2012.17760    -5.46     2.87
2012.18033    -8.19     2.94
2012.18306    -7.00     2.78
2012.18579    -1.63     2.83
2012.18852    -2.61     2.77
2012.19126    -1.70     2.64
2012.19399    -6.16     2.79
2012.19672    -6.94     3.07
2012.19945    -5.54     2.66
2012.20219    -3.95     2.63
2012.20492    -6.54     2.64
2012.20765    -4.06     3.15
2012.21038    -1.74     2.92
2012.21311    -6.14     2.79
2012.21585    -5.37     2.70
2012.21858    -3.89     2.75
2012.22131    -5.73     2.69
2012.22404    -5.21     2.67
2012.22678    -2.05     3.34
2012.22951    -4.98     2.67
2012.23224    -4.09     2.67
2012.23497    -5.45     3.06
2012.23770    -1.43     2.75
2012.24044    -5.06     3.11
2012.24317    -4.64     2.84
2012.24590    -3.65     2.67
2012.24863    -2.61     2.72
2012.25137    -4.72     2.63
2012.25410    -3.50     2.77
2012.25683    -2.37     2.74
2012.25956    -3.47     2.63
2012.26230    -4.99     2.52
2012.26503    -1.14     2.92
2012.26776    -0.18     2.78
2012.27049    -1.60     2.62
2012.27322    -0.49     2.75
2012.27596    -4.53     2.60
2012.27869    -5.32     2.67
2012.28142    -2.32     2.93
2012.28415     0.87     3.01
2012.28689    -0.99     2.50
2012.28962    -1.05     2.56
2012.29235     0.84     2.93
2012.29508    -0.13     2.93
2012.29781    -2.43     2.63
2012.30055    -0.53     2.73
2012.30328    -1.88     3.27
2012.30601    -2.27     3.01
2012.30874    -0.66     2.62
2012.31148    -2.41     3.14
2012.31421    -1.59     2.85
2012.31694    -2.42     5.57
2012.31967     0.25     3.30
2012.32240    -0.38     3.20
2012.32514    -0.57     2.66
2012.32787    -0.60     3.45
2012.33060    -2.03     3.19
2012.33333    -2.32     3.60
2012.33607     3.43     4.18
2012.33880     1.21     3.35
2012.34153    -0.35     2.87
2012.34426    -0.96     2.56
2012.34699     1.33     2.33
2012.34973     2.33     2.79
2012.35246     0.03     2.62
2012.35519    -1.12     2.81
2012.35792    -0.43     3.74
2012.36066     0.31     2.61
2012.36339     0.43     2.59
2012.36612    -0.82     2.72
2012.36885    -1.28     2.70
2012.37158    -0.81     2.88
2012.37432     1.10     2.68
2012.37705    -1.32     3.04
2012.37978    -0.13     2.57
2012.38251    -1.28     3.52
2012.38525    -1.66     2.99
2012.38798    -0.67     2.67
2012.39071    -2.63     2.64
2012.39344     1.45     2.82
2012.39617    -0.53     2.66
2012.39891     0.02     2.64
2012.40164     0.39     2.99
2012.40437     1.34     3.56
2012.40710     0.14     3.28
2012.40984    -1.21     3.21
2012.41257    -0.57     3.20
2012.41530    -0.20     2.80
2012.41803     0.52     2.58
2012.42077    -0.25     2.57
2012.42350    -0.25     3.00
2012.42623    -0.77     2.78
2012.42896     3.04     2.60
2012.43169    -2.11     2.84
2012.43443    -2.27     2.88
2012.43716    -2.68     3.59
2012.43989    -0.62     4.17
2012.44262     3.12     4.61
2012.44536     0.99     5.45
2012.44809    -1.85     3.75
2012.45082    -1.81     3.90
2012.45355    -0.86     3.40
2012.45628     0.69     3.06
2012.45902     0.02     3.24
2012.46175     0.89     3.78
2012.46448    -2.17     3.31
2012.46721    -1.43     4.99
2012.46995    -0.42     4.12
2012.47268    -0.76     3.10
2012.47541    -3.23     3.64
2012.47814    -2.18     4.77
2012.48087    -1.34     2.82
2012.48361    -2.01     3.14
2012.48634    -1.40     2.61
2012.48907     0.07     3.47
2012.49180    -1.95     3.40
2012.49454    -0.81     2.94
2012.49727    -2.51     3.14
2012.50000    -0.89     3.32
2012.50273    -1.03     2.99
2012.50546     0.73     2.93
2012.50820     1.14     3.17
2012.51093    -1.80     3.36
2012.51366     0.39     3.14
2012.51639     0.05     2.85
2012.51913     1.13     3.39
2012.52186     0.13     3.27
2012.52459     0.57     2.69
2012.52732     0.99     2.81
2012.53005    -1.64     3.25
2012.53279     1.32     2.98
2012.53552     3.10     3.76
2012.53825    -1.23     3.36
2012.54098    -2.73     3.02
2012.54372     1.97     3.50
2012.54645     1.60     2.65
2012.54918     0.49     3.82
2012.55191     0.02     2.99
2012.55464     1.22     3.25
2012.55738    -0.45     3.07
2012.56011    -0.75     2.74
2012.56284     0.35     3.00
2012.56557    -3.39     3.17
2012.56831    -1.56     3.26
2012.57104     0.90     3.15
2012.57377     1.21     2.71
2012.57650     0.81     3.65
2012.57923    -0.14     2.79
2012.58197    -0.37     3.10
2012.58470     0.72     3.29
2012.58743    -2.16     3.20
2012.59290     0.64     4.94
2012.59563     3.15     4.15
2012.59836    -0.13     3.24
2012.60109     1.50     4.26
2012.60383     5.38     3.93
2012.60656     1.09     3.50
2012.60929    -1.96     3.86
2012.61202     2.87     3.17
2012.61475     0.20     2.75
2012.61749     0.91     2.79
2012.62022     1.56     3.08
2012.62295     3.62     3.19
2012.62568     0.38     3.04
2012.62842    -1.06     3.06
2012.63115     1.02     3.15
2012.63388     1.86     4.22
2012.63661    -1.23     3.54
2012.63934     1.70     3.79
2012.64208     0.38     3.03
2012.64481    -0.77     3.58
2012.64754    -0.75     3.89
2012.65027     0.37     3.39
2012.65301     0.51     3.26
2012.65574     1.23     3.48
2012.65847    -0.10     3.75
2012.66120     2.78     3.71
2012.66393    -0.41     3.78
2012.66667    -0.82     3.56
2012.66940     0.73     3.63
2012.67213    -1.15     3.63
2012.67486    -0.19     3.44
2012.67760    -1.69     3.04
2012.68033    -0.76     2.91
2012.68306     3.69     2.93
2012.68579     0.44     3.23
2012.68852    -2.64     5.09
2012.69399     0.07     3.45
2012.69672     0.12     3.18
2012.69945     1.68     3.07
2012.70219    -0.49     4.35
2012.70492     4.68     3.80
2012.70765     2.57     2.83
2012.71038     3.51     2.97
2012.71311     1.73     2.94
2012.71585     0.98     2.91
2012.71858     2.20     2.74
2012.72131     0.43     2.66
2012.72404     0.64     2.82
2012.72678     2.30     2.67
2012.73224    -0.29     3.25
2012.73497     0.70     3.34
2012.73770     0.44     3.87
2012.74044     0.18     3.34
2012.74317    -0.09     3.08
2012.74590    -0.25     2.88
2012.74863     1.70     2.64
2012.75137     2.98     2.89
2012.75410     2.11     3.00
2012.75683     4.17     4.27
2012.75956     1.18     2.80
2012.76230    -0.14     2.58
2012.76503     2.81     2.89
2012.76776    -0.45     2.60
2012.77049     0.49     2.48
2012.77322    -1.49     2.46
2012.77596     2.13     2.55
2012.77869     3.23     2.76
2012.78142     0.83     2.77
2012.78415     0.91     2.52
2012.78689     1.43     2.50
2012.78962     2.55     2.54
2012.79235     0.24     2.64
2012.79508     2.44     2.77
2012.79781     1.49     2.67
2012.80055     0.13     2.74
2012.80328    -0.01     2.51
2012.80601     2.82     2.58
2012.80874    -1.11     2.53
2012.81148     1.86     2.67
2012.81421    -0.47     2.46
2012.81694     0.83     2.84
2012.81967     1.86     2.99
2012.82240    -1.51     3.20
2012.82514    -0.74     2.58
2012.82787     1.48     2.97
2012.83060     0.77     2.78
2012.83333    -1.64     2.67
2012.83607    -0.71     3.84
2012.83880    -3.10     3.83
2012.84153    -3.45     4.01
2012.84426    -0.65     3.89
2012.84699    -5.77     3.64
2012.84973     0.29     3.52
2012.85246    -1.13     3.66
2012.85519    -0.42     3.45
2012.85792     0.64     3.46
2012.86066    -2.34     3.74
2012.86339     0.74     3.88
2012.86612     0.82     3.44
2012.86885    -0.07     3.62
2012.87158    -0.39     2.56
2012.87432    -0.90     3.89
2012.87705    -0.25     3.88
2012.87978    -0.35     3.63
2012.88251    -1.57     3.42
2012.88525    -0.99     3.67
2012.88798    -3.03     3.54
2012.89071    -2.50     4.03
2012.89344    -0.11     4.12
2012.89617    -4.27     3.77
2012.89891    -3.59     2.32
2012.90164    -2.29     2.41
2012.90437    -0.64     2.71
2012.90710    -2.24     2.43
2012.90984    -0.37     2.53
2012.91257    -1.56     2.42
2012.91530    -2.60     2.55
2012.91803    -2.43     3.65
2012.92077     0.03     3.69
2012.92350    -1.78     3.45
2012.92623    -1.67     3.45
2012.92896     1.62     4.33
2012.93169    -3.29     3.33
2012.93443    -2.52     3.46
2012.93716    -2.39     3.69
2012.93989    -1.62     3.50
2012.94262    -5.68     3.38
2012.94536    -1.60     3.21
2012.94809    -1.67     3.20
2012.95082    -3.25     3.51
2012.95355    -1.43     2.30
2012.95628    -0.91     2.55
2012.95902    -0.26     2.50
2012.96175    -0.31     2.42
2012.96448    -0.66     2.35
2012.96721    -1.84     2.24
2012.96995    -1.71     2.37
2012.97268    -1.36     2.33
2012.97541    -0.76     2.37
2012.97814    -2.17     2.39
2012.98087    -2.88     2.27
2012.98361    -2.89     2.27
2012.98634    -2.95     2.30
2012.98907    -3.79     2.52
2012.99180    -2.36     2.43
2012.99454    -3.04     3.16
2012.99727    -0.95     2.51
2013.00000    -4.59     2.45
2013.00274     0.38     2.63
2013.00548    -1.91     2.64
2013.00822    -1.54     2.39
2013.01096    -0.41     2.27
2013.01370     0.03     2.46
2013.01644    -0.19     2.68
2013.01918     0.60     2.68
2013.02192    -1.18     2.48
2013.02466    -1.82     2.51
2013.02740     0.22     2.49
2013.03014    -3.03     2.54
2013.03288    -0.54     3.12
2013.03562    -0.34     2.94
2013.03836    -1.56     2.20
2013.04110    -1.97     2.26
2013.04384    -1.08     2.39
2013.04658     1.31     2.42
2013.04932    -1.25     2.30
2013.05205    -2.47     2.26
2013.05479     0.71     2.38
2013.05753    -0.75     2.11
2013.06027    -0.06     2.21
2013.06301    -0.86     2.25
2013.06575    -2.66     2.29
2013.06849    -1.34     2.17
2013.07123    -1.36     2.11
2013.07397    -2.04     2.25
2013.07671    -0.99     2.13
2013.07945     0.26     2.21
2013.08219    -2.14     2.53
2013.08493    -2.37     2.48
2013.08767    -2.36     2.66
2013.09041    -0.04     2.43
2013.09315    -1.22     2.38
2013.09589    -0.32     2.38
2013.09863    -0.33     2.67
2013.10137    -0.82     2.48
2013.10411    -0.46     2.27
2013.10685    -0.86     2.19
2013.10959     1.09     2.50
2013.11233    -0.28     2.87
2013.11507     1.81     2.35
2013.11781     0.54     2.26
2013.12055    -2.54     2.52
2013.12329     0.05     2.35
2013.12603     2.07     2.57
2013.12877    -0.52     2.27
2013.13151     0.01     2.27
2013.13425    -0.26     2.35
2013.13699     2.95     2.47
2013.13973     0.14     2.60
2013.14247    -1.29     2.36
2013.14521     0.95     2.90
2013.14795    -1.56     2.77
2013.15342     0.88     2.37
2013.15616    -0.68     2.48
2013.15890    -0.59     2.38
2013.16164     0.46     2.30
2013.16438    -1.50     2.65
2013.16712     2.02     2.38
2013.16986    -0.24     2.31
2013.17260     0.80     2.31
2013.17534     0.91     2.88
2013.17808     0.67     2.58
2013.18082    -3.16     2.78
2013.18356    -0.68     2.42
2013.18630    -2.72     2.52
2013.18904     2.04     2.72
2013.19178    -0.20     2.70
2013.19452     2.19     2.61
2013.19726     0.78     2.83
2013.20000    -1.28     2.49
2013.20274    -0.54     2.36
2013.20548     0.65     2.60
2013.20822    -0.40     2.77
2013.21096     0.49     2.57
2013.21370    -0.68     2.78
2013.21644    -1.91     2.91
2013.21918     0.50     2.95
2013.22192     1.01     2.72
2013.22466    -0.28     3.51
2013.22740     2.54     3.58
2013.23014     2.28     2.48
2013.23288    -0.44     3.04
2013.23562     1.56     2.58
2013.23836     2.29     2.96
2013.24110     0.49     2.75
2013.24384     1.61     2.55
2013.24658     0.62     2.65
2013.24932    -1.14     2.65
2013.25205    -1.14     2.93
2013.25479     0.22     3.19
2013.25753    -1.28     3.23
2013.26027    -1.79     3.86
2013.26301    -0.20     2.85
2013.26575     0.61     2.55
2013.26849    -1.32     2.77
2013.27123     0.78     3.23
2013.27397    -0.32     2.98
2013.27671     0.41     2.72
2013.27945     0.99     2.72
2013.28219    -0.35     2.75
2013.28493     0.18     2.67
2013.28767    -0.99     2.84
2013.29041    -1.11     3.00
2013.29315     0.25     2.97
2013.29589     2.07     3.13
2013.29863     2.88     2.89
2013.30137     0.82     3.08
2013.30411     3.38     2.56
2013.30685     3.13     2.59
2013.31233     1.29     2.78
2013.31507     0.42     3.01
2013.31781     2.48     2.99
2013.32055    -0.27     3.26
2013.32329    -1.00     2.91
2013.32603    -0.37     2.61
2013.32877     2.18     3.12
2013.33151     1.20     2.63
2013.33425     0.80     2.77
2013.33699     2.00     2.73
2013.33973     3.45     2.64
2013.34247    -0.03     2.78
2013.34521     0.55     2.69
2013.34795     2.08     2.66
2013.35068     1.44     2.58
2013.35342     1.48     2.83
2013.35616     4.05     3.38
2013.35890     0.95     3.08
2013.36164     2.14     3.03
2013.36438     2.73     3.17
2013.36712     2.51     3.50
2013.36986     2.79     2.95
2013.37260     2.20     4.42
2013.37534     0.87     3.72
2013.37808     2.44     4.21
2013.38082     2.43     3.93
2013.38630     2.44     2.81
2013.38904    -1.11     3.20
2013.39178    -0.16     3.41
2013.39452     2.61     3.43
2013.39726     3.41     4.05
2013.40000    -0.15     2.98
2013.40274     0.86     3.06
2013.40548     2.58     2.93
2013.40822     0.73     2.96
2013.41096     1.16     3.50
2013.41370     1.17     4.90
2013.41644    -0.22     3.36
2013.41918     2.33     3.04
2013.42192     0.04     3.26
2013.42466     1.92     3.21
2013.42740    -0.62     3.05
2013.43014     1.81     3.23
2013.43288     1.59     5.42
2013.43562     0.22     3.49
2013.43836     1.50     3.66
2013.44110    -0.82     3.39
2013.44384     2.17     4.09
2013.44658     1.31     4.37
2013.44932    -3.93     3.71
2013.45205    -2.13     3.20
2013.45479     0.44     3.32
2013.45753    -1.73     3.95
2013.46301    -0.33     3.51
2013.46575    -2.62     3.58
2013.47397    -2.09     3.29
2013.47671    -2.53     3.80
2013.47945    -1.75     3.81
2013.48219    -2.70     3.52
2013.48493    -3.65     3.12
2013.48767    -0.15     2.94
2013.49041    -1.13     3.03
2013.49315    -2.31     4.38
2013.49589     1.17     3.19
2013.49863    -1.24     3.91
2013.50137    -3.13     3.57
2013.50411     0.76     3.74
2013.50685    -0.93     4.73
2013.50959    -2.86     4.00
2013.51233    -2.24     3.82
2013.51507    -2.11     3.58
2013.51781    -0.65     3.54
2013.52055    -2.40     3.11
2013.52329    -2.39     3.68
2013.52603    -1.45     3.23
2013.52877    -2.69     4.59
2013.53151    -1.99     5.72
2013.53425    -1.02     3.44
2013.53699     0.57     3.20
2013.53973     2.88     3.51
2013.54247     1.40     3.53
2013.54521    -2.28     3.07
2013.54795    -1.46     3.19
2013.55342     1.96     4.70
2013.55616    -0.29     3.72
2013.55890    -0.09     3.60
2013.56164    -2.43     4.06
2013.56438     0.22     4.81
2013.56712     1.44     4.05
2013.56986     2.16     3.70
2013.57260     2.83     3.97
2013.57534    -3.44     3.61
2013.57808    -0.54     3.35
2013.58082    -3.47     3.96
2013.58356    -1.83     3.21
2013.58630     0.01     6.07
2013.58904    -5.64     3.62
2013.59178    -0.81     3.63
2013.59452    -2.10     3.26
2013.59726     0.35     3.25
2013.60000    -1.38     4.05
2013.60274     1.70     2.93
2013.60548     2.46     3.89
2013.60822    -1.73     4.56
2013.61096     3.45     3.56
2013.61370     0.06     3.42
2013.61644    -1.77     3.43
2013.61918    -2.90     3.15
2013.62192    -0.65     3.30
2013.62466    -0.17     4.73
2013.62740    -0.69     3.87
2013.63014     0.47     3.85
2013.63288     1.94     4.27
2013.63562    -1.32     3.61
2013.63836    -0.20     4.23
2013.64110    -4.79     6.05
2013.64384    -2.60     3.98
2013.64658     0.77     4.52
2013.65479     3.36     3.76
2013.65753    -1.31     4.14
2013.66027    -4.21     5.67
2013.66301    -3.18     5.07
2013.66575    -4.27     3.89
2013.66849     0.14     4.33
2013.67123     1.68     3.22
2013.67671    -0.70     3.50
2013.68219     2.68     2.90
2013.68493    -1.76     3.05
2013.68767    -0.94     3.21
2013.69041    -0.96     4.27
2013.69315     3.74     3.48
2013.69589    -0.32     3.38
2013.69863     0.28     3.26
2013.70137    -3.31     3.29
2013.70411    -2.90     3.33
2013.70685     5.85     4.01
2013.70959     0.44     4.66
2013.71233    -1.03     3.36
2013.71507     2.20     3.68
2013.71781    -0.23     3.81
2013.72055     0.01     3.59
2013.72329    -1.30     4.29
2013.72603     0.56     3.49
2013.72877    -0.56     3.74
2013.73151     2.87     3.34
2013.73425    -1.11     3.47
2013.73699    -3.37     3.15
2013.73973     1.62     3.06
2013.74247     1.34     2.86
2013.74521     2.16     3.22
2013.74795    -0.10     3.40
2013.75342    -1.13     3.20
2013.75616     1.22     3.03
2013.75890     1.88     2.95
2013.76164     1.86     3.06
2013.76438    -1.31     3.67
2013.76712     2.20     2.88
2013.76986     2.47     2.79
2013.77260    -0.77     3.52
2013.77534    -1.45     4.37
2013.77808     1.71     3.33
2013.78356     1.68     3.31
2013.78630    -0.50     3.25
2013.78904     0.64     3.08
2013.79178     0.73     2.63
2013.79452     4.27     2.65
2013.79726     3.13     2.91
2013.80000    -0.22     2.89
2013.80274     2.35     2.73
2013.80548    -1.49     2.61
2013.80822     1.49     2.83
2013.81096     0.39     2.64
2013.81370    -0.72     2.55
2013.81644     2.77     2.82
2013.81918    -0.25     2.79
2013.82192    -0.67     2.86
2013.82466     2.06     2.70
2013.82740    -0.06     2.83
2013.83014     1.21     3.01
2013.83288    -2.75     3.58
2013.83562    -1.00     3.49
2013.83836    -0.47     3.02
2013.84110    -0.53     3.08
2013.84384    -3.91     3.18
2013.84658    -0.21     2.94
2013.84932    -2.32     2.66
2013.85205    -0.79     2.78
2013.85479    -1.19     2.96
2013.85753    -1.22     3.19
2013.86027     0.30     3.07
2013.86301    -1.31     3.03
2013.86575    -0.03     3.01
2013.86849    -2.37     2.84
2013.87123    -2.33     2.88
2013.87397    -1.22     2.67
2013.87671     0.16     2.88
2013.87945     1.07     2.75
2013.88219    -1.14     2.63
2013.88493    -0.08     2.71
2013.88767    -0.71     2.82
2013.89041    -1.77     2.61
2013.89315    -3.53     2.72
2013.89589    -1.91     2.74
2013.89863    -0.95     3.40
2013.90137     0.30     2.77
2013.90411    -3.47     2.65
2013.90685    -1.71     2.63
2013.90959    -1.70     2.55
2013.91233    -1.97     2.49
2013.91507    -1.86     2.57
2013.91781    -1.33     2.55
2013.92055    -1.76     2.37
2013.92329    -3.63     2.33
2013.92603    -0.76     2.44
2013.92877    -1.54     2.35
2013.93151     0.62     2.43
2013.93425     1.05     2.38
2013.93699    -1.35     2.73
2013.93973     0.76     2.71
2013.94247    -0.36     2.48
2013.94521    -1.03     2.66
2013.94795     0.13     2.56
2013.95068    -0.18     2.79
2013.95342    -2.18     2.69
2013.95616    -0.03     2.83
2013.95890    -1.85     3.04
2013.96164    -0.65     2.87
2013.96438    -1.47     2.70
2013.96712    -3.37     2.77
2013.96986    -2.40     2.53
2013.97260    -1.36     2.40
2013.97534     0.74     2.60
2013.97808     0.33     2.50
2013.98082    -0.71     2.77
2013.98356    -1.14     2.55
2013.98630    -2.16     2.44
2013.98904    -1.22     2.38
2013.99178    -2.04     2.56
2013.99452     0.75     2.42
2013.99726    -1.93     2.43
2014.00000    -2.11     2.56
2014.00274    -0.71     3.09
2014.00548     0.86     2.61
2014.00822    -2.01     2.68
2014.01096    -2.16     2.59
2014.01370    -0.02     2.48
2014.01644     1.86     2.37
2014.01918    -2.37     2.57
2014.02192    -0.18     2.62
2014.02466     0.95     2.56
2014.02740     0.56     2.52
2014.03014    -1.43     2.40
2014.03288    -2.23     2.39
2014.03562    -1.50     2.57
2014.03836    -2.54     2.58
2014.04110    -2.81     2.39
2014.04384    -1.08     2.46
2014.04658    -1.00     2.43
2014.04932    -0.32     2.31
2014.05205    -1.29     2.39
2014.05479    -2.41     2.75
2014.05753    -0.63     2.61
2014.06027    -3.08     2.90
2014.06301    -0.63     2.44
2014.06575    -2.31     2.43
2014.06849    -1.72     2.63
2014.07123    -1.25     2.59
2014.07671    -2.67     3.15
2014.07945    -0.98     3.61
2014.08219    -3.17     2.67
2014.08493    -5.64     2.64
2014.08767    -3.71     2.88
2014.09041    -3.61     3.24
2014.09315    -2.49     2.87
2014.09589    -3.07     2.79
2014.09863    -3.21     2.80
2014.10137    -2.02     3.11
2014.10411    -1.48     2.62
2014.10685    -0.90     2.62
2014.10959    -0.82     2.82
2014.11233    -0.13     2.94
2014.11507    -0.61     2.51
2014.11781    -0.45     2.49
2014.12055    -2.91     2.72
2014.12329    -4.18     2.53
2014.12603    -2.17     2.63
2014.12877    -1.94     2.63
2014.13151    -2.28     2.77
2014.13425    -1.76     3.09
2014.13699    -1.20     2.67
2014.13973     0.06     2.56
2014.14247     0.18     2.73
2014.14521     1.14     2.67
2014.14795    -0.14     2.72
2014.15068     0.34     2.55
2014.15342    -1.67     2.71
2014.15616     3.66     2.75
2014.15890    -0.49     2.98
2014.16164     1.78     3.33
2014.16438     1.84     3.33
2014.16712    -0.04     2.53
2014.17260    -0.79     2.63
2014.17534    -4.00     5.42
2014.17808     1.20     2.63
2014.18082     4.17     3.03
2014.18356     4.59     3.08
2014.18630     1.80     2.99
2014.18904    -0.46     2.68
2014.19178    -0.77     2.91
2014.19452     2.82     3.26
2014.19726     5.10     2.98
2014.20000     3.29     2.88
2014.20274    -0.95     3.05
2014.20548     2.58     2.61
2014.20822    -0.83     2.76
2014.21096     0.02     2.52
2014.21370     4.23     2.72
2014.21644     2.13     2.73
2014.21918     2.35     2.50
2014.22192     1.73     2.49
2014.22466     4.09     2.40
2014.22740    -0.76     2.73
2014.23014     0.83     2.65
2014.23288     1.72     2.93
2014.23562     2.30     2.86
2014.23836     2.13     2.89
2014.24110    -3.36     3.71
2014.24384     5.01     2.96
2014.24658    -2.37     5.22
2014.24932    -2.59     2.91
2014.25205     2.68     3.09
2014.25479     1.41     3.91
2014.26027     1.47     2.70
2014.26301     2.56     2.72
2014.26575     0.30     2.57
2014.26849     1.16     3.06
2014.27123     0.90     2.86
2014.27397     4.87     3.79
2014.27671     5.27     2.79
2014.27945     0.18     3.01
2014.28219     4.55     2.88
2014.28493     2.51     2.64
2014.28767     1.99     2.89
2014.29041    -0.21     2.60
2014.29315    -0.19     2.91
2014.29589     3.37     2.78
2014.30411     1.92     2.50
2014.30685     1.31     2.75
2014.30959     2.07     2.66
2014.31233     2.92     2.78
2014.31507     1.54     2.69
2014.31781     2.48     2.93
2014.32055     6.13     3.02
2014.32329     1.40     2.67
2014.32603    -1.00     2.72
2014.32877    -1.39     3.14
2014.33151     4.40     3.54
2014.33425     3.18     2.68
2014.33699     0.67     2.91
2014.33973    -1.21     2.70
2014.34247     0.03     2.76
2014.34521     2.10     2.73
2014.34795    -0.47     2.80
2014.35068     1.02     2.71
2014.35342     2.30     2.97
2014.35616     1.02     2.72
2014.35890    -1.55     2.97
2014.36164     3.04     3.34
2014.36438     3.90     3.75
2014.36712    -1.64     3.39
2014.36986    -0.89     4.06
2014.37260    -0.43     3.60
2014.37534     2.81     3.24
2014.37808     2.70     4.19
2014.38082     1.49     4.14
2014.38356    -4.62     4.94
2014.38630     4.46     3.49
2014.40000    -0.40     3.93
2014.40274     0.28     3.84
2014.40548     2.11     3.89
2014.40822     0.10     3.73
2014.41096    -0.66     3.43
2014.41370     0.88     3.13
2014.41644     1.06     3.51
2014.41918    -0.26     3.61
2014.42192     0.78     3.82
2014.42466     4.10     3.93
2014.42740    -1.42     3.72
2014.43014     1.69     3.13
2014.43288     1.31     3.87
2014.43562     1.93     3.73
2014.43836     3.61     3.51
2014.44110     0.06     3.36
2014.44384    -0.36     3.34
2014.44658     0.70     3.58
2014.44932     1.40     3.10
2014.45205     2.13     3.10
2014.45479     0.98     3.15
2014.45753     1.90     3.45
2014.46027     3.33     3.35
2014.46301    -3.15     4.23
2014.46575     0.46     3.20
2014.46849     1.30     3.51
2014.47123     4.27     3.22
2014.47397     1.92     3.57
2014.47671     2.73     3.97
2014.47945     1.17     3.59
2014.48493    -0.29     3.71
2014.48767     1.36     3.08
2014.49041     4.65     4.24
2014.49315     1.60     3.52
2014.49589     4.36     3.32
2014.49863     0.75     4.14
2014.50137     2.94     3.24
2014.50411     3.31     3.79
2014.50685     2.98     3.54
2014.50959     1.84     3.74
2014.51233     4.75     3.60
2014.51507     0.42     3.77
2014.51781     0.21     3.84
2014.52055     9.42     4.37
2014.52329    -0.39     3.55
2014.52603     2.20     3.39
2014.52877     1.68     3.42
2014.53151     4.25     3.10
2014.53425     2.20     3.37
2014.53699     2.16     3.93
2014.53973     3.70     3.74
2014.54247     2.82     4.38
2014.54521     2.95     4.18
2014.54795     8.87     6.02
2014.55068     5.94     3.77
2014.55342     3.47     3.88
2014.55616     1.81     4.31
2014.55890    -0.22     5.07
2014.56164     2.84     4.97
2014.56438    -1.16     3.65
2014.56712     1.89     4.17
2014.56986     3.15     3.39
2014.57260     9.21     5.41
2014.57534     4.15     4.00
2014.57808     3.87     3.79
2014.58082     2.62     4.57
2014.58356     1.36     4.55
2014.58904     5.28     4.59
2014.59178     7.10     3.59
2014.59726    -2.35     4.76
2014.60000     7.34     5.81
2014.60274     6.01     4.54
2014.60548     5.12     4.10
2014.60822     6.49     4.29
2014.61096     4.15     3.49
2014.61370     2.39     4.01
2014.61644     5.44     3.80
2014.61918     3.13     3.44
2014.62192     3.99     3.48
2014.62466     5.07     3.83
2014.62740     3.22     3.62
2014.63014     4.90     3.42
2014.63288     4.38     4.11
2014.63562     3.01     4.17
2014.63836     5.87     3.69
2014.64110     3.67     5.09
2014.64384     2.12     3.60
2014.64658     4.82     3.96
2014.64932     3.47     4.14
2014.65205     3.20     3.63
2014.65479     0.62     4.04
2014.65753     3.97     4.01
2014.66027     7.11     3.28
2014.66301     5.68     3.44
2014.66575     7.20     3.67
2014.66849     5.51     4.32
2014.67123     7.55     3.96
2014.67397     2.81     3.59
2014.67671     4.66     4.01
2014.67945     2.82     3.44
2014.68219     4.83     3.56
2014.68493     3.84     3.78
2014.68767     1.47     3.86
2014.69041     1.90     4.47
2014.69315     2.95     4.05
2014.69589     3.00     3.55
2014.70137     3.85     3.79
2014.70411     1.56     4.31
2014.70685     7.06     4.40
2014.70959     2.90     3.59
2014.71233     3.57     3.29
2014.71507     1.16     3.47
2014.71781     3.46     3.54
2014.72055     4.14     5.22
2014.72329     6.00     3.74
2014.72603     7.35     4.08
2014.72877     5.80     3.37
2014.73151     3.96     3.27
2014.73425     4.47     4.46
2014.73699     3.45     3.05
2014.73973     6.57     3.07
2014.74247     7.79     3.34
2014.74521     4.10     3.21
2014.74795     1.35     4.57
2014.75068     4.70     3.97
2014.75342     6.25     3.65
2014.75616     4.47     3.65
2014.75890     2.76     4.06
2014.76164     4.01     3.19
2014.76438     3.44     3.10
2014.76712     4.46     2.95
2014.76986     5.55     3.06
2014.77260     4.89     2.97
2014.77534     4.61     3.23
2014.77808     4.27     3.20
2014.78082     5.21     3.38
2014.78356     5.87     3.51
2014.78630     4.88     3.39
2014.78904     5.29     3.45
2014.79178     4.69     3.20
2014.79452     4.04     3.13
2014.79726     5.31     3.11
2014.80000     6.99     3.37
2014.80274     7.10     3.40
2014.80548     5.63     3.09
2014.80822     4.61     3.24
2014.81096     7.18     3.11
2014.81370     7.40     2.96
2014.81644     3.89     3.94
2014.81918     7.67     3.56
2014.82192     4.93     3.49
2014.82466     6.73     3.16
2014.82740     7.89     3.23
2014.83014     6.76     3.36
2014.83288     6.12     3.26
2014.83562     7.43     3.36
2014.83836     5.74     3.72
2014.84110     7.87     3.22
2014.84384     6.80     3.09
2014.84658     7.44     3.01
2014.84932     7.59     3.13
2014.85479     5.72     3.55
2014.85753     5.68     2.87
2014.86027     5.24     2.87
2014.86301     5.74     3.00
2014.86575     3.77     2.77
2014.86849     5.98     2.48
2014.87123     7.60     2.67
2014.87397     7.43     2.60
2014.87671     4.12     2.94
2014.87945     4.05     2.87
2014.88219     6.80     2.58
2014.88493     4.42     2.81
2014.88767     7.45     2.64
2014.89041     4.02     3.01
2014.89315     7.75     2.49
2014.89589     5.04     2.74
2014.89863     5.54     2.68
2014.90137     5.87     2.75
2014.90411     6.75     2.82
2014.90685     5.63     2.91
2014.90959     6.71     3.09
2014.91233     2.58     3.13
2014.91507     4.78     3.15
2014.91781     3.54     2.90
2014.92055     7.75     2.72
2014.92329     7.23     2.62
2014.92603     8.14     2.82
2014.92877     7.18     2.62
2014.93151     6.02     2.57
2014.93425     5.95     2.82
2014.93699     5.98     2.72
2014.93973     5.53     2.56
2014.94247     4.84     2.65
2014.94521     5.73     2.45
2014.94795     6.70     2.68
2014.95068     5.88     2.44
2014.95342     5.00     2.36
2014.95616     7.27     2.55
2014.95890     7.79     2.64
2014.96164     8.80     2.62
2014.96438     7.04     2.71
2014.96712     8.32     3.05
2014.96986     8.84     2.87
2014.97260     8.04     2.44
2014.97534     6.62     2.44
2014.97808     4.91     2.56
2014.98082     5.85     2.87
2014.98356     6.90     3.04
2014.98630     4.74     2.82
2014.98904     9.12     2.87
2014.99178     7.97     2.61
2014.99452     8.14     2.38
2014.99726     6.63     2.43
2015.00000     7.04     2.50
2015.00274     4.68     2.51
2015.00548     9.01     2.59
2015.00822     5.54     2.53
2015.01096     5.72     2.51
2015.01370     5.78     2.57
2015.01644     4.74     2.71
2015.01918     4.91     2.71
2015.02192     7.79     2.87
2015.02466     3.37     2.52
2015.02740     4.67     2.59
2015.03288     6.16     2.43
2015.03562     3.53     2.86
2015.03836     5.58     2.48
2015.04110     4.83     2.46
2015.04384     3.59     2.43
2015.04658     3.47     2.50
2015.04932     3.73     2.49
2015.05205     5.07     2.97
2015.05479     5.60     2.67
2015.05753     5.43     2.84
2015.06027     5.09     2.57
2015.06301     4.38     3.15
2015.06575     4.49     2.64
2015.06849     5.01     2.51
2015.07123     5.09     2.53
2015.07397     3.57     2.47
2015.07671     3.54     2.28
2015.07945     4.13     2.69
2015.08219     5.85     2.48
2015.08493     4.27     2.57
2015.08767     5.91     2.41
2015.09041     4.91     2.46
2015.09315     7.37     2.58
2015.09589     7.21     2.51
2015.09863     7.42     2.44
2015.10137     8.41     2.30
2015.10411     4.03     2.62
2015.10685     6.64     2.30
2015.10959     7.39     2.34
2015.11233     6.15     2.48
2015.11507     6.03     2.70
2015.11781     5.60     2.55
2015.12055     4.25     2.75
2015.12329     1.97     2.78
2015.12603     5.78     3.47
2015.12877     5.80     3.12
2015.13151     4.01     2.60
2015.13425     4.26     2.55
2015.13699     3.83     2.71
2015.13973     4.79     2.64
2015.14247     7.55     3.41
2015.14521     3.88     2.82
2015.14795     5.73     3.18
2015.15068     6.39     2.86
2015.15342     5.43     3.18
2015.15616     3.05     3.14
2015.15890     6.75     3.05
2015.16164     6.64     3.09
2015.16438     5.98     2.68
2015.16712     7.16     2.90
2015.16986     5.48     2.98
2015.17260     5.70     3.44
2015.17534     5.22     2.84
2015.17808     6.78     3.04
2015.18082     3.53     2.47
2015.18356     4.68     3.07
2015.18630     5.34     3.16
2015.18904     5.42     2.89
2015.19178     6.39     3.06
2015.19452     4.80     2.85
2015.19726     3.62     2.90
2015.20000     2.42     3.41
2015.20274     3.56     2.93
2015.20548     2.85     2.94
2015.20822     3.28     2.99
2015.21096     6.92     3.00
2015.21370     7.65     3.16
2015.21644     4.49     2.67
2015.21918     7.61     2.95
2015.22192     5.62     2.90
2015.22466     6.85     3.50
2015.22740     7.73     3.19
2015.23014     4.68     3.09
2015.23288     6.58     3.12
2015.23562     4.34     2.90
2015.23836     2.90     3.15
2015.24110     3.52     3.07
2015.24384     5.56     2.90
2015.24658     4.88     2.93
2015.24932     7.32     3.28
2015.25205     4.92     3.33
2015.25479     4.73     3.48
2015.25753     5.96     3.86
2015.26027     9.31     3.80
2015.26301     6.41     4.05
2015.26575     0.44     3.42
2015.26849     4.75     2.90
2015.27123     1.11     2.93
2015.27397     6.46     3.13
2015.27671    11.05     3.42
2015.27945     6.85     3.42
2015.28219     5.38     3.26
2015.28493     6.81     2.86
2015.28767     5.89     3.75
2015.29041     7.27     3.81
2015.29315     3.34     4.05
2015.29589     2.07     3.65
2015.29863     4.49     3.85
2015.30137     8.14     3.95
2015.30411    11.51     6.43
2015.30685     5.54     3.61
2015.30959     6.07     3.44
2015.31233     5.02     3.35
2015.31507     4.38     3.02
2015.31781     5.97     3.28
2015.32055     4.21     3.27
2015.32329     5.04     3.62
2015.32603     8.20     3.50
2015.32877     5.62     3.18
2015.33151     8.98     3.46
2015.33425     7.54     3.60
2015.33699     4.23     3.63
2015.33973     3.12     3.76
2015.34247     3.56     3.54
2015.34521     3.54     3.31
2015.34795     5.12     3.41
2015.35068     2.58     3.56
2015.35342     9.38     3.62
2015.35616     5.77     3.90
2015.35890     4.04     3.73
2015.36164    10.81     4.39
2015.36438     6.66     3.10
2015.36712     5.00     3.57
2015.36986     6.62     3.86
2015.37260     6.63     3.52
2015.37534     3.54     4.11
2015.37808     4.01     3.49
2015.38082     6.62     3.67
2015.38356     2.40     3.76
2015.38630     3.94     3.23
2015.38904     7.52     3.55
2015.39178     8.40     3.64
2015.39452     6.55     3.50
2015.39726     6.83     3.44
2015.40000    10.56     3.26
2015.40274     5.63     3.06
2015.40548     3.59     3.47
2015.40822     6.47     3.09
2015.41096     6.71     4.07
2015.41370     6.61     4.06
2015.41644     2.03     3.74
2015.41918     0.56     4.19
2015.42192     2.36     3.90
2015.42466     4.31     3.63
2015.42740     3.48     3.93
2015.43014     8.16     3.79
2015.43288     3.69     3.86
2015.43562     3.69     3.80
2015.43836    -0.51     3.63
2015.44110     1.67     3.64
2015.44384     4.59     4.26
2015.44658     2.07     3.59
2015.44932     3.87     3.94
2015.45205     5.02     4.16
2015.45479     2.47     3.93
2015.45753     3.86     3.90
2015.46027     1.96     3.65
2015.46301     5.27     3.70
2015.46575     9.52     3.95
2015.46849     7.78     5.14
2015.47123     1.09     4.11
2015.47397     5.25     3.91
2015.47671     8.02     3.61
2015.47945     4.16     4.48
2015.48219     4.62     3.97
2015.48493     4.66     3.98
2015.48767     5.50     3.84
2015.49041     3.90     3.87
2015.49315     3.00     4.71
2015.49589     4.51     3.92
2015.49863     3.29     4.45
2015.50137     4.29     4.34
2015.50411     5.80     3.77
2015.50685     4.24     4.41
2015.50959    10.41     4.32
2015.51233     9.34     3.78
2015.51507     7.03     3.71
2015.51781     6.12     3.78
2015.52055     5.47     4.03
2015.52329    10.67     4.16
2015.52603     4.43     3.67
2015.52877     8.27     6.58
2015.53151     7.79     5.72
2015.53699     6.60     4.62
2015.53973     3.42     3.64
2015.54247     6.96     4.22
2015.54521     6.69     4.47
2015.54795    11.85     4.06
2015.55068     5.26     3.48
2015.55342     6.80     3.91
2015.55616     8.59     3.82
2015.55890     9.04     3.46
2015.56164     0.03     4.33
2015.56438     3.45     4.18
2015.56712     7.18     4.09
2015.56986     3.77     4.82
2015.57260     3.30     4.58
2015.57534     8.96     3.77
2015.57808     3.24     3.98
2015.58082     3.99     4.84
2015.58356     6.78     4.80
2015.58630     5.61     4.48
2015.58904     4.14     3.65
2015.59178     1.64     3.99
2015.59452     4.32     4.29
2015.59726     4.10     4.13
2015.60000     5.32     4.25
2015.60274     8.04     4.20
2015.60548     7.81     5.01
2015.60822     5.15     4.06
2015.61096     4.22     3.98
2015.61370     7.66     4.25
2015.61644     5.80     3.80
2015.61918     8.13     3.76
2015.62192     7.21     3.89
2015.62466     9.36     3.84
2015.62740    11.00     3.58
2015.63014     9.64     3.68
2015.63288     9.07     4.45
2015.63562     7.60     3.76
2015.63836     6.23     4.35
2015.64110     9.86     3.71
2015.64384     6.92     4.09
2015.64658     7.50     4.88
2015.64932    11.40     4.56
2015.65205    10.75     4.48
2015.65479    10.48     3.31
2015.65753     8.94     3.61
2015.66027    11.98     3.36
2015.66301    11.32     3.32
2015.66575    11.13     3.41
2015.66849    10.72     3.48
2015.67123     7.27     3.65
2015.67397     7.87     3.24
2015.67671     7.30     3.51
2015.67945     6.88     3.42
2015.68219     7.85     3.79
2015.68493    10.10     3.61
2015.68767     6.74     3.55
2015.69041     5.37     3.74
2015.69315     5.88     3.36
2015.69589    10.93     3.64
2015.69863     8.01     3.67
2015.70137     5.20     3.49
2015.70411     7.74     3.78
2015.70685     7.88     3.41
2015.70959     7.10     3.87
2015.71233     6.59     3.30
2015.71507     1.18     3.71
2015.71781     6.05     3.58
2015.72055     8.53     3.04
2015.72329     4.71     3.20
2015.72603     5.34     3.32
2015.72877     3.03     3.34
2015.73151     5.34     3.46
2015.73425     5.84     3.55
2015.73699     6.52     3.26
2015.73973     7.94     3.47
2015.74247     8.38     4.45
2015.74521     7.52     3.86
2015.74795     5.05     3.72
2015.75068     3.53     4.15
2015.75342     2.37     3.55
2015.75616     2.10     3.45
2015.75890     6.57     3.63
2015.76164     5.46     3.43
2015.76438     3.42     3.48
2015.76712     5.18     3.29
2015.76986     2.58     3.80
2015.77260     6.70     3.22
2015.77534     6.70     3.48
2015.77808     6.30     3.16
2015.78082     6.60     3.06
2015.78356     7.32     3.30
2015.78630     6.61     3.24
2015.78904     6.79     2.94
2015.79178     7.56     3.22
2015.79452     9.42     3.75
2015.79726     8.57     3.43
2015.80000     9.44     3.81
2015.80274     9.56     3.20
2015.80548    12.04     3.37
2015.80822     9.55     3.33
2015.81096     9.76     3.22
2015.81370     6.97     3.88
2015.81644     7.56     3.43
2015.81918     7.32     3.01
2015.82192     6.60     3.23
2015.82466     8.43     3.15
2015.82740     8.39     3.21
2015.83288    10.41     4.39
2015.83562     3.31     3.24
2015.83836     5.55     3.50
2015.84110    -0.61     3.89
2015.84384     2.54     3.48
2015.84658     4.08     3.00
2015.84932     0.59     3.42
2015.85205     0.22     3.83
2015.85479     1.55     3.32
2015.85753     4.02     3.90
2015.86027     4.20     3.12
2015.86301     2.44     3.25
2015.86575    -0.84     2.91
2015.86849    -0.74     3.04
2015.87123     6.40     3.14
2015.87397    -0.26     3.12
2015.87671     1.34     2.94
2015.87945     1.43     2.92
2015.88219     3.09     3.16
2015.88493     4.45     4.30
2015.88767     4.26     4.11
2015.89041     0.41     3.43
2015.89315     1.77     2.74
2015.89589     3.71     3.25
2015.89863     1.44     5.91
2015.90137     4.87     3.43
2015.90411     9.60     2.85
2015.90685     7.47     2.85
2015.90959     4.65     2.90
2015.91233    10.02     2.72
2015.91507     9.46     2.83
2015.91781     9.42     3.12
2015.92055     8.74     2.94
2015.92329    11.88     2.80
2015.92603     9.94     3.00
2015.92877     8.47     3.47
2015.93151    11.22     2.91
2015.93425    12.28     3.01
2015.93699     8.15     2.65
2015.93973     9.24     3.40
2015.94247    12.82     3.15
2015.94795    11.74     3.25
2015.95068     9.80     2.80
2015.95342    11.43     2.84
2015.95616     9.58     2.37
2015.95890    11.75     2.45
2015.96164    13.93     2.54
2015.96438    12.70     2.26
2015.96712    11.64     2.51
2015.96986     9.34     2.78
2015.97260     8.81     2.83
2015.97534     8.97     2.48
2015.97808     9.19     2.50
2015.98082     8.71     2.78
2015.98356     9.76     2.59
2015.98630    10.22     2.34
2015.98904    11.19     2.94
2015.99178    12.00     2.44
2015.99452     9.61     2.34
2015.99726     9.11     2.38
2016.00000     9.72     2.33
2016.00273     8.28     2.39
2016.00546     7.63     3.08
2016.00820     7.63     3.08
2016.01093     7.82     2.74
2016.01366     4.82     3.04
2016.01639     7.37     2.83
2016.01913     7.31     2.69
2016.02186     9.84     2.38
2016.02459     8.22     2.46
2016.02732     9.43     2.53
2016.03005    10.39     2.74
2016.03279    10.53     2.87
2016.03552    10.00     2.83
2016.03825     9.70     2.52
2016.04098     9.65     2.80
2016.04372     5.61     2.95
2016.04645     7.84     3.38
2016.04918    10.47     2.45
2016.05191     9.36     2.67
2016.05464     8.97     2.48
2016.05738     8.31     2.35
2016.06011    10.46     2.42
2016.06284     9.36     2.61
2016.06557    12.77     2.75
2016.06831    11.83     2.40
2016.07104     8.32     2.58
2016.07377     9.88     2.48
2016.07650    10.29     2.69
2016.07923    11.41     3.57
2016.08197    10.76     2.57
2016.08470    13.48     2.39
2016.08743    12.33     2.82
2016.09016    13.00     2.32
2016.09290    12.39     2.32
2016.09563     9.52     2.94
2016.10383    -2.37     2.61
2016.10656    -4.19     2.50
2016.10929    -6.67     2.49
2016.11202    -5.99     2.46
2016.11475    -8.21     3.29
2016.12022    -7.79     2.94
2016.12295    -6.24     2.93
2016.12568    -3.91     2.54
2016.12842    -5.34     2.50
2016.13115    -5.74     2.47
2016.13388    -5.97     2.39
2016.13661    -6.77     2.59
2016.13934    -6.63     2.45
2016.14208    -5.99     2.56
2016.14481    -8.30     2.47
2016.14754    -6.73     2.46
2016.15027    -5.63     2.62
2016.15301    -9.07     2.42
2016.15574    -8.08     2.57
2016.15847    -6.86     2.81
2016.16120    -9.57     2.84
2016.16393    -7.18     2.85
2016.16667    -8.22     2.70
2016.16940   -10.66     4.42
2016.17213    -9.60     3.14
2016.17486    -8.14     2.94
2016.17760    -7.30     3.16
2016.18033    -9.73     2.62
2016.18306    -9.13     2.87
2016.18579   -10.01     3.63
2016.18852    -8.83     3.30
2016.19126    -9.40     3.31
2016.19399    -5.69     2.54
2016.19672    -9.97     2.94
2016.19945    -9.07     3.66
2016.20219    -8.47     3.17
2016.20492   -12.91     3.24
2016.20765   -11.85     2.81
2016.21038   -12.61     3.05
2016.21311   -13.34     2.95
2016.21585   -11.71     3.12
2016.21858   -10.50     2.78
2016.22131    -8.34     2.75
2016.22404   -12.93     2.85
2016.22678    -9.11     3.73
2016.22951    -7.99     2.45
2016.23224    -7.36     2.62
2016.23497    -9.72     2.47
2016.23770   -10.96     2.81
2016.24044   -10.40     3.07
2016.24317   -12.69     2.73
2016.24590   -13.66     3.04
2016.24863   -12.01     3.20
2016.25137   -12.23     3.05
2016.25683    -6.36     5.98
2016.25956   -10.84     2.89
2016.26230   -14.48     2.97
2016.26503   -10.90     3.08
2016.26776   -16.71     2.98
2016.27049   -13.52     3.07
2016.27322   -14.45     3.16
2016.27596   -12.00     4.00
2016.27869   -13.51     3.26
2016.28142   -18.18     3.20
2016.28415   -13.43     4.39
2016.28689    -9.91     4.84
2016.28962   -15.96     3.46
2016.29235   -18.08     3.52
2016.29508   -19.67     3.52
2016.29781   -14.22     3.69
2016.30055   -14.56     3.05
2016.30328   -18.26     3.14
2016.30601   -17.35     3.14
2016.30874   -19.52     3.05
2016.31148   -18.29     3.18
2016.31421   -17.45     3.16
2016.31694   -17.32     2.96
2016.31967   -16.46     3.36
2016.32240   -14.61     3.33
2016.32514   -14.79     3.46
2016.32787   -15.06     2.99
2016.33060   -17.98     2.81
2016.33333   -17.54     3.06
2016.33607   -14.00     3.39
2016.33880   -16.15     3.30
2016.34153   -15.88     3.00
2016.34426   -20.20     3.08
2016.34699   -17.75     3.25
2016.34973   -17.39     3.55
2016.35246   -18.66     3.53
2016.35519   -20.68     3.45
2016.35792   -16.66     4.06
2016.36066   -16.84     3.72
2016.36339   -17.83     3.66
2016.36612   -18.72     4.04
2016.36885   -17.97     3.86
2016.37158   -18.34     3.58
2016.37432   -18.03     3.14
2016.37705   -19.53     2.85
2016.37978   -18.81     3.06
2016.38251   -19.86     3.05
2016.38525   -17.23     2.96
2016.38798   -12.93     3.10
2016.39071   -14.65     4.01
2016.39344   -17.72     3.84
2016.39617   -19.21     4.14
2016.39891   -22.27     3.88
2016.40164   -19.52     3.11
2016.40437   -20.49     3.08
2016.40710   -21.73     3.24
2016.40984   -16.81     3.34
2016.41257   -18.52     3.84
2016.41530   -18.44     3.30
2016.41803   -16.46     3.33
2016.42077   -16.28     3.48
2016.42350   -19.56     3.31
2016.42623   -19.04     3.57
2016.42896   -15.90     4.41
2016.43169   -18.14     4.02
2016.43443   -22.60     5.56
2016.43716   -17.23     3.90
2016.43989   -14.48     3.27
2016.44262   -14.57     3.64
2016.44536   -12.51     3.44
2016.44809   -14.68     4.09
2016.45082   -18.73     4.32
2016.45355   -16.47     4.40
2016.45628   -22.61     3.79
2016.45902   -21.13     3.59
2016.46175   -21.45     3.66
2016.46448   -22.69     4.67
2016.46721   -17.57     4.08
2016.46995   -20.23     3.65
2016.47268   -19.34     3.72
2016.47541   -20.89     3.62
2016.47814   -15.39     4.02
2016.48087   -18.66     3.98
2016.48361   -18.95     3.96
2016.48634   -22.14     4.87
2016.48907   -21.67     3.70
2016.49180   -16.79     4.02
2016.49454   -20.20     4.32
2016.49727   -17.33     4.22
2016.50000   -20.57     3.67
2016.50273   -18.34     3.72
2016.50546   -17.72     3.96
2016.50820   -19.73     3.71
2016.51093   -18.13     3.84
2016.51366   -14.53     4.17
2016.51639   -14.65     3.80
2016.51913   -11.23     4.67
2016.52186   -15.51     4.72
2016.52459   -12.88     4.10
2016.52732   -12.68     4.73
2016.53005   -16.08     4.81
2016.53279   -18.16     3.45
2016.53552   -18.26     3.54
2016.53825   -23.42     3.52
2016.54098   -22.36     4.01
2016.54372   -16.53     4.24
2016.54645   -20.55     4.08
2016.54918   -15.49     3.25
2016.55191   -19.23     3.95
2016.55464   -22.33     3.38
2016.55738   -21.35     3.85
2016.56011   -13.98     3.99
2016.56284   -15.07     4.20
2016.56557   -19.64     3.28
2016.56831   -18.22     3.54
2016.57104   -16.23     3.96
2016.57377   -15.91     4.34
2016.57650   -18.32     4.34
2016.57923   -17.07     4.01
2016.58197   -17.59     4.20
2016.58470   -12.32     4.15
2016.58743   -16.77     3.37
2016.59016   -19.41     3.30
2016.59290   -18.48     3.47
2016.59563   -16.68     3.39
2016.59836   -15.06     4.02
2016.60109   -20.35     5.11
2016.60383   -19.14     4.58
2016.60656   -17.26     4.35
2016.60929   -17.11     4.34
2016.61202   -16.17     3.85
2016.61475   -15.74     2.99
2016.61749   -15.10     3.14
2016.62022   -20.64     3.41
2016.62295   -17.57     3.79
2016.62568   -14.98     3.60
2016.62842   -16.73     3.64
2016.63115   -17.55     4.39
2016.63388   -17.28     4.39
2016.63661   -24.03     4.30
2016.63934   -23.74     5.05
2016.64208   -20.10     4.60
2016.64481   -20.01     4.11
2016.64754   -17.87     4.19
2016.65027   -17.91     4.03
2016.65301   -20.62     4.86
2016.65574   -16.50     5.01
2016.65847   -15.89     4.30
2016.66120    -9.14     5.00
2016.66393   -14.66     3.61
2016.66667   -19.53     3.65
2016.66940   -19.14     3.64
2016.67213   -14.49     4.82
2016.67486   -13.94     3.69
2016.67760   -19.16     4.16
2016.68033   -18.01     4.38
2016.68306   -11.98     4.03
2016.68579   -16.08     3.51
2016.68852   -13.43     3.44
2016.69126   -20.15     3.82
2016.69399   -18.35     3.41
2016.69672   -15.84     4.23
2016.69945   -17.04     3.88
2016.70219   -17.09     3.77
2016.70492   -19.19     6.93
2016.71585   -18.59     3.27
2016.71858   -17.10     4.36
2016.72131   -18.46     4.14
2016.72404   -15.62     3.96
2016.72678   -12.32     5.06
2016.72951   -16.70     4.65
2016.73224   -19.44     3.77
2016.73497   -12.84     4.20
2016.73770   -18.39     3.90
2016.74044   -14.42     5.31
2016.74317   -19.05     6.74
2016.74590   -16.32     4.48
2016.74863   -14.20     3.94
2016.75137   -15.39     3.91
2016.75410   -19.64     3.96
2016.75683   -14.97     3.85
2016.75956   -23.29     5.16
2016.76230   -20.47     4.61
2016.76503   -13.98     4.22
2016.76776   -16.13     3.99
2016.77049   -13.07     3.67
2016.77322   -14.95     3.84
2016.77596   -16.80     3.78
2016.77869   -15.08     4.25
2016.78142   -20.11     4.03
2016.78415   -17.54     4.03
2016.78689   -17.75     3.94
2016.78962   -19.73     4.44
2016.79235   -17.07     4.22
2016.79508   -16.46     4.05
2016.79781   -21.22     3.63
2016.80328   -17.13     6.01
2016.80601   -18.47     3.98
2016.80874   -19.76     3.73
2016.81148   -19.67     3.76
2016.81421   -18.81     3.74
2016.81694   -20.64     3.79
2016.81967   -17.96     3.58
2016.82240   -18.64     3.24
2016.82514   -19.20     3.55
2016.82787   -16.55     3.68
2016.83060   -18.26     3.57
2016.83333   -16.53     3.51
2016.83607   -18.10     3.47
2016.83880   -16.85     3.71
2016.84153   -17.07     3.38
2016.84426   -21.10     5.21
2016.84699   -16.78     3.56
2016.84973   -16.72     3.64
2016.85246   -18.19     3.43
2016.85519   -14.51     2.82
2016.85792   -16.11     2.85
2016.86066   -14.42     3.12
2016.86339   -16.60     2.73
2016.86612   -18.67     2.91
2016.86885   -19.75     2.91
2016.87158   -16.50     2.91
2016.87432   -16.98     2.99
2016.87705   -16.96     2.93
2016.87978   -15.51     3.45
2016.88251   -15.82     2.89
2016.88525   -18.59     3.52
2016.88798   -17.36     3.20
2016.89071   -18.89     3.22
2016.89344   -15.89     3.01
2016.89617   -13.61     3.24
2016.89891   -17.14     3.03
2016.90164   -17.70     2.86
2016.90437   -14.40     3.21
2016.90710   -10.24     3.70
2016.90984   -12.58     3.52
2016.91257   -15.56     3.11
2016.91530   -14.79     3.39
2016.91803   -14.64     3.37
2016.92077   -16.41     3.15
2016.92350   -17.38     3.09
2016.92623   -17.04     3.33
2016.92896   -17.05     2.97
2016.93169   -14.51     2.77
2016.93443   -14.67     2.99
2016.93716   -14.67     3.19
2016.93989   -14.19     3.25
2016.94262   -15.72     2.97
2016.94536   -13.07     3.02
2016.94809   -15.68     3.18
2016.95082   -12.57     3.04
2016.95355   -12.65     2.95
2016.95628   -14.23     2.61
2016.95902   -10.47     2.99
2016.96175   -11.71     2.83
2016.96448   -13.95     2.93
2016.96721   -18.14     3.34
2016.96995   -17.42     3.16
2016.97268   -19.25     2.96
2016.97541   -16.77     2.78
2016.97814   -16.04     2.89
2016.98087   -17.65     2.51
2016.98361   -19.62     2.74
2016.98634   -14.36     3.06
2016.98907   -14.35     3.17
2016.99180   -14.94     2.74
2016.99454   -12.36     2.79
2016.99727   -12.93     2.77
2017.00000   -12.24     2.95
2017.00274   -14.95     2.86
2017.00548   -12.70     2.77
2017.00822   -16.98     2.59
2017.01096   -17.10     2.76
2017.01370   -14.14     2.79
2017.01644   -17.26     2.67
2017.01918   -13.68     2.92
2017.02192   -13.38     2.93
2017.02466   -13.40     3.15
2017.02740   -12.36     3.58
2017.03014   -10.00     3.09
2017.03288   -13.18     2.92
2017.03562   -11.82     2.67
2017.03836   -13.16     2.34
2017.04110   -10.10     2.61
2017.04384   -11.47     2.62
2017.04658   -11.45     3.03
2017.04932   -14.54     2.97
2017.05205   -14.24     2.82
2017.05479   -12.10     2.67
2017.05753   -12.55     2.83
2017.06027   -13.47     2.75
2017.06301   -12.83     2.67
2017.06575   -10.98     2.53
2017.06849   -10.90     3.34
2017.07123   -13.10     2.73
2017.07397    -9.73     2.91
2017.07671   -13.43     2.95
2017.07945   -13.76     2.92
2017.08219   -11.10     3.14
2017.08493   -10.29     2.85
2017.08767   -12.19     2.81
2017.09041   -10.41     2.62
2017.09589   -10.10     3.81
2017.09863   -10.21     3.03
2017.10137   -12.08     2.85
2017.10411   -13.15     2.90
2017.10685    -9.67     3.25
2017.10959   -12.79     2.27
2017.11233   -10.23     2.42
2017.11507    -7.74     2.73
2017.11781    -9.95     2.79
2017.12055   -12.33     2.60
2017.12329   -14.04     2.71
2017.12603   -11.54     2.65
2017.12877   -13.93     2.50
2017.13151   -14.73     2.70
2017.13425   -15.47     3.02
2017.13699   -15.55     3.07
2017.13973   -13.46     3.01
2017.14247   -18.00     3.07
2017.14521   -17.01     3.17
2017.14795   -16.61     2.93
2017.15068    -9.67     2.88
2017.15616   -13.78     2.64
2017.15890   -14.70     2.64
2017.16164   -14.96     2.64
2017.16438   -14.96     2.76
2017.16712   -16.37     2.81
2017.16986   -16.69     2.45
2017.17260   -15.52     2.74
2017.17534   -17.87     2.91
2017.17808   -16.82     2.66
2017.18082   -13.41     2.35
2017.18356   -12.44     2.67
2017.18630   -12.56     2.72
2017.18904   -18.15     2.79
2017.19178   -12.03     2.55
2017.19452   -19.09     2.50
2017.19726   -21.14     2.81
2017.20000   -19.92     2.62
2017.20274   -11.08     3.65
2017.20548   -13.30     3.89
2017.20822   -18.58     2.51
2017.21096   -18.64     2.91
2017.21370   -16.34     3.15
2017.21644   -20.28     2.86
2017.21918   -15.56     3.57
2017.22192   -15.71     4.35
2017.22466   -19.35     3.31
2017.22740   -18.03     3.55
2017.23014   -18.80     3.04
2017.23288   -10.72     3.17
2017.23562   -17.74     3.58
2017.23836   -17.80     3.40
2017.24110   -19.02     3.33
2017.24384   -19.77     3.09
2017.24658   -20.90     4.53
2017.24932   -12.92     3.54
2017.25205   -15.30     4.27
2017.25479   -16.25     3.99
2017.25753   -13.30     4.03
2017.26027   -16.08     3.30
2017.26301   -19.25     3.57
2017.26575   -19.36     3.32
2017.26849    -9.01     6.58
2017.27123   -10.15     5.55
2017.27397   -14.68     3.77
2017.27671   -16.11     4.73
2017.27945   -20.70     4.07
2017.28219   -10.02     4.51
2017.28493   -16.47     3.39
2017.28767   -17.76     4.33
2017.29041   -16.10     4.31
2017.29315   -19.36     3.65
2017.29589   -21.77     3.41
2017.29863   -21.90     4.31
2017.30137   -13.11     4.70
2017.30411   -12.25     4.27
2017.30685   -14.22     3.15
2017.30959   -15.45     2.79
2017.31233    -9.99     2.86
2017.31507   -13.14     3.12
2017.31781   -15.31     3.14
2017.32055   -13.44     3.43
2017.32329   -10.80     3.63
2017.32603   -13.94     3.37
2017.32877   -15.82     3.03
2017.33151   -20.62     2.97
2017.33425   -17.74     3.08
2017.33699   -14.26     3.19
2017.33973   -17.43     3.29
2017.34247   -19.39     3.43
2017.34521   -13.18     3.69
2017.34795   -15.63     3.12
2017.35068   -13.23     3.36
2017.35342   -16.36     3.42
2017.35616   -17.16     3.81
2017.35890   -14.98     3.32
2017.36164   -15.15     3.27
2017.36438   -14.62     3.40
2017.36712   -16.65     3.35
2017.36986   -13.77     3.33
2017.37260    -8.46     2.98
2017.37534   -15.40     2.93
2017.37808   -11.68     3.53
2017.38082   -11.47     3.33
2017.38356   -10.94     3.06
2017.38630   -15.53     3.11
2017.38904   -16.50     3.15
2017.39178   -16.50     3.14
2017.39452   -13.07     4.15
2017.39726    -9.64     3.75
2017.40000   -11.82     2.90
2017.40274   -10.47     2.82
2017.40548   -11.88     3.72
2017.40822   -11.52     3.77
2017.41096    -9.66     4.47
2017.41370   -15.38     3.92
2017.41644   -10.69     4.90
2017.41918   -11.01     4.53
2017.42192   -13.56     4.34
2017.42466   -10.90     3.89
2017.42740   -18.19     3.35
2017.43014   -17.52     3.51
2017.43288   -10.02     3.93
2017.43562   -16.48     4.40
2017.43836   -16.38     4.36
2017.44110   -14.04     3.45
2017.44384   -18.26     3.24
2017.44658   -12.81     4.14
2017.44932   -14.74     4.07
2017.45205   -11.75     4.54
2017.45479    -9.02     4.10
2017.45753   -16.40     5.11
2017.46027   -12.59     5.36
2017.46301   -11.31     4.30
2017.46575   -12.70     3.70
2017.46849   -12.40     4.08
2017.47123   -14.60     3.54
2017.47397   -15.08     3.39
2017.47671   -11.97     3.72
2017.47945   -15.49     3.98
2017.48219   -13.95     3.47
2017.48493   -14.86     3.31
2017.48767   -13.12     3.55
2017.49041   -12.04     3.97
2017.49315   -14.50     3.95
2017.49589   -11.56     3.65
2017.49863   -13.27     3.56
2017.50411   -17.35     4.28
2017.50685   -11.47     3.64
2017.50959   -19.42     3.74
2017.51233   -16.26     3.82
2017.51507   -15.44     3.89
2017.51781   -16.46     3.81
2017.52055   -14.41     3.43
2017.52603   -12.14     4.61
2017.52877   -12.37     4.36
2017.53151   -15.43     4.03
2017.53425   -13.37     4.11
2017.53699   -13.02     4.42
2017.53973   -12.32     4.24
2017.54247   -13.86     3.06
2017.54521   -17.38     3.73
2017.54795   -16.54     3.60
2017.55068   -16.69     3.38
2017.55616   -12.31     3.28
2017.55890   -15.66     3.51
2017.56164   -14.63     4.23
2017.56438   -13.71     3.97
2017.56712   -15.69     4.35
2017.56986   -13.59     3.67
2017.57260   -14.90     3.83
2017.57534    -9.54     4.62
2017.57808   -11.81     5.33
2017.58082    -9.90     5.85
2017.58356   -12.77     4.71
2017.58630   -13.32     3.62
2017.58904   -16.79     4.71
2017.59178   -14.97     3.90
2017.59452   -16.44     3.72
2017.59726   -16.71     3.75
2017.60000   -17.32     4.02
2017.60274   -19.47     4.05
2017.60548   -14.95     3.94
2017.60822   -14.27     4.73
2017.61096   -10.60     3.87
2017.61370   -14.43     3.53
2017.61644   -11.45     3.40
2017.61918   -13.84     3.31
2017.62466   -13.09     3.77
2017.62740   -15.28     3.66
2017.63014   -15.59     4.22
2017.63288   -15.56     4.81
2017.63562   -12.94     4.26
2017.63836   -12.30     4.58
2017.64110   -14.26     4.30
2017.64384   -15.26     3.28
2017.64658   -11.65     3.34
2017.64932   -16.22     3.73
2017.65205   -17.36     4.00
2017.65479   -14.75     3.61
2017.65753   -14.11     3.89
2017.66027   -18.90     4.25
2017.66301   -15.24     4.08
2017.66575   -14.93     3.86
2017.66849   -13.35     5.41
2017.67123   -11.81     3.54
2017.67397   -14.36     3.94
2017.67671   -17.04     4.37
2017.67945   -15.60     3.75
2017.68219   -17.34     3.48
2017.68493   -14.47     3.67
2017.68767   -17.85     3.47
2017.69041   -15.73     3.45
2017.69315   -19.13     3.59
2017.69589   -20.21     3.79
2017.69863   -19.21     3.72
2017.70137   -17.50     3.84
2017.70411   -15.84     3.58
2017.70685   -17.43     3.13
2017.70959   -15.24     3.67
2017.71233   -17.52     3.50
2017.71507   -17.00     3.57
2017.71781   -14.28     3.96
2017.72055   -17.74     3.32
2017.72329   -17.63     3.17
2017.72603   -14.21     4.17
2017.72877   -16.24     3.43
2017.73151   -16.64     3.56
2017.73425   -19.95     4.03
2017.73699   -17.09     3.44
2017.73973   -16.32     3.30
2017.74247   -18.70     3.84
2017.74521   -17.39     5.01
2017.74795   -14.62     3.54
2017.75342   -17.51     3.61
2017.75616   -11.79     4.15
2017.75890   -15.14     4.80
2017.76164   -17.21     3.64
2017.76438   -19.54     4.29
2017.76712   -15.12     3.96
2017.76986   -16.36     4.88
2017.77260   -11.55     4.76
2017.77808   -19.80     4.25
2017.78082   -15.90     4.41
2017.78356   -19.05     3.46
2017.78630   -17.85     4.12
2017.78904   -16.01     4.33
2017.79178   -16.83     4.50
2017.79452   -10.29     3.95
2017.79726   -16.09     3.56
2017.80000   -13.26     3.67
2017.80274   -14.60     2.93
2017.80548    -9.45     2.77
2017.80822   -13.25     2.92
2017.81096   -12.83     3.03
2017.81370   -11.53     3.06
2017.81644   -14.91     3.21
2017.81918    -9.80     3.12
2017.82192   -14.08     2.99
2017.82466   -14.19     3.03
2017.82740   -14.66     3.20
2017.83014    -7.93     3.33
2017.83288   -11.66     3.01
2017.83562   -11.82     3.22
2017.83836   -10.97     3.24
2017.84110   -11.75     3.42
2017.84384   -12.03     3.06
2017.84658   -13.65     2.70
2017.84932   -12.53     3.12
2017.85205   -15.22     3.61
2017.85479   -12.33     3.39
2017.85753   -11.57     2.94
2017.86301   -12.71     3.24
2017.86575   -12.08     2.74
2017.86849   -12.63     2.75
2017.87123   -13.45     3.27
2017.87397   -13.37     3.09
2017.87671   -16.71     3.10
2017.87945   -14.94     3.00
2017.88219   -14.25     3.20
2017.88493   -15.02     2.71
2017.88767   -12.96     2.85
2017.89041   -13.37     3.01
2017.89315   -11.58     2.94
2017.89589   -13.59     3.01
2017.89863   -10.33     2.81
2017.90137   -12.43     2.83
2017.90411   -10.28     2.84
2017.90685   -16.04     3.06
2017.90959   -13.49     2.81
2017.91233   -11.99     2.97
2017.91507   -11.75     3.13
2017.91781   -13.75     3.24
2017.92055   -11.62     3.16
2017.92329   -11.31     3.04
2017.92603   -13.64     2.94
2017.92877    -9.96     2.70
2017.93151   -11.19     2.91
2017.93425    -9.31     2.96
2017.93699   -12.22     2.60
2017.93973    -7.83     2.79
2017.94247    -8.51     2.80
2017.94521   -10.17     2.78
2017.94795   -10.14     2.86
2017.95068   -14.67     2.48
2017.95342    -8.52     2.79
2017.95616   -11.23     2.85
2017.95890    -7.02     3.01
2017.96164    -6.97     3.09
2017.96438    -9.58     3.06
2017.96712    -8.69     3.35
2017.96986    -6.93     3.52
2017.97260    -7.70     2.86
2017.97534   -10.46     2.72
2017.97808   -10.10     2.92
2017.98082   -11.87     2.91
2017.98356    -9.76     2.58
2017.98630   -13.26     2.76
2017.98904   -10.32     2.76
2017.99178   -12.15     2.98
2017.99452   -11.07     3.65
2018.00548    -8.00     2.94
2018.00822    -9.93     2.79
2018.01096    -7.82     3.15
2018.01370    -8.98     2.93
2018.01644    -7.97     2.84
2018.01918   -10.43     2.68
2018.02192    -8.76     3.04
2018.02466    -7.66     2.98
2018.02740    -7.88     2.69
2018.03014    -6.79     2.80
2018.03288    -8.67     2.68
2018.03562    -9.50     2.65
2018.03836    -7.86     3.06
2018.04110   -10.33     2.90
2018.04384    -8.40     2.94
2018.04658   -13.03     3.09
2018.04932   -10.94     3.07
2018.05205    -9.41     3.15
2018.05479   -12.04     2.86
2018.05753   -13.16     3.21
2018.06027   -10.27     3.18
2018.06301   -10.93     2.97
2018.06575    -9.47     2.94
2018.06849    -7.52     3.16
2018.07123   -10.22     3.02
2018.07397   -10.59     3.12
2018.07671    -6.45     3.62
2018.07945    -8.69     2.67
2018.08219    -8.20     3.06
2018.08493   -11.72     2.75
2018.08767    -7.19     2.68
2018.09041   -11.05     2.81
2018.09315    -6.60     2.49
2018.09589    -6.37     2.49
2018.09863    -8.56     2.73
2018.10137    -9.54     2.85
2018.10411   -10.48     2.86
2018.10685    -8.81     2.73
2018.10959   -13.78     2.84
2018.11233   -12.14     2.94
2018.11507    -7.73     2.58
2018.11781   -10.10     2.59
2018.12055   -10.04     2.85
2018.12329   -14.12     2.90
2018.12603   -12.95     3.16
2018.12877   -13.33     3.45
2018.13151   -12.66     2.92
2018.13425   -15.47     3.10
2018.13699   -12.22     2.98
2018.13973   -13.53     3.19
2018.14247   -13.28     3.06
2018.14521   -12.58     3.15
2018.14795   -14.59     3.06
2018.15068   -15.10     3.11
2018.15342   -13.68     3.08
2018.15616   -12.31     2.92
2018.15890   -14.50     3.47
2018.16164   -18.74     3.56
