2012.00000     1.62     2.67
2012.00273     3.72     2.69
2012.00546     2.87     2.57
2012.00820     3.59     2.61
2012.01093     2.00     2.66
2012.01366     4.04     2.61
2012.01639     3.87     2.65
2012.01913     1.46     2.55
2012.02186     1.16     2.77
2012.02459     2.06     2.75
2012.02732     2.21     2.81
2012.03005     3.39     3.08
2012.03279     3.44     2.62
2012.03552     1.33     2.64
2012.03825     2.05     2.59
2012.04098     4.06     2.74
2012.04372     3.43     3.11
2012.04645     0.93     2.88
2012.04918     1.51     2.77
2012.05191     1.72     2.84
2012.05464     0.16     3.62
2012.08197     4.01     2.98
2012.08470     2.28     2.66
2012.08743     2.36     2.80
2012.09016     1.53     2.79
2012.09290     1.67     2.76
2012.09563     4.22     2.91
2012.09836     3.47     3.07
2012.10109     4.85     3.54
2012.10383     3.17     3.26
2012.10656     3.88     2.69
2012.10929     4.89     2.57
2012.11202     4.24     2.65
2012.11475     6.15     2.71
2012.11749     3.45     2.83
2012.12022     5.02     3.11
2012.12295     7.52     2.98
2012.12568     2.43     3.79
2012.12842     4.11     2.85
2012.13115     1.23     2.73
2012.13388     2.13     3.06
2012.13661     3.43     3.04
2012.13934     3.90     3.01
2012.14208     5.36     3.38
2012.14481     2.78     3.41
2012.14754     2.63     5.01
2012.16393     0.65     3.03
2012.16667    -1.70     3.63
2012.16940    -1.03     3.23
2012.17213    -0.40     2.95
2012.17486    -0.44     3.26
2012.17760     1.59     3.44
2012.18033    -0.57     3.45
2012.18306     0.22     3.28
2012.18579     0.32     3.41
2012.18852     2.45     3.39
2012.19126     2.71     3.25
2012.19399     2.18     3.39
2012.19672     0.04     3.73
2012.19945     1.04     3.36
2012.20219     1.43     3.35
2012.20492    -2.51     3.27
2012.20765    -0.33     3.70
2012.21038     2.93     3.57
2012.21311    -1.89     3.30
2012.21585    -3.76     3.27
2012.21858    -1.24     3.30
2012.22131    -1.94     3.16
2012.22404     0.03     3.32
2012.22678     1.51     3.79
2012.22951     1.13     3.14
2012.23224    -4.43     3.13
2012.23497    -3.69     3.58
2012.23770    -0.40     3.26
2012.24044    -0.20     3.58
2012.24317    -0.30     3.29
2012.24590    -0.84     3.12
2012.24863    -1.00     3.15
2012.25137    -3.27     3.17
2012.25410    -0.13     3.22
2012.25683    -1.78     3.21
2012.25956     1.62     3.18
2012.26230    -0.39     2.98
2012.26503     0.62     3.66
2012.26776    -0.16     3.21
2012.27049    -1.34     3.13
2012.27322    -1.95     3.39
2012.27596     2.01     3.10
2012.27869    -1.41     3.19
2012.28142    -0.11     3.48
2012.28415    -0.84     3.54
2012.28689    -2.10     2.94
2012.28962    -1.26     2.95
2012.29235     0.10     3.58
2012.29508     1.17     3.51
2012.29781     0.33     3.14
2012.30055     1.64     3.24
2012.30328     0.83     3.92
2012.30601     3.16     3.41
2012.30874     3.53     3.29
2012.31148     2.81     3.92
2012.31421     1.59     3.33
2012.31694    -0.42     6.32
2012.31967     1.26     3.84
2012.32240     3.07     3.93
2012.32514     1.37     3.54
2012.32787     3.39     4.47
2012.33060     4.63     3.91
2012.33333    -1.01     4.21
2012.33607     0.06     4.95
2012.33880     3.48     3.91
2012.34153     3.00     3.54
2012.34426     1.67     3.13
2012.34699     1.30     2.77
2012.34973    -1.88     3.32
2012.35246    -0.25     3.12
2012.35519    -0.44     3.27
2012.35792    -6.42     4.60
2012.36066    -1.49     3.13
2012.36339     1.41     3.09
2012.36612     1.70     3.19
2012.36885    -0.63     3.20
2012.37158    -1.60     3.38
2012.37432     1.16     3.19
2012.37705    -2.03     3.59
2012.37978     0.59     2.98
2012.38251     2.09     4.20
2012.38525     1.80     3.53
2012.38798    -0.37     3.21
2012.39071    -1.24     3.07
2012.39344     2.25     3.36
2012.39617     0.10     3.13
2012.39891     0.10     3.07
2012.40164     1.32     3.59
2012.40437    -2.68     4.10
2012.40710    -1.81     3.74
2012.40984    -1.60     3.69
2012.41257     1.75     3.66
2012.41530    -2.73     3.25
2012.41803     0.50     3.01
2012.42077     2.63     3.03
2012.42350     4.13     3.51
2012.42623    -2.96     3.32
2012.42896    -0.38     3.22
2012.43169     1.75     3.31
2012.43443    -0.90     3.30
2012.43716     3.00     4.18
2012.43989     3.04     4.75
2012.44262    -2.89     5.19
2012.44536    -1.10     6.30
2012.44809     0.57     4.44
2012.45082     1.66     4.52
2012.45355     1.20     3.90
2012.45628     0.09     3.74
2012.45902     1.71     3.86
2012.46175     1.29     4.46
2012.46448     0.86     3.97
2012.46721    -5.43     5.90
2012.46995    -1.94     4.87
2012.47268    -2.55     3.66
2012.47541    -2.52     4.29
2012.47814    -1.82     5.54
2012.48087    -4.38     3.22
2012.48361    -1.05     3.64
2012.48634    -2.08     3.09
2012.48907     0.57     4.09
2012.49180    -1.74     3.95
2012.49454    -1.55     3.51
2012.49727    -0.20     3.81
2012.50000    -5.60     4.05
2012.50273    -4.68     3.53
2012.50546    -0.74     3.39
2012.50820    -2.47     3.82
2012.51093    -1.95     3.85
2012.51366    -5.10     3.69
2012.51639     0.09     3.30
2012.51913    -1.97     3.97
2012.52186    -2.64     3.87
2012.52459    -3.75     3.16
2012.52732    -4.32     3.32
2012.53005     0.55     3.76
2012.53279    -1.83     3.69
2012.53552    -2.79     4.42
2012.53825    -2.39     3.93
2012.54098    -0.60     3.51
2012.54372     0.10     4.12
2012.54645    -3.09     3.18
2012.54918    -1.82     4.44
2012.55191    -4.32     3.50
2012.55464    -3.50     3.80
2012.55738    -2.17     3.60
2012.56011    -1.05     3.21
2012.56284    -1.47     3.48
2012.56557    -1.28     3.73
2012.56831     1.29     3.81
2012.57104     0.37     3.73
2012.57377    -1.65     3.23
2012.57650     2.86     4.23
2012.57923    -1.49     3.28
2012.58197    -2.37     3.62
2012.58470    -2.26     3.81
2012.58743     0.58     3.80
2012.59016     1.90     6.08
2012.59290    -3.86     5.71
2012.59563    -3.87     4.97
2012.59836    -7.00     3.82
2012.60109    -8.15     4.95
2012.60383    -1.16     4.61
2012.60656     0.60     4.06
2012.60929    -2.53     4.60
2012.61202    -3.40     3.63
2012.61475    -2.12     3.24
2012.61749    -0.69     3.27
2012.62022    -3.88     3.62
2012.62295    -2.84     3.70
2012.62568    -6.11     3.53
2012.62842    -2.12     3.57
2012.63115    -1.92     3.68
2012.63388     3.53     4.93
2012.63661     2.40     4.08
2012.63934    -2.51     4.36
2012.64208    -0.21     3.58
2012.64481     0.03     4.05
2012.64754    -5.04     4.42
2012.65027    -2.19     3.87
2012.65301     1.83     3.67
2012.65574    -5.66     4.03
2012.65847    -2.85     4.42
2012.66120    -3.63     4.25
2012.66393    -2.56     4.40
2012.66667    -0.03     4.35
2012.66940    -4.91     4.19
2012.67213    -1.47     4.12
2012.67486    -3.36     3.98
2012.67760    -0.33     3.59
2012.68033    -0.27     3.48
2012.68306    -4.75     3.47
2012.68579    -4.32     3.86
2012.68852    -2.84     6.53
2012.69399     1.19     4.10
2012.69672    -0.23     3.77
2012.69945    -2.89     3.78
2012.70219    -3.44     5.37
2012.70492    -6.16     4.43
2012.70765    -4.64     3.34
2012.71038    -2.79     3.52
2012.71311    -4.32     3.44
2012.71585    -4.29     3.49
2012.71858    -2.98     3.34
2012.72131    -6.62     3.29
2012.72404    -2.79     3.61
2012.72678    -2.49     3.25
2012.73224    -4.74     3.85
2012.73497    -3.61     4.03
2012.73770    -5.05     4.49
2012.74044    -3.04     3.93
2012.74317    -2.42     3.90
2012.74590    -2.27     3.47
2012.74863    -3.43     3.29
2012.75137    -2.45     3.41
2012.75410    -1.60     3.61
2012.75683     2.81     5.23
2012.75956    -0.82     3.28
2012.76230    -0.59     3.10
2012.76503    -8.93     3.34
2012.76776    -2.45     3.18
2012.77049    -2.04     2.91
2012.77322    -4.22     2.89
2012.77596    -6.30     3.10
2012.77869    -5.57     3.24
2012.78142    -3.12     3.25
2012.78415    -4.45     2.90
2012.78689    -4.46     2.83
2012.78962    -5.29     2.95
2012.79235    -3.33     3.11
2012.79508    -1.61     3.30
2012.79781    -1.74     3.29
2012.80055    -0.17     3.25
2012.80328    -3.45     3.01
2012.80601    -1.79     3.16
2012.80874    -1.61     2.96
2012.81148    -2.42     3.10
2012.81421    -3.14     2.94
2012.81694    -2.16     3.33
2012.81967     0.74     3.64
2012.82240     1.10     3.97
2012.82514    -2.42     3.09
2012.82787    -3.52     3.54
2012.83060    -4.00     3.33
2012.83333    -1.92     3.18
2012.83607    -0.68     4.79
2012.83880    -4.14     4.84
2012.84153    -1.40     5.09
2012.84426    -1.33     4.66
2012.84699     0.00     4.57
2012.84973    -5.03     4.33
2012.85246    -2.17     4.54
2012.85519    -3.95     4.42
2012.85792    -3.75     4.16
2012.86066    -1.99     5.03
2012.86339    -2.44     4.63
2012.86612    -0.02     4.14
2012.86885     0.44     4.70
2012.87158    -3.53     3.22
2012.87432    -3.51     5.05
2012.87705    -1.82     5.01
2012.87978    -3.32     4.59
2012.88251     0.16     4.62
2012.88525    -1.95     4.63
2012.88798     1.84     4.36
2012.89071     2.59     5.25
2012.89344    -3.93     5.23
2012.89617    -4.33     4.49
2012.89891    -2.55     2.68
2012.90164    -2.86     2.91
2012.90437    -0.41     3.13
2012.90710    -3.03     2.87
2012.90984    -2.83     3.05
2012.91257    -0.83     2.80
2012.91530    -1.04     2.94
2012.91803    -2.79     4.87
2012.92077    -1.19     4.52
2012.92350     0.56     4.49
2012.92623    -2.01     4.12
2012.92896    -1.59     5.18
2012.93169    -2.07     4.49
2012.93443     0.52     4.24
2012.93716     1.08     4.49
2012.93989     3.31     4.36
2012.94262     0.91     4.34
2012.94536     1.59     3.76
2012.94809    -1.06     3.86
2012.95082     1.96     4.16
2012.95355     0.18     2.65
2012.95628     1.58     2.95
2012.95902    -1.71     2.85
2012.96175     1.11     2.78
2012.96448    -1.84     2.75
2012.96721    -0.26     2.59
2012.96995    -1.04     2.54
2012.97268     1.76     2.61
2012.97541    -0.37     2.71
2012.97814    -2.60     2.70
2012.98087    -2.14     2.58
2012.98361    -2.08     2.63
2012.98634     0.31     2.63
2012.98907    -2.14     2.84
2012.99180     0.49     2.74
2012.99454    -0.32     3.52
2012.99727     0.86     2.87
2013.00000    -0.72     2.68
2013.00274    -3.17     2.93
2013.00548    -0.56     2.98
2013.00822    -0.26     2.76
2013.01096     1.13     2.67
2013.01370    -1.65     2.91
2013.01644    -0.48     3.06
2013.01918    -1.92     3.09
2013.02192     0.74     2.96
2013.02466     0.32     2.78
2013.02740     0.38     2.84
2013.03014    -0.09     2.83
2013.03288    -1.32     3.50
2013.03562     2.44     3.38
2013.03836     0.46     2.50
2013.04110    -0.36     2.53
2013.04384    -0.94     2.75
2013.04658    -1.23     2.74
2013.04932    -0.92     2.58
2013.05205    -0.28     2.59
2013.05479    -1.25     2.79
2013.05753     0.29     2.46
2013.06027    -1.36     2.60
2013.06301     0.13     2.68
2013.06575    -0.04     2.65
2013.06849     0.99     2.61
2013.07123     0.18     2.55
2013.07397     0.54     2.68
2013.07671    -1.47     2.46
2013.07945    -1.36     2.58
2013.08219    -1.19     3.02
2013.08493    -1.49     2.94
2013.08767     0.07     3.09
2013.09041    -0.48     2.80
2013.09315    -0.54     2.84
2013.09589    -1.13     2.84
2013.09863    -3.62     3.06
2013.10137    -1.31     3.00
2013.10411    -0.45     2.68
2013.10685    -0.67     2.58
2013.10959    -1.73     2.95
2013.11233     1.39     3.41
2013.11507     0.21     2.72
2013.11781    -0.05     2.66
2013.12055    -0.55     3.00
2013.12329    -1.09     2.80
2013.12603     0.69     3.08
2013.12877    -0.90     2.69
2013.13151    -0.23     2.77
2013.13425     0.14     2.89
2013.13699    -2.67     2.97
2013.13973    -0.75     3.20
2013.14247     1.85     2.90
2013.14521     1.25     3.81
2013.14795    -0.63     3.33
2013.15342    -0.66     2.86
2013.15616    -2.14     2.91
2013.15890     0.28     2.77
2013.16164    -2.10     2.77
2013.16438    -0.20     3.33
2013.16712    -2.60     2.85
2013.16986    -1.16     2.82
2013.17260    -0.67     2.91
2013.17534    -2.62     3.57
2013.17808    -1.02     3.14
2013.18082    -0.08     3.56
2013.18356    -3.07     2.90
2013.18630     1.55     3.16
2013.18904    -1.87     3.48
2013.19178    -5.04     3.39
2013.19452    -1.20     3.37
2013.19726    -2.86     3.63
2013.20000    -0.72     3.04
2013.20274    -1.57     2.99
2013.20548    -1.78     3.17
2013.20822     1.17     3.38
2013.21096    -1.75     3.05
2013.21370    -1.04     3.33
2013.21644    -5.36     3.57
2013.21918    -1.92     3.51
2013.22192    -3.57     3.45
2013.22466    -5.61     4.13
2013.22740    -1.71     4.24
2013.23014    -3.77     3.08
2013.23288    -4.25     3.78
2013.23562    -3.58     3.10
2013.23836    -3.24     3.64
2013.24110    -3.78     3.44
2013.24384    -1.61     3.07
2013.24658     0.77     3.14
2013.24932    -0.99     3.26
2013.25205    -2.08     3.46
2013.25479    -2.49     4.06
2013.25753     1.97     3.87
2013.26027    -2.29     5.15
2013.26301     0.69     3.46
2013.26575    -0.89     3.12
2013.26849    -2.66     3.26
2013.27123    -0.67     3.90
2013.27397    -0.88     3.31
2013.27671    -0.33     3.30
2013.27945    -3.46     3.50
2013.28219    -2.06     3.30
2013.28493    -1.23     3.45
2013.28767    -1.65     3.47
2013.29041     1.61     3.63
2013.29315    -1.30     3.70
2013.29589    -0.28     3.91
2013.29863    -0.83     3.59
2013.30137    -3.00     3.67
2013.30411    -2.04     3.19
2013.30685    -0.22     3.10
2013.31233     1.16     3.25
2013.31507    -0.18     3.64
2013.31781    -0.95     3.45
2013.32055    -1.32     3.81
2013.32329    -2.25     3.56
2013.32603     0.63     3.15
2013.32877    -1.52     3.92
2013.33151     1.47     3.35
2013.33425     1.24     3.56
2013.33699     0.63     3.38
2013.33973    -1.00     3.11
2013.34247     0.40     3.38
2013.34521    -2.55     3.22
2013.34795    -2.77     3.20
2013.35068    -4.07     3.16
2013.35342     0.17     3.42
2013.35616    -2.25     4.17
2013.35890    -3.70     3.68
2013.36164    -1.19     3.61
2013.36438     1.97     3.78
2013.36712     2.12     4.29
2013.36986     0.56     3.47
2013.37260    -1.20     5.20
2013.37534     2.43     4.31
2013.37808     1.19     5.15
2013.38082    -2.48     4.92
2013.38630    -0.98     3.40
2013.38904    -2.19     3.73
2013.39178     6.02     3.95
2013.39452     1.96     4.04
2013.39726     0.92     4.84
2013.40000     0.40     3.56
2013.40274     0.53     3.63
2013.40548    -3.47     3.43
2013.40822    -0.17     3.45
2013.41096    -1.79     4.20
2013.41370    -6.06     6.37
2013.41644    -1.84     3.84
2013.41918    -2.77     3.39
2013.42192    -0.17     3.88
2013.42466    -0.68     3.72
2013.42740     1.70     3.64
2013.43014    -3.07     3.74
2013.43288    -2.18     6.62
2013.43562    -2.70     4.13
2013.43836    -2.60     4.34
2013.44110    -5.32     3.97
2013.44384    -2.62     4.66
2013.44658    -2.29     5.36
2013.44932    -0.24     4.35
2013.45205    -5.42     3.72
2013.45479    -6.01     3.74
2013.45753    -5.54     4.38
2013.46301    -2.59     3.97
2013.46575    -0.68     3.96
2013.47397    -4.21     3.79
2013.47671    -1.93     4.18
2013.47945    -1.84     4.34
2013.48219    -1.77     4.07
2013.48493    -5.60     3.65
2013.48767    -4.24     3.31
2013.49041    -2.51     3.41
2013.49315    -5.78     5.15
2013.49589    -1.51     3.85
2013.49863    -1.66     4.70
2013.50137    -6.24     4.13
2013.50411    -5.52     4.67
2013.50685    -4.38     5.29
2013.50959    -4.36     5.14
2013.51233    -5.22     4.82
2013.51507    -2.58     4.31
2013.51781    -4.55     4.25
2013.52055    -5.65     3.78
2013.52329    -0.38     4.22
2013.52603    -0.32     3.72
2013.52877    -4.94     5.48
2013.53151     0.20     6.62
2013.53425    -0.37     4.01
2013.53699     3.95     4.18
2013.53973    -5.17     4.20
2013.54247     2.09     4.11
2013.54521    -2.50     3.72
2013.54795    -7.09     3.97
2013.55342    -2.78     9.01
2013.55616    -2.59     4.57
2013.55890    -6.18     4.59
2013.56164     3.88     5.55
2013.56438     0.49     6.70
2013.56712    -9.14     4.87
2013.56986    -6.49     4.62
2013.57260    -1.96     4.85
2013.57534    -3.15     4.37
2013.57808     0.25     3.90
2013.58082    -5.05     4.79
2013.58356     0.24     3.64
2013.58630    -1.14     6.64
2013.58904    -4.08     4.48
2013.59178    -6.28     4.40
2013.59452    -4.41     3.84
2013.59726    -3.78     3.78
2013.60274    -5.71     3.45
2013.60548    -4.50     4.48
2013.60822    -4.73     5.57
2013.61096    -5.44     4.25
2013.61370    -4.53     3.90
2013.61644    -2.79     5.08
2013.61918    -2.27     3.65
2013.62192    -2.73     3.83
2013.62466    -4.01     5.46
2013.62740    -2.70     4.57
2013.63014    -6.47     4.41
2013.63562    -0.05     4.28
2013.63836    -1.02     5.10
2013.64110    -3.47     7.32
2013.64384    -1.79     4.48
2013.64658    -0.41     5.62
2013.65753    10.35     5.06
2013.66027     0.09     6.84
2013.66301    -2.56     6.46
2013.66575    -3.42     5.23
2013.66849     1.81     5.76
2013.67123    -1.27     3.84
2013.67671    -4.71     4.40
2013.68219    -5.80     3.38
2013.68493    -2.13     3.63
2013.68767    -1.22     3.84
2013.69041    -1.01     4.92
2013.69315    -8.20     4.26
2013.69589    -2.55     3.96
2013.69863     1.46     4.02
2013.70137     2.31     4.33
2013.70959    -1.86     5.61
2013.71233     2.07     4.13
2013.71507    -3.03     4.33
2013.71781    -8.21     4.62
2013.72055    -6.63     4.13
2013.72329    -1.11     5.15
2013.72603    -4.26     4.11
2013.72877     7.80     4.69
2013.73151    -4.01     3.92
2013.73425     3.05     4.66
2013.73699     4.34     4.06
2013.74247     3.84     3.81
2013.74521    -1.43     4.02
2013.74795    -8.18     4.54
2013.75342     0.65     3.96
2013.75616    -1.82     3.69
2013.75890    -7.25     3.88
2013.76164    -4.39     3.65
2013.76438     3.99     4.68
2013.76712    -6.24     3.76
2013.76986    -7.32     3.51
2013.77260     0.98     4.28
2013.77534     2.43     5.29
2013.77808    -0.47     4.32
2013.78356     2.30     4.20
2013.78630     4.60     4.10
2013.78904    -3.03     3.91
2013.79178     0.85     3.31
2013.79452    -0.58     3.39
2013.79726    -6.27     3.74
2013.80000     0.11     3.60
2013.80274    -2.91     3.53
2013.80548     3.11     3.28
2013.80822    -1.47     3.49
2013.81096    -1.19     3.23
2013.81370    -2.53     3.08
2013.81644    -4.03     3.45
2013.81918    -2.61     3.37
2013.82192    -2.59     3.50
2013.82466    -1.68     3.26
2013.82740    -2.64     3.18
2013.83014    -0.53     3.51
2013.83288    -3.38     3.99
2013.83562    -2.36     3.90
2013.83836    -1.68     3.54
2013.84110    -1.70     3.68
2013.84384    -0.28     3.62
2013.84658    -2.48     3.33
2013.84932    -3.42     2.95
2013.85205    -3.99     3.15
2013.85479     0.13     3.31
2013.85753    -0.90     3.53
2013.86027    -4.36     3.41
2013.86301    -3.32     3.42
2013.86575    -2.14     3.33
2013.86849     1.88     3.23
2013.87123     1.72     3.39
2013.87397    -1.48     3.09
2013.87671     0.69     3.31
2013.87945     1.04     3.15
2013.88219     0.47     2.96
2013.88493    -0.22     3.14
2013.88767     2.14     3.22
2013.89041     0.22     3.01
2013.89315     0.62     3.05
2013.89589    -0.81     3.13
2013.89863    -0.01     3.95
2013.90137    -2.94     3.05
2013.90411    -0.87     3.19
2013.90685     0.75     3.20
2013.90959    -0.47     3.02
2013.91233    -0.43     2.92
2013.91507    -1.45     2.99
2013.91781    -1.92     2.94
2013.92055    -0.88     2.75
2013.92329     1.93     2.68
2013.92603    -0.11     2.78
2013.92877     0.88     2.78
2013.93151     0.11     2.84
2013.93425     0.79     2.79
2013.93699     2.29     3.22
2013.93973    -1.62     3.13
2013.94247    -2.66     2.93
2013.94521    -0.22     3.19
2013.94795    -4.15     2.93
2013.95068     2.81     3.18
2013.95342    -2.89     3.14
2013.95616    -0.34     3.29
2013.95890     1.66     3.62
2013.96164     0.37     3.44
2013.96438    -2.53     3.14
2013.96712    -1.09     3.17
2013.96986    -2.20     2.88
2013.97260    -2.19     2.83
2013.97534    -1.24     3.02
2013.97808    -2.32     2.89
2013.98082     1.47     3.19
2013.98356    -2.50     2.98
2013.98630    -1.49     2.79
2013.98904    -0.24     2.76
2013.99178    -1.35     2.98
2013.99452    -2.20     2.90
2013.99726    -1.00     2.88
2014.00000     2.41     2.94
2014.00274     0.66     3.50
2014.00548     0.78     3.03
2014.00822     3.09     3.08
2014.01096     3.49     3.05
2014.01370     1.44     2.95
2014.01644     0.54     2.72
2014.01918     3.74     2.96
2014.02192     0.29     3.06
2014.02466     2.69     3.01
2014.02740    -3.43     3.03
2014.03014     1.83     2.82
2014.03288     1.85     2.91
2014.03562     3.17     2.99
2014.03836    -1.10     2.99
2014.04110     0.59     2.80
2014.04384    -3.44     2.92
2014.04658     0.01     2.79
2014.04932    -0.54     2.69
2014.05205     3.03     2.76
2014.05479     3.99     3.26
2014.05753     0.76     3.03
2014.06027     2.61     3.38
2014.06301    -2.32     3.10
2014.06575     1.06     2.98
2014.06849     1.73     3.36
2014.07123    -0.62     3.15
2014.07671     2.76     3.85
2014.07945    -0.64     4.44
2014.08219     2.54     3.25
2014.08493     1.81     3.18
2014.08767    -0.04     3.48
2014.09041     3.51     4.01
2014.09315    -0.52     3.58
2014.09589    -4.77     3.47
2014.09863     2.65     3.49
2014.10137    -1.01     3.86
2014.10411    -1.77     3.22
2014.10685    -1.44     3.21
2014.10959    -0.11     3.37
2014.11233     5.45     3.52
2014.11507     1.16     3.08
2014.11781     1.38     3.08
2014.12055     3.82     3.40
2014.12329     0.04     3.13
2014.12603    -0.24     3.18
2014.12877     3.11     3.07
2014.13151     1.13     3.24
2014.13425    -0.66     3.66
2014.13699     3.25     3.19
2014.13973     2.36     3.12
2014.14247    -0.59     3.22
2014.14521     0.90     3.12
2014.14795     5.57     3.35
2014.15068     2.46     3.18
2014.15342     1.99     3.18
2014.15616    -0.17     3.32
2014.15890    -0.69     3.66
2014.16164     3.02     4.06
2014.16438     2.11     3.94
2014.16712    -2.41     3.02
2014.17260    -0.23     3.28
2014.17534     6.43     6.73
2014.17808    -1.22     3.51
2014.18082    -3.87     3.71
2014.18356     1.65     3.66
2014.18630    -3.83     3.41
2014.18904    -1.31     3.29
2014.19178     1.34     3.43
2014.19452    -2.50     3.95
2014.19726    -5.14     3.59
2014.20000    -2.32     3.44
2014.20274     0.13     3.55
2014.20548    -0.78     3.27
2014.20822    -3.77     3.30
2014.21096    -2.03     3.09
2014.21370     0.51     3.40
2014.21644    -7.00     3.40
2014.21918    -1.59     3.13
2014.22192    -3.43     3.17
2014.22466    -2.66     2.77
2014.22740     0.42     3.37
2014.23014    -3.04     3.42
2014.23288     3.21     3.70
2014.23562    -1.19     3.34
2014.23836     0.85     3.59
2014.24110     5.07     4.84
2014.24384    -1.31     3.70
2014.24658     5.59     6.59
2014.24932     5.96     4.18
2014.25205    -1.22     3.71
2014.25479     3.79     4.66
2014.26027    -5.11     3.40
2014.26301    -4.10     3.50
2014.26575    -4.29     3.18
2014.26849    -3.31     3.90
2014.27123    -1.52     3.67
2014.27397     1.63     4.80
2014.27671    -0.33     3.75
2014.27945    -2.26     3.52
2014.28219    -0.43     3.71
2014.28493    -4.57     3.51
2014.28767    -4.72     3.85
2014.29041    -2.94     3.36
2014.29315    -3.15     3.65
2014.29589    -4.91     3.41
2014.30411    -4.60     3.18
2014.30685    -3.17     3.45
2014.30959    -6.12     3.53
2014.31233    -1.77     3.68
2014.31507    -0.63     3.35
2014.31781    -2.55     3.94
2014.32055     0.41     3.76
2014.32329    -4.49     3.53
2014.32603    -2.07     3.38
2014.32877    -0.84     4.21
2014.33151    -1.53     4.47
2014.33425    -0.61     3.37
2014.33699    -1.10     3.59
2014.33973    -0.68     3.38
2014.34247    -3.49     3.39
2014.34521    -1.35     3.40
2014.34795    -0.69     3.39
2014.35068     0.69     3.38
2014.35342    -2.20     3.54
2014.35616    -1.33     3.43
2014.35890    -1.04     3.68
2014.36164    -4.23     4.09
2014.36438    -5.14     4.69
2014.36712     0.23     4.31
2014.36986    -5.98     4.99
2014.37260    -1.06     4.64
2014.37534     1.85     4.34
2014.37808     0.36     5.63
2014.38082    -0.79     5.21
2014.38356     7.84     6.12
2014.38630    -4.38     4.34
2014.40000    -0.32     4.66
2014.40274     1.08     4.85
2014.40548     3.24     4.49
2014.40822     1.76     4.60
2014.41096     2.14     4.19
2014.41370    -1.58     3.86
2014.41644    -2.33     4.31
2014.41918     1.79     4.43
2014.42192    -1.99     4.54
2014.42466     6.31     4.86
2014.42740     2.41     4.50
2014.43014    -0.15     3.82
2014.43288     0.85     4.78
2014.43562     3.58     4.89
2014.43836     1.40     4.38
2014.44110    -0.28     4.14
2014.44384    -0.17     4.07
2014.44658    -0.65     4.46
2014.44932    -1.77     3.78
2014.45205    -1.51     3.76
2014.45479    -2.32     3.82
2014.45753    -0.94     4.12
2014.46027    -1.12     4.01
2014.46301    -4.02     5.20
2014.46575     0.02     4.03
2014.46849     0.98     4.25
2014.47123    -0.09     4.03
2014.47397     1.62     4.35
2014.47671    -1.54     4.74
2014.47945     0.17     4.24
2014.48493    -6.07     4.31
2014.48767    -3.58     3.70
2014.49041     3.73     5.06
2014.49589    -5.09     4.13
2014.49863    -3.98     4.89
2014.50137     1.29     4.00
2014.50411    -1.53     4.57
2014.50685     1.36     4.26
2014.50959     1.71     4.61
2014.51233     1.87     4.72
2014.51507     1.08     4.55
2014.51781    -2.09     4.70
2014.52055    -6.71     5.42
2014.52329    -0.34     4.31
2014.52603    -3.84     4.34
2014.52877    -0.70     4.09
2014.53151    -4.60     3.80
2014.53425     3.37     4.17
2014.53699     3.37     4.84
2014.53973     1.17     4.65
2014.54247    -4.08     5.39
2014.54521     4.45     5.43
2014.54795    -4.46     7.20
2014.55068     1.69     4.77
2014.55342    -0.42     4.65
2014.55890    -1.58     5.98
2014.56164     4.47     5.71
2014.56438     2.17     4.42
2014.56712     4.53     5.04
2014.56986    -1.23     4.14
2014.57260    -7.52     6.72
2014.57534     3.67     5.11
2014.57808    -3.52     4.54
2014.58082    -0.46     5.55
2014.58356     0.71     5.31
2014.58904    -0.16     5.89
2014.59178     0.62     4.89
2014.59726     7.18     5.97
2014.60000     9.11     7.17
2014.60274     5.46     5.82
2014.60548     3.63     4.80
2014.60822     4.10     5.01
2014.61096     2.21     4.27
2014.61370     3.62     4.79
2014.61644     7.34     4.86
2014.61918     0.85     4.24
2014.62192     2.86     4.35
2014.62466     5.73     4.58
2014.62740     6.02     4.49
2014.63014     2.66     4.09
2014.63288     4.48     4.91
2014.63562     3.26     5.36
2014.63836     3.82     4.77
2014.64110    -0.70     6.32
2014.64384     4.20     4.64
2014.64658     1.42     5.14
2014.64932     1.40     5.13
2014.65205     4.01     4.87
2014.65479     2.89     5.13
2014.65753     1.40     5.06
2014.66027     2.51     4.04
2014.66301     8.35     4.09
2014.66575     2.45     4.17
2014.66849    -3.96     5.08
2014.67123     2.46     4.54
2014.67397    -0.84     4.25
2014.67671     4.19     4.91
2014.67945     2.85     4.30
2014.68219     0.88     4.63
2014.68493     5.07     4.54
2014.68767     8.53     4.75
2014.69041     1.88     5.09
2014.69315     3.51     4.95
2014.69589     6.99     4.25
2014.70137     3.92     4.47
2014.70411     7.44     5.08
2014.70685     7.71     5.05
2014.70959     5.59     4.35
2014.71233     3.64     3.69
2014.71507     8.14     3.91
2014.71781     7.66     4.11
2014.72055     4.57     6.34
2014.72329     2.80     4.26
2014.72603     1.21     4.58
2014.72877     2.82     4.20
2014.73151     3.58     3.87
2014.73425    -0.81     5.24
2014.73699     5.01     3.54
2014.73973     8.10     3.54
2014.74247     4.90     3.94
2014.74521     7.04     3.96
2014.74795     6.69     6.24
2014.75068     5.94     4.72
2014.75342    -3.14     4.51
2014.75616     4.60     4.60
2014.75890     6.40     4.71
2014.76164     1.62     3.75
2014.76438     7.60     3.73
2014.76712     6.12     3.84
2014.76986     1.76     3.69
2014.77260     4.84     3.89
2014.77534     4.44     4.01
2014.77808     6.59     3.95
2014.78082     5.23     4.36
2014.78356     5.83     4.86
2014.78630     2.06     4.55
2014.78904     3.12     4.43
2014.79178     4.16     4.21
2014.79452     0.72     3.95
2014.79726     7.42     3.93
2014.80000     3.71     4.35
2014.80274     1.84     4.36
2014.80548     5.63     3.83
2014.80822     5.64     4.03
2014.81096     4.06     4.13
2014.81370     5.50     3.86
2014.81644     0.56     5.27
2014.81918     4.68     4.68
2014.82192     4.79     4.50
2014.82466     5.34     4.07
2014.82740     3.95     4.33
2014.83014     5.95     4.42
2014.83288     5.17     4.22
2014.83562     8.78     4.45
2014.83836     1.81     5.03
2014.84110     8.12     4.36
2014.84384     2.41     4.14
2014.84658     1.14     3.97
2014.84932     7.00     4.15
2014.85479     7.01     4.72
2014.85753     7.18     3.75
2014.86027     5.66     3.83
2014.86301     4.04     3.85
2014.86575     7.11     3.65
2014.86849     5.24     3.23
2014.87123     4.37     3.32
2014.87397     1.69     3.19
2014.87671     3.09     3.64
2014.87945     5.41     3.60
2014.88219     2.82     3.29
2014.88493     7.35     3.41
2014.88767     4.90     3.36
2014.89041     4.34     3.73
2014.89315     4.27     3.20
2014.89589     3.55     3.37
2014.89863     1.47     3.28
2014.90137     4.68     3.51
2014.90411     5.97     3.65
2014.90685     5.20     3.77
2014.90959     2.43     3.85
2014.91233     2.31     3.98
2014.91507     5.00     3.91
2014.91781     3.96     3.47
2014.92055    -1.24     3.25
2014.92329     5.05     3.30
2014.92603     3.85     3.51
2014.92877    -1.88     3.32
2014.93151     5.67     3.09
2014.93425     3.80     3.41
2014.93699     0.77     3.27
2014.93973     0.80     3.21
2014.94247     2.26     3.29
2014.94521     1.78     3.10
2014.94795     4.05     3.21
2014.95068     3.71     3.07
2014.95342     5.05     2.78
2014.95616     4.46     3.04
2014.95890     3.12     3.18
2014.96164     5.17     3.24
2014.96438     5.70     3.37
2014.96712     4.25     3.75
2014.96986     4.18     3.43
2014.97260     2.21     3.01
2014.97534     3.04     2.93
2014.97808     4.72     3.14
2014.98082     4.70     3.47
2014.98356     4.64     3.67
2014.98630     6.88     3.27
2014.98904     3.07     3.43
2014.99178     3.50     3.23
2014.99452     4.76     3.14
2014.99726     2.41     2.99
2015.00000     2.30     2.99
2015.00274     0.14     3.06
2015.00548     0.53     3.15
2015.00822     1.15     3.06
2015.01096     5.47     2.94
2015.01370     1.99     3.18
2015.01644     0.85     3.31
2015.01918     1.53     3.21
2015.02192     3.38     3.67
2015.02466     0.11     3.16
2015.02740     0.52     3.26
2015.03288     3.10     3.06
2015.03562     1.17     3.61
2015.03836    -0.75     3.07
2015.04110    -0.30     3.19
2015.04384     2.24     3.04
2015.04658     1.17     3.18
2015.04932     0.85     3.06
2015.05205     1.24     3.68
2015.05479     2.62     3.25
2015.05753     1.07     3.48
2015.06027     2.54     3.20
2015.06301     5.35     3.79
2015.06575     3.61     3.24
2015.06849     0.85     3.09
2015.07123    -0.14     3.09
2015.07397    -1.67     3.01
2015.07671    -3.25     2.88
2015.07945     1.30     3.38
2015.08219     0.98     3.16
2015.08493     6.26     3.22
2015.08767     2.98     3.05
2015.09041     2.59     3.05
2015.09315     2.88     3.39
2015.09589     1.77     3.22
2015.09863     1.53     3.13
2015.10137     0.34     2.93
2015.10411     2.20     3.25
2015.10685    -1.20     2.94
2015.10959     0.94     3.10
2015.11233     1.07     3.15
2015.11507     2.89     3.53
2015.11781     3.59     3.22
2015.12055     4.71     3.66
2015.12329     6.93     3.35
2015.12603     6.52     4.44
2015.12877    10.52     3.93
2015.13151     1.10     3.28
2015.13425     1.43     3.21
2015.13699     3.07     3.27
2015.13973     6.07     3.28
2015.14247     3.69     4.26
2015.14521     6.25     3.65
2015.14795     7.85     4.43
2015.15068     6.94     3.59
2015.15342     7.46     4.15
2015.15616     7.30     3.86
2015.15890     3.56     3.72
2015.16164     6.09     3.90
2015.16438     2.96     3.15
2015.16712     4.50     3.44
2015.16986     1.13     3.56
2015.17260     7.87     4.33
2015.17534     2.85     3.49
2015.17808     3.38     3.86
2015.18082     0.62     3.01
2015.18356     5.19     3.95
2015.18630     8.72     4.11
2015.18904     3.29     3.73
2015.19178     6.22     4.10
2015.19452     0.75     3.51
2015.19726     4.74     3.54
2015.20000     7.87     4.09
2015.20274     2.31     3.32
2015.20548     6.63     3.75
2015.20822     4.57     3.75
2015.21096     5.62     3.75
2015.21370     4.60     3.99
2015.21644     5.33     3.31
2015.21918     1.78     3.74
2015.22192     5.81     3.70
2015.22466     9.34     4.69
2015.22740     6.77     4.27
2015.23014     5.38     4.20
2015.23288     6.88     4.21
2015.23562     6.04     3.68
2015.23836     9.03     3.99
2015.24110    12.15     3.94
2015.24384     4.60     3.69
2015.24658     4.25     3.73
2015.24932     5.57     4.22
2015.25205     6.26     4.24
2015.25479     7.85     4.13
2015.25753    10.39     4.99
2015.26027    11.14     4.92
2015.26301     5.12     5.11
2015.26575     5.44     4.19
2015.26849     4.12     3.63
2015.27123     4.04     3.59
2015.27397     5.69     4.14
2015.27671     7.06     4.43
2015.27945    11.04     4.50
2015.28219     2.23     4.03
2015.28493     4.77     3.62
2015.28767     7.75     4.82
2015.29041     9.92     5.07
2015.29315    11.33     5.05
2015.29589     9.06     4.66
2015.29863     7.88     4.87
2015.30137     7.94     4.82
2015.30411     2.27     7.60
2015.30685     7.31     4.90
2015.30959     9.44     4.84
2015.31233     7.46     4.49
2015.31507     1.24     3.75
2015.31781     7.92     4.36
2015.32055     7.90     4.37
2015.32329     8.76     4.85
2015.32603     9.07     4.84
2015.32877     2.91     4.17
2015.33151     0.92     4.35
2015.33425     9.83     4.67
2015.33699    10.18     4.98
2015.33973     5.49     4.92
2015.34247    10.97     4.93
2015.34521     4.08     4.27
2015.34795     5.18     4.38
2015.35068     1.88     4.52
2015.35342     8.54     4.87
2015.35616     3.30     4.95
2015.35890     8.76     4.91
2015.36164    10.24     6.07
2015.36438     1.10     3.98
2015.36712     8.98     4.73
2015.36986     9.25     5.22
2015.37260     6.11     4.39
2015.37534    10.46     5.52
2015.37808     6.25     4.46
2015.38082     6.25     4.36
2015.38356     5.18     4.57
2015.38630    11.48     4.23
2015.38904     8.75     4.65
2015.39178     8.70     4.55
2015.39452    -2.61     4.35
2015.39726     8.04     4.33
2015.40000     7.00     4.24
2015.40274     4.33     3.75
2015.40548     0.03     4.46
2015.40822     5.71     3.77
2015.41096    10.59     5.11
2015.41370     2.39     4.97
2015.41644     5.50     4.81
2015.41918     5.16     5.23
2015.42192     8.49     4.88
2015.42466     5.92     4.76
2015.42740    12.42     5.16
2015.43014     9.23     4.90
2015.43288    11.34     4.94
2015.43562     8.65     4.87
2015.43836     8.05     4.56
2015.44110     5.14     5.03
2015.44384     9.04     5.57
2015.44658     7.94     4.98
2015.44932     6.81     5.06
2015.45205    11.56     5.77
2015.45479    10.07     5.10
2015.45753     7.17     5.00
2015.46027     5.67     4.92
2015.46301     7.50     4.87
2015.46575     3.54     4.97
2015.46849     6.53     6.41
2015.47123    10.72     5.31
2015.47397     8.16     5.02
2015.47671     4.98     4.64
2015.47945     5.34     5.71
2015.48219    11.13     5.14
2015.48493     6.72     4.90
2015.48767     4.40     4.90
2015.49041    10.91     4.86
2015.49315    10.06     5.68
2015.49589    11.47     4.55
2015.49863    11.47     5.38
2015.50137    11.53     5.17
2015.50411    13.66     4.69
2015.50685     8.56     5.31
2015.50959    12.63     5.42
2015.51233    10.01     4.80
2015.51507     5.47     4.76
2015.51781     8.49     4.82
2015.52055    10.05     4.92
2015.52329    10.38     5.21
2015.52603     5.30     4.65
2015.52877     5.05     8.46
2015.53151     4.17     7.01
2015.53699    11.85     5.68
2015.53973     9.07     4.52
2015.54247     3.80     5.10
2015.54521     8.22     5.36
2015.54795     6.16     4.83
2015.55068     9.18     4.35
2015.55342     9.47     4.88
2015.55616     8.17     4.74
2015.55890     5.95     4.23
2015.56164     8.47     5.18
2015.56438    12.83     5.10
2015.56712     4.06     4.51
2015.56986     8.87     5.08
2015.57260     9.27     4.92
2015.57534     4.24     4.61
2015.57808     9.75     5.18
2015.58082     6.61     5.87
2015.58356     5.72     5.73
2015.58630     6.05     6.02
2015.58904     8.25     4.64
2015.59178     7.75     4.77
2015.59452     9.68     5.32
2015.59726    11.05     5.21
2015.60000     6.74     5.21
2015.60274    -0.02     5.08
2015.60548     4.10     5.80
2015.60822    11.53     4.99
2015.61096     9.50     4.75
2015.61370    10.27     5.17
2015.61644     9.32     4.65
2015.61918     7.34     4.43
2015.62192     6.77     4.76
2015.62466     5.04     4.52
2015.62740     5.74     4.48
2015.63014     6.15     4.49
2015.63288     8.88     5.38
2015.63562     5.10     4.61
2015.63836     2.32     5.07
2015.64110     3.74     4.63
2015.64384    10.98     5.03
2015.64658     4.99     5.72
2015.65205     0.91     5.38
2015.65479     5.63     4.16
2015.65753     6.21     4.40
2015.66027     5.68     4.17
2015.66301     4.57     4.04
2015.66575     4.17     4.24
2015.66849     5.67     4.39
2015.67123     9.93     4.38
2015.67397     9.34     4.17
2015.67671     8.66     4.46
2015.67945     7.75     4.33
2015.68219    10.66     4.72
2015.68493     8.11     4.62
2015.68767     4.98     4.29
2015.69041     5.86     4.45
2015.69315     7.79     4.24
2015.69589     4.54     4.45
2015.69863     5.80     4.40
2015.70137     5.26     4.22
2015.70411     7.37     4.80
2015.70685     8.64     4.20
2015.70959    10.42     4.81
2015.71233     4.03     4.29
2015.71507    10.37     4.77
2015.71781    10.76     4.87
2015.72055     4.52     3.90
2015.72329     8.76     4.10
2015.72603     5.86     4.32
2015.72877     4.68     4.30
2015.73151    -0.25     4.55
2015.73425    10.22     4.41
2015.73699     6.73     4.08
2015.73973     6.73     4.38
2015.74247     2.51     5.61
2015.74521     9.77     4.85
2015.74795     5.49     4.78
2015.75068     2.96     5.40
2015.75342    11.24     4.20
2015.75616     8.09     4.29
2015.75890     9.26     4.32
2015.76164     5.60     4.05
2015.76438    13.54     4.14
2015.76712     7.18     3.93
2015.76986     6.04     4.46
2015.77260     7.69     3.96
2015.77534    10.83     4.12
2015.77808     6.49     3.81
2015.78082     7.07     3.76
2015.78356    11.97     3.93
2015.78630     7.01     3.87
2015.78904     4.62     3.56
2015.79178     7.82     3.86
2015.79452     8.57     4.29
2015.79726     9.11     4.12
2015.80000    10.53     4.61
2015.80274     4.41     3.82
2015.80548     9.41     4.22
2015.80822    12.07     4.07
2015.81096     6.97     3.85
2015.81370    12.21     4.62
2015.81644     3.26     4.04
2015.81918    10.92     3.76
2015.82192     9.35     3.96
2015.82466     7.42     3.78
2015.82740    11.20     4.02
2015.83288     6.52     5.14
2015.83562     9.25     4.23
2015.83836     6.87     4.31
2015.84110    11.91     4.65
2015.84384     6.49     4.19
2015.84658     9.60     3.70
2015.84932     9.81     4.20
2015.85205    11.77     4.69
2015.85479     9.16     3.94
2015.85753     7.38     4.71
2015.86027     7.99     3.96
2015.86301     5.20     3.96
2015.86575     6.78     3.34
2015.87123     8.60     3.72
2015.87397    11.50     3.60
2015.87671    10.36     3.47
2015.87945     9.22     3.44
2015.88219     8.19     3.88
2015.88493     3.55     4.72
2015.88767     4.71     4.35
2015.89041     9.21     3.82
2015.89315     6.60     3.02
2015.89589     6.50     3.57
2015.89863    14.62     6.58
2015.90137     6.90     4.00
2015.90411     3.76     3.59
2015.90685     4.14     3.55
2015.90959     6.74     3.52
2015.91233     5.12     3.36
2015.91507     6.35     3.54
2015.91781     5.39     3.87
2015.92055     6.02     3.62
2015.92329     3.58     3.51
2015.92603     7.43     3.57
2015.92877     5.08     4.14
2015.93151     5.15     3.57
2015.93425     3.92     3.60
2015.93699     8.67     3.26
2015.93973     7.26     4.06
2015.94247     8.81     3.89
2015.94795    10.82     4.01
2015.95068     6.18     3.56
2015.95342    11.39     3.63
2015.95616     8.22     2.80
2015.95890     6.69     2.80
2015.96164     5.08     3.08
2015.96438     5.87     2.77
2015.96712     5.23     2.91
2015.96986     8.50     3.52
2015.97260     6.15     3.24
2015.97534     6.86     3.03
2015.97808     7.54     3.02
2015.98082     9.43     3.30
2015.98356     6.83     3.10
2015.98630     4.29     2.83
2015.98904     6.23     3.47
2015.99178     6.54     2.93
2015.99452     8.06     2.90
2015.99726     6.23     2.91
2016.00000     9.14     2.87
2016.00273    10.49     2.79
2016.00546     5.51     3.62
2016.00820     6.28     3.71
2016.01093     4.09     3.24
2016.01366    10.10     3.48
2016.01639    10.04     3.39
2016.01913     7.70     3.13
2016.02186     6.69     2.90
2016.02459     6.78     2.98
2016.02732     5.05     3.03
2016.03005     5.15     3.21
2016.03279     6.49     3.40
2016.03552     4.99     3.41
2016.03825     5.37     2.97
2016.04098     9.87     3.36
2016.04372     6.16     3.56
2016.04645     7.89     3.87
2016.04918     6.73     3.09
2016.05191     7.35     3.39
2016.05464     8.66     3.02
2016.05738     8.29     2.74
2016.06011     7.28     2.88
2016.06284     8.52     3.13
2016.06557     9.43     3.34
2016.06831     5.47     2.97
2016.07104     9.07     3.14
2016.07377     8.11     2.96
2016.07650     5.63     3.26
2016.07923     6.77     4.36
2016.08197    10.55     3.08
2016.08470     6.47     2.89
2016.08743     9.45     3.28
2016.09016     7.18     2.92
2016.09290     7.26     2.77
2016.09563     9.58     3.35
2016.10383    -1.28     3.06
2016.10656    -0.62     2.95
2016.10929    -6.06     3.00
2016.11202    -2.69     2.99
2016.11475    -4.86     3.94
2016.12022    -5.85     3.57
2016.12295    -1.91     3.68
2016.12568    -4.37     2.97
2016.12842    -5.25     2.98
2016.13115    -6.78     2.94
2016.13388    -7.85     2.95
2016.13661    -6.59     3.09
2016.13934    -9.45     2.97
2016.14208    -8.99     3.16
2016.14481    -7.74     2.99
2016.14754    -7.27     2.99
2016.15027   -11.11     3.10
2016.15301    -9.44     2.90
2016.15574    -8.65     3.03
2016.15847    -8.15     3.43
2016.16120   -10.88     3.54
2016.16393    -9.69     3.37
2016.16667   -10.41     3.19
2016.16940    -6.58     5.17
2016.17213    -8.95     3.72
2016.17486   -10.36     3.53
2016.17760   -10.49     3.85
2016.18033   -11.70     3.29
2016.18306   -10.04     3.45
2016.18579    -8.96     4.22
2016.18852   -10.97     3.90
2016.19126   -10.48     3.90
2016.19399   -13.20     3.48
2016.19672    -8.61     3.58
2016.19945    -9.92     4.28
2016.20219   -12.19     3.74
2016.20492   -10.59     3.86
2016.20765   -12.66     3.25
2016.21038   -10.52     3.54
2016.21311   -10.42     3.35
2016.21585    -9.54     3.52
2016.21858   -11.81     3.21
2016.22131   -13.18     3.38
2016.22404   -10.83     3.46
2016.22678   -10.26     4.43
2016.22951   -14.32     2.86
2016.23224   -14.44     3.28
2016.23497   -13.27     2.97
2016.23770    -9.61     3.44
2016.24044   -13.54     3.71
2016.24317   -12.48     3.28
2016.24590    -9.25     3.72
2016.24863   -10.86     3.81
2016.25137   -12.73     3.58
2016.25683   -15.57     6.74
2016.25956   -14.01     3.18
2016.26230   -10.34     3.38
2016.26503   -10.54     3.41
2016.26776   -11.05     3.32
2016.27049    -8.56     3.43
2016.27322    -9.45     3.66
2016.27596   -12.64     4.50
2016.27869   -13.16     3.79
2016.28142   -10.80     3.64
2016.28415   -16.55     4.93
2016.28689   -13.19     5.45
2016.28962   -15.00     3.94
2016.29235    -6.37     4.45
2016.29508    -5.93     4.29
2016.29781   -11.10     4.40
2016.30055   -13.20     3.68
2016.30328   -12.29     3.78
2016.30601    -9.92     3.80
2016.30874   -12.44     3.50
2016.31148    -9.79     3.68
2016.31421   -12.76     3.63
2016.31694   -13.41     3.50
2016.31967   -17.76     3.99
2016.32240   -16.28     3.90
2016.32514   -16.32     4.07
2016.32787   -13.53     3.56
2016.33060   -16.91     3.29
2016.33333   -14.94     4.18
2016.33607   -14.83     3.91
2016.33880   -16.40     3.83
2016.34153   -10.21     3.52
2016.34426   -14.96     3.53
2016.34699    -9.00     3.76
2016.34973    -8.66     4.16
2016.35246   -12.58     4.14
2016.35519   -10.79     4.10
2016.35792   -11.83     4.71
2016.36066   -18.29     4.31
2016.36339   -12.98     4.31
2016.36612   -12.34     4.72
2016.36885    -8.35     4.56
2016.37158    -9.07     4.31
2016.37432   -17.43     3.69
2016.37705   -14.19     3.57
2016.37978   -11.91     3.76
2016.38251   -13.35     3.71
2016.38525   -12.34     3.69
2016.38798   -13.93     3.84
2016.39071   -14.77     4.90
2016.39344   -14.38     4.67
2016.39617   -22.68     5.01
2016.39891   -17.13     4.73
2016.40164   -10.50     3.94
2016.40437   -14.50     3.73
2016.40710   -13.40     4.00
2016.40984   -11.81     4.05
2016.41257   -11.81     4.62
2016.41530   -12.42     3.99
2016.41803   -12.73     4.05
2016.42077   -12.96     4.22
2016.42350   -11.81     4.05
2016.42623    -9.69     4.30
2016.42896   -12.95     5.15
2016.43169   -15.98     4.79
2016.43443   -17.37     6.62
2016.43716    -9.02     4.69
2016.43989   -11.02     4.03
2016.44262   -16.51     4.40
2016.44536   -11.72     4.19
2016.44809   -15.08     4.81
2016.45082   -13.62     5.02
2016.45355   -10.03     5.14
2016.45628   -10.64     4.46
2016.45902   -12.20     4.20
2016.46175   -12.57     4.32
2016.46448   -17.17     5.41
2016.46721   -14.83     4.87
2016.46995   -19.25     4.29
2016.47268   -13.44     4.42
2016.47541    -9.17     4.32
2016.47814   -16.34     4.91
2016.48087   -14.62     4.78
2016.48361   -14.83     4.75
2016.48634   -17.66     5.69
2016.48907   -16.05     4.22
2016.49180   -11.37     4.71
2016.49454   -11.89     5.03
2016.49727   -16.83     4.95
2016.50000   -13.33     4.27
2016.50273   -10.17     4.34
2016.50546   -21.91     4.53
2016.50820   -16.77     4.45
2016.51093   -13.21     4.58
2016.51366   -16.15     4.89
2016.51639   -14.29     4.50
2016.51913   -16.48     5.49
2016.52186   -22.35     5.47
2016.52459   -20.57     4.80
2016.52732   -17.07     5.56
2016.53005   -20.78     5.66
2016.53279   -16.38     4.19
2016.53552   -12.00     4.23
2016.53825   -19.56     4.15
2016.54098   -19.43     4.64
2016.54372   -13.31     5.09
2016.54918   -15.76     3.92
2016.55191   -14.48     4.91
2016.55464   -20.49     4.07
2016.55738   -19.76     4.66
2016.56011   -14.69     4.83
2016.56284   -17.82     4.93
2016.56557   -19.84     3.86
2016.56831   -15.61     4.14
2016.57104   -14.86     4.74
2016.57377   -15.37     5.22
2016.57650   -16.76     5.05
2016.57923   -18.90     4.69
2016.58197   -12.92     4.94
2016.58470   -18.92     4.89
2016.58743   -13.00     4.07
2016.59016   -17.23     3.95
2016.59290   -15.58     4.13
2016.59563   -14.04     4.12
2016.59836   -16.87     4.79
2016.60109   -25.96     5.96
2016.60383   -15.09     5.32
2016.60656   -17.27     5.12
2016.60929   -11.99     5.07
2016.61202   -14.13     4.58
2016.61475   -14.90     3.66
2016.61749   -15.09     3.88
2016.62022   -11.46     4.09
2016.62295   -17.09     4.44
2016.62568   -18.72     4.27
2016.62842   -17.20     4.39
2016.63115   -15.65     5.48
2016.63388   -17.40     5.42
2016.63661    -9.40     5.37
2016.63934   -11.79     6.04
2016.64208   -13.78     5.52
2016.64481   -14.03     5.21
2016.64754   -17.25     5.03
2016.65027   -15.81     5.00
2016.65301   -15.78     5.88
2016.65574   -18.03     6.00
2016.65847   -15.58     5.27
2016.66120   -23.72     5.94
2016.66393   -15.50     4.62
2016.66667   -13.31     4.73
2016.66940   -13.03     4.50
2016.67213   -23.42     5.85
2016.67486   -13.86     4.82
2016.67760   -20.06     5.18
2016.68033   -17.89     5.55
2016.68306   -13.28     5.05
2016.68579   -19.44     4.32
2016.68852   -16.81     4.56
2016.69126   -13.10     4.85
2016.69399   -17.02     4.17
2016.69672   -15.49     5.15
2016.69945   -17.24     4.86
2016.70219   -18.02     4.84
2016.70492   -23.48     8.41
2016.71585   -26.81     3.81
2016.71858   -25.95     5.28
2016.72131   -16.55     5.13
2016.72404   -22.27     4.82
2016.72678   -15.08     6.30
2016.72951   -25.46     5.69
2016.73224   -18.66     4.64
2016.73497   -19.65     5.45
2016.73770   -23.33     4.52
2016.74044   -24.15     6.55
2016.74317   -24.68     8.04
2016.74590   -18.92     5.51
2016.74863   -19.32     4.92
2016.75137   -19.70     5.03
2016.75410   -20.74     4.66
2016.75683   -21.00     4.85
2016.76230   -14.79     5.84
2016.76503   -24.81     5.13
2016.76776   -15.86     4.92
2016.77049   -20.55     4.82
2016.77322   -21.98     4.65
2016.77596   -20.80     4.61
2016.77869   -16.82     5.18
2016.78142   -18.16     5.10
2016.78415   -23.68     5.06
2016.78689   -17.96     4.71
2016.78962   -17.97     5.28
2016.79235   -14.84     5.70
2016.79508   -22.46     4.87
2016.79781   -22.37     4.46
2016.80328   -19.19     7.17
2016.80601   -13.33     4.76
2016.80874   -14.41     4.49
2016.81148   -17.80     4.62
2016.81421   -15.91     4.48
2016.81694   -14.78     4.63
2016.81967   -17.08     4.36
2016.82240   -16.48     4.07
2016.82514   -16.42     4.46
2016.82787   -14.65     4.75
2016.83060   -14.35     4.39
2016.83333   -16.95     4.38
2016.83607   -17.67     4.41
2016.83880   -16.93     4.60
2016.84153   -18.59     4.09
2016.84426   -11.04     6.09
2016.84699   -17.77     4.24
2016.84973   -18.85     4.32
2016.85246   -16.53     4.15
2016.85519   -18.82     3.45
2016.85792   -18.50     3.61
2016.86066   -18.96     3.99
2016.86339   -20.06     3.51
2016.86612   -17.25     3.71
2016.86885   -17.73     3.68
2016.87158   -19.39     3.68
2016.87432   -24.12     3.59
2016.87705   -16.00     3.71
2016.87978   -17.20     4.18
2016.88251   -18.60     3.52
2016.88525   -17.88     4.26
2016.88798   -16.44     3.96
2016.89071   -18.98     3.85
2016.89344   -23.40     3.79
2016.89617   -17.88     4.13
2016.89891   -21.99     3.82
2016.90164   -18.77     3.66
2016.90437   -15.31     3.95
2016.90710   -18.91     4.57
2016.90984   -18.45     4.46
2016.91257   -17.38     3.98
2016.91530   -16.70     4.35
2016.91803   -20.60     4.19
2016.92077   -18.10     4.04
2016.92350   -16.66     3.92
2016.92623   -21.03     4.12
2016.92896   -25.99     3.52
2016.93169   -26.79     3.27
2016.93443   -22.55     3.71
2016.93716   -18.84     3.97
2016.93989   -22.70     4.03
2016.94262   -27.56     3.46
2016.94536   -20.16     3.72
2016.94809   -17.55     4.01
2016.95082   -21.90     3.78
2016.95355   -21.27     3.68
2016.95628   -24.83     3.06
2016.95902   -20.20     3.79
2016.96175   -18.88     3.61
2016.96448   -19.13     3.72
2016.96721   -17.50     4.06
2016.96995   -16.37     3.90
2016.97268   -23.73     3.54
2016.97541   -24.57     3.31
2016.97814   -16.94     3.70
2016.98087   -26.61     3.04
2016.98361   -23.43     2.99
2016.98634   -25.55     3.66
2016.98907   -20.55     3.96
2016.99180   -27.22     3.20
2016.99454   -23.08     3.58
2016.99727   -25.57     3.31
2017.00000   -21.63     3.81
2017.00274   -25.52     3.44
2017.00548   -20.43     3.54
2017.00822   -24.60     3.10
2017.01096   -24.13     3.53
2017.01370   -19.06     3.63
2017.01644   -19.57     3.29
2017.01918   -15.22     3.39
2017.02192   -15.28     3.51
2017.02466   -16.29     3.77
2017.02740   -13.85     4.25
2017.03014   -14.72     4.02
2017.03288   -16.60     3.50
2017.03562   -19.22     3.24
2017.03836   -24.07     2.82
2017.04110   -18.82     3.52
2017.04384   -18.45     3.27
2017.04658   -18.91     3.89
2017.04932   -17.51     3.57
2017.05205   -18.08     3.51
2017.05479   -20.93     3.21
2017.05753   -18.17     3.57
2017.06027   -21.60     3.54
2017.06301   -18.43     3.27
2017.06575   -16.75     3.27
2017.06849   -13.55     3.88
2017.07123   -18.60     3.37
2017.07397   -20.55     3.60
2017.07671   -18.63     3.59
2017.07945   -16.86     3.66
2017.08219   -19.13     4.11
2017.08493   -17.98     3.67
2017.08767   -21.91     3.55
2017.09041   -21.59     3.34
2017.09315   -14.42     3.84
2017.09589   -16.16     4.89
2017.09863   -14.35     4.15
2017.10137   -19.88     3.62
2017.10411   -21.08     3.84
2017.10685   -16.29     3.95
2017.10959   -25.33     2.79
2017.11233   -21.65     3.06
2017.11507   -19.53     3.11
2017.11781   -20.16     3.14
2017.12055   -22.51     3.34
2017.12329   -21.55     3.47
2017.12603   -17.55     3.62
2017.12877   -19.71     3.23
2017.13151   -20.00     3.42
2017.13425   -19.02     3.81
2017.13699   -19.70     3.86
2017.13973   -19.39     3.85
2017.14247   -17.89     3.99
2017.14521   -20.40     4.08
2017.14795   -20.42     3.76
2017.15068   -18.28     3.77
2017.15616   -20.95     3.38
2017.15890   -18.26     3.30
2017.16164   -20.65     3.39
2017.16438   -21.49     3.56
2017.16712   -23.71     3.27
2017.16986   -26.37     3.12
2017.17260   -24.64     3.09
2017.17534   -22.99     3.35
2017.17808   -26.15     3.16
2017.18082   -27.88     2.80
2017.18356   -21.30     3.37
2017.18630   -22.90     3.18
2017.18904   -29.02     3.31
2017.19178   -21.48     3.12
2017.19452   -23.76     2.96
2017.19726   -25.83     3.43
2017.20000   -26.80     3.19
2017.20274   -22.12     4.13
2017.20548   -18.20     4.23
2017.20822   -27.09     3.02
2017.21096   -26.53     3.50
2017.21370   -27.15     3.91
2017.21644   -27.69     3.39
2017.21918   -24.07     4.41
2017.22192   -16.62     5.29
2017.22466   -25.09     4.00
2017.22740   -20.24     4.65
2017.23014   -24.72     3.78
2017.23288   -21.84     4.17
2017.23562   -18.09     4.59
2017.23836   -19.65     4.39
2017.24110   -22.74     4.04
2017.24384   -24.26     3.89
2017.24658   -18.64     6.49
2017.24932   -23.99     4.73
2017.25205   -13.22     5.56
2017.25479   -12.72     4.45
2017.25753   -15.47     5.01
2017.26027   -13.91     4.36
2017.26301   -16.75     4.69
2017.26575   -27.51     3.80
2017.26849   -19.53     4.73
2017.27123   -25.43     4.70
2017.27397   -22.79     4.49
2017.27671   -23.33     5.56
2017.27945   -27.11     4.75
2017.28219   -23.79     4.57
2017.28493   -21.97     4.18
2017.28767   -22.08     4.39
2017.29041   -22.59     4.32
2017.29315   -28.44     3.91
2017.29589   -23.35     4.13
2017.29863   -24.45     5.13
2017.30137   -23.70     4.92
2017.30411   -23.88     4.70
2017.30685   -24.97     3.72
2017.30959   -26.01     3.16
2017.31233   -20.81     3.39
2017.31507   -17.87     3.94
2017.31781   -21.87     3.95
2017.32055   -16.99     4.43
2017.32329   -15.03     4.46
2017.32603   -16.28     4.16
2017.32877   -17.14     3.91
2017.33151   -21.96     3.68
2017.33425   -21.07     3.82
2017.33699   -20.39     4.00
2017.33973   -18.93     4.15
2017.34247   -20.14     4.26
2017.34521   -18.90     4.48
2017.34795   -20.61     3.92
2017.35068   -18.84     4.32
2017.35342   -21.41     4.30
2017.35616   -21.22     4.76
2017.35890   -17.60     4.19
2017.36164   -18.62     3.97
2017.36438   -20.04     4.30
2017.36712   -19.20     4.16
2017.36986   -20.07     4.13
2017.37260   -20.87     3.72
2017.37534   -25.64     3.52
2017.37808   -19.11     4.26
2017.38082   -18.31     4.26
2017.38356   -19.52     3.95
2017.38630   -18.41     3.75
2017.38904   -17.26     3.95
2017.39178   -19.40     3.94
2017.39452   -22.14     5.07
2017.39726   -19.50     4.45
2017.40000   -18.32     3.70
2017.40274   -21.27     3.47
2017.40548   -22.76     3.62
2017.40822   -24.61     4.04
2017.41096   -22.29     4.77
2017.41370   -21.04     4.14
2017.41644   -18.31     5.77
2017.41918   -21.39     5.29
2017.42192   -19.46     5.08
2017.42466   -19.49     4.67
2017.42740   -16.15     4.05
2017.43014   -19.99     4.29
2017.43288   -19.96     4.72
2017.43562   -24.12     5.06
2017.43836   -24.74     5.15
2017.44110   -20.93     3.91
2017.44384   -25.38     3.66
2017.44658   -21.28     4.76
2017.44932   -15.63     4.80
2017.45205   -22.48     5.30
2017.45479   -21.23     4.90
2017.45753   -17.60     6.02
2017.46027   -18.88     6.18
2017.46301   -21.55     4.62
2017.46575   -17.16     4.20
2017.46849   -22.63     4.59
2017.47123   -17.85     4.39
2017.47397   -22.17     4.05
2017.47671   -21.57     4.48
2017.47945   -18.80     4.77
2017.48219   -25.05     4.32
2017.48493   -18.45     4.15
2017.48767   -20.89     4.50
2017.49041   -22.05     4.88
2017.49315   -18.66     4.94
2017.49589   -20.75     4.55
2017.49863   -19.66     4.46
2017.50411   -19.67     5.46
2017.50685   -20.40     4.66
2017.50959   -20.91     4.74
2017.51233   -22.98     4.84
2017.51507   -27.52     4.50
2017.51781   -24.22     4.72
2017.52055   -18.44     4.30
2017.52603   -23.81     5.07
2017.52877   -21.27     5.19
2017.53151   -22.14     4.83
2017.53425   -23.76     4.60
2017.53699   -23.95     4.95
2017.53973   -21.90     4.71
2017.54247   -19.80     3.54
2017.54521   -18.44     4.45
2017.54795   -16.41     4.31
2017.55068   -17.40     4.07
2017.55616   -20.28     4.03
2017.55890   -20.64     4.43
2017.56164   -18.83     5.14
2017.56438   -15.24     4.94
2017.56712   -16.24     5.36
2017.56986   -19.09     4.55
2017.57260   -19.74     4.79
2017.57534   -21.03     5.65
2017.57808   -18.82     6.54
2017.58082   -23.26     7.10
2017.58356   -17.87     5.79
2017.58630   -18.94     4.54
2017.58904   -15.56     6.14
2017.59178   -18.85     4.87
2017.59452   -18.75     4.73
2017.59726   -16.29     4.73
2017.60000   -19.11     5.04
2017.60274   -18.72     5.24
2017.60548   -17.75     4.89
2017.60822   -22.56     5.91
2017.61096   -15.66     5.21
2017.61370   -18.66     4.48
2017.61644   -16.56     4.41
2017.61918   -18.42     4.24
2017.62466   -17.74     4.89
2017.62740   -21.90     4.76
2017.63014   -17.72     5.36
2017.63288   -19.14     6.13
2017.63562   -13.64     5.44
2017.63836   -17.92     5.81
2017.64110   -19.59     5.29
2017.64384   -16.45     4.09
2017.64658   -19.30     4.30
2017.64932   -14.32     4.74
2017.65205   -18.57     5.15
2017.65479   -16.66     4.50
2017.65753   -17.83     4.97
2017.66027   -16.51     5.25
2017.66301   -16.70     5.01
2017.66575   -17.37     4.92
2017.66849   -17.68     7.08
2017.67123   -19.44     4.47
2017.67397   -16.81     4.63
2017.67671   -13.80     5.20
2017.67945   -16.12     4.58
2017.68219   -18.54     4.32
2017.68493   -16.75     4.42
2017.68767   -15.41     4.29
2017.69041   -23.29     4.21
2017.69315   -22.87     4.37
2017.69589   -18.01     4.76
2017.69863   -18.08     4.61
2017.70137   -19.06     4.67
2017.70411   -15.42     4.41
2017.70685   -20.21     3.70
2017.70959   -24.49     4.52
2017.71233   -20.29     4.25
2017.71507   -19.59     4.31
2017.71781   -18.17     4.80
2017.72055   -16.82     4.05
2017.72329   -20.20     3.90
2017.72603   -18.33     5.20
2017.72877   -19.74     4.22
2017.73151   -19.31     4.27
2017.73425   -19.27     4.84
2017.73699   -18.60     4.18
2017.73973   -19.96     4.10
2017.74247   -25.93     4.69
2017.74521   -11.19     5.91
2017.74795   -16.39     4.41
2017.75068   -19.67     4.51
2017.75342   -19.52     4.37
2017.75616   -18.24     4.99
2017.75890   -17.84     5.77
2017.76164   -18.15     4.44
2017.76438   -13.09     5.15
2017.76712   -20.84     4.74
2017.76986   -20.95     5.93
2017.77260   -16.04     5.49
2017.77534   -15.65     5.97
2017.77808   -17.19     5.07
2017.78082   -17.86     5.00
2017.78356   -29.46     4.00
2017.78630   -18.19     4.94
2017.78904   -23.62     4.92
2017.79178   -18.87     5.39
2017.79452   -12.79     4.86
2017.79726   -19.89     4.12
2017.80000   -17.57     4.39
2017.80274   -20.96     3.48
2017.80548   -21.09     3.29
2017.80822   -20.77     3.43
2017.81096   -19.02     3.53
2017.81370   -21.79     3.52
2017.81644   -19.05     4.00
2017.81918   -18.96     3.88
2017.82192   -19.59     3.55
2017.82466   -22.25     3.59
2017.82740   -18.58     3.80
2017.83014   -17.75     3.97
2017.83288   -18.33     3.78
2017.83562   -15.16     3.99
2017.83836   -16.30     4.02
2017.84110   -20.20     4.41
2017.84384   -22.18     3.80
2017.84658   -17.06     3.33
2017.84932   -21.42     3.91
2017.85205   -17.79     4.54
2017.85479   -17.55     3.98
2017.85753   -18.51     3.71
2017.86301   -20.36     4.01
2017.86575   -20.70     3.47
2017.86849   -19.14     3.47
2017.87123   -19.42     4.06
2017.87397   -22.02     4.09
2017.87671   -18.68     3.87
2017.87945   -19.68     3.72
2017.88219   -21.43     3.95
2017.88493   -22.72     3.35
2017.88767   -20.98     3.59
2017.89041   -19.03     3.79
2017.89315   -21.93     3.86
2017.89589   -22.72     3.76
2017.89863   -21.72     3.50
2017.90137   -18.61     3.67
2017.90411   -18.57     3.58
2017.90685   -17.95     3.85
2017.90959   -18.83     3.53
2017.91233   -19.76     3.77
2017.91507   -19.28     3.95
2017.91781   -22.32     3.97
2017.92055   -17.63     3.98
2017.92329   -21.32     3.79
2017.92603   -19.56     3.64
2017.92877   -20.05     3.35
2017.93151   -20.04     3.72
2017.93425   -20.20     3.69
2017.93699   -23.19     3.24
2017.93973   -22.51     3.51
2017.94247   -21.43     3.51
2017.94521   -18.12     3.48
2017.94795   -22.08     3.49
2017.95068   -26.85     2.98
2017.95342   -21.74     3.54
2017.95616   -20.32     3.67
2017.95890   -23.21     3.79
2017.96164   -23.51     3.92
2017.96438   -22.87     3.72
2017.96712   -23.22     4.19
2017.96986   -22.04     4.30
2017.97260   -20.84     3.53
2017.97534   -19.35     3.50
2017.97808   -21.83     3.63
2017.98082   -18.72     3.57
2017.98356   -21.97     3.25
2017.98630   -19.54     3.44
2017.98904   -20.80     3.32
2017.99178   -19.36     3.68
2017.99452   -18.26     4.47
2018.00548   -22.20     3.52
2018.00822   -21.88     3.46
2018.01096   -16.80     3.71
2018.01370   -24.46     3.59
2018.01644   -21.95     3.42
2018.01918   -16.78     3.41
2018.02192   -20.41     3.82
2018.02466   -18.15     3.76
2018.02740   -19.61     3.35
2018.03014   -17.58     3.36
2018.03288   -19.49     3.41
2018.03562   -20.25     3.27
2018.03836   -15.96     3.64
2018.04110   -18.65     3.61
2018.04384   -19.09     3.66
2018.04658   -19.89     3.75
2018.04932   -19.33     3.71
2018.05205   -21.25     3.80
2018.05479   -20.61     3.60
2018.05753   -17.93     4.00
2018.06027   -21.83     3.84
2018.06301   -20.50     3.53
2018.06575   -19.33     3.66
2018.06849   -19.00     3.77
2018.07123   -17.17     3.69
2018.07397   -18.78     3.66
2018.07671   -20.38     3.97
2018.07945   -23.28     3.12
2018.08219   -16.86     3.09
2018.08493   -19.98     3.12
2018.08767   -21.70     3.30
2018.09041   -21.56     3.39
2018.09315   -19.96     3.03
2018.09589   -21.45     3.04
2018.09863   -19.04     3.40
2018.10137   -21.48     3.47
2018.10411   -19.08     3.46
2018.10685   -21.38     3.29
2018.10959   -19.90     3.43
2018.11233   -19.96     3.57
2018.11507   -19.73     3.22
2018.11781   -20.80     3.27
2018.12055   -18.61     3.53
2018.12329   -17.49     3.55
2018.12603   -17.49     3.82
2018.12877   -19.97     4.14
2018.13151   -20.14     3.55
2018.13425   -20.27     3.62
2018.13699   -19.73     3.60
2018.13973   -19.98     3.85
2018.14247   -19.85     3.68
2018.14521   -18.67     3.85
2018.14795   -19.63     3.70
2018.15068   -20.10     3.80
2018.15342   -20.59     3.72
2018.15616   -21.86     3.62
2018.15890   -15.75     4.07
2018.16164   -24.43     3.98
