2012.00000      1.31      2.67
2012.00273      3.41      2.69
2012.00546      2.56      2.57
2012.00820      3.28      2.61
2012.01093      1.69      2.66
2012.01366      3.74      2.61
2012.01639      3.57      2.65
2012.01913      1.16      2.55
2012.02186      0.87      2.77
2012.02459      1.77      2.75
2012.02732      1.92      2.81
2012.03005      3.11      3.08
2012.03279      3.16      2.62
2012.03552      1.05      2.64
2012.03825      1.78      2.59
2012.04098      3.79      2.74
2012.04372      3.17      3.11
2012.04645      0.67      2.88
2012.04918      1.26      2.77
2012.05191      1.47      2.84
2012.05464     -0.08      3.62
2012.08197      3.84      2.98
2012.08470      2.12      2.66
2012.08743      2.21      2.80
2012.09016      1.39      2.79
2012.09290      1.54      2.76
2012.09563      4.10      2.91
2012.09836      3.36      3.07
2012.10109      4.75      3.54
2012.10383      3.08      3.26
2012.10656      3.80      2.69
2012.10929      4.82      2.57
2012.11202      4.18      2.65
2012.11475      6.10      2.71
2012.11749      3.41      2.83
2012.12022      4.99      3.11
2012.12295      7.51      2.98
2012.12568      2.43      3.79
2012.12842      4.12      2.85
2012.13115      1.25      2.73
2012.13388      2.17      3.06
2012.13661      3.48      3.04
2012.13934      3.96      3.01
2012.14208      5.44      3.38
2012.14481      2.87      3.41
2012.14754      2.73      5.01
2012.16393      0.84      3.03
2012.16667     -1.49      3.63
2012.16940     -0.81      3.23
2012.17213     -0.16      2.95
2012.17486     -0.19      3.26
2012.17760      1.86      3.44
2012.18033     -0.29      3.45
2012.18306      0.52      3.28
2012.18579      0.63      3.41
2012.18852      2.78      3.39
2012.19126      3.05      3.25
2012.19399      2.54      3.39
2012.19672      0.41      3.73
2012.19945      1.43      3.36
2012.20219      1.84      3.35
2012.20492     -2.09      3.27
2012.20765      0.11      3.70
2012.21038      3.38      3.57
2012.21311     -1.42      3.30
2012.21585     -3.28      3.27
2012.21858     -0.74      3.30
2012.22131     -1.43      3.16
2012.22404      0.56      3.32
2012.22678      2.05      3.79
2012.22951      1.69      3.14
2012.23224     -3.86      3.13
2012.23497     -3.10      3.58
2012.23770      0.20      3.26
2012.24044      0.41      3.58
2012.24317      0.33      3.29
2012.24590     -0.20      3.12
2012.24863     -0.34      3.15
2012.25137     -2.60      3.17
2012.25410      0.55      3.22
2012.25683     -1.09      3.21
2012.25956      2.33      3.18
2012.26230      0.33      2.98
2012.26503      1.35      3.66
2012.26776      0.58      3.21
2012.27049     -0.59      3.13
2012.27322     -1.19      3.39
2012.27596      2.78      3.10
2012.27869     -0.63      3.19
2012.28142      0.68      3.48
2012.28415     -0.04      3.54
2012.28689     -1.29      2.94
2012.28962     -0.44      2.95
2012.29235      0.93      3.58
2012.29508      2.01      3.51
2012.29781      1.18      3.14
2012.30055      2.49      3.24
2012.30328      1.69      3.92
2012.30601      4.03      3.41
2012.30874      4.40      3.29
2012.31148      3.69      3.92
2012.31421      2.47      3.33
2012.31694      0.47      6.32
2012.31967      2.15      3.84
2012.32240      3.97      3.93
2012.32514      2.27      3.54
2012.32787      4.29      4.47
2012.33060      5.53      3.91
2012.33333     -0.10      4.21
2012.33607      0.97      4.95
2012.33880      4.39      3.91
2012.34153      3.91      3.54
2012.34426      2.58      3.13
2012.34699      2.21      2.77
2012.34973     -0.97      3.32
2012.35246      0.65      3.12
2012.35519      0.46      3.27
2012.35792     -5.52      4.60
2012.36066     -0.59      3.13
2012.36339      2.30      3.09
2012.36612      2.59      3.19
2012.36885      0.25      3.20
2012.37158     -0.72      3.38
2012.37432      2.03      3.19
2012.37705     -1.16      3.59
2012.37978      1.45      2.98
2012.38251      2.94      4.20
2012.38525      2.65      3.53
2012.38798      0.47      3.21
2012.39071     -0.41      3.07
2012.39344      3.07      3.36
2012.39617      0.91      3.13
2012.39891      0.90      3.07
2012.40164      2.11      3.59
2012.40437     -1.90      4.10
2012.40710     -1.04      3.74
2012.40984     -0.84      3.69
2012.41257      2.50      3.66
2012.41530     -1.99      3.25
2012.41803      1.22      3.01
2012.42077      3.34      3.03
2012.42350      4.83      3.51
2012.42623     -2.28      3.32
2012.42896      0.29      3.22
2012.43169      2.41      3.31
2012.43443     -0.26      3.30
2012.43716      3.63      4.18
2012.43989      3.65      4.75
2012.44262     -2.30      5.19
2012.44536     -0.52      6.30
2012.44809      1.13      4.44
2012.45082      2.21      4.52
2012.45355      1.73      3.90
2012.45628      0.60      3.74
2012.45902      2.20      3.86
2012.46175      1.77      4.46
2012.46448      1.32      3.97
2012.46721     -4.99      5.90
2012.46995     -1.52      4.87
2012.47268     -2.14      3.66
2012.47541     -2.13      4.29
2012.47814     -1.45      5.54
2012.48087     -4.03      3.22
2012.48361     -0.72      3.64
2012.48634     -1.77      3.09
2012.48907      0.86      4.09
2012.49180     -1.46      3.95
2012.49454     -1.29      3.51
2012.49727      0.04      3.81
2012.50000     -5.38      4.05
2012.50273     -4.48      3.53
2012.50546     -0.56      3.39
2012.50820     -2.31      3.82
2012.51093     -1.81      3.85
2012.51366     -4.98      3.69
2012.51639      0.19      3.30
2012.51913     -1.89      3.97
2012.52186     -2.57      3.87
2012.52459     -3.70      3.16
2012.52732     -4.29      3.32
2012.53005      0.56      3.76
2012.53279     -1.84      3.69
2012.53552     -2.82      4.42
2012.53825     -2.44      3.93
2012.54098     -0.66      3.51
2012.54372      0.02      4.12
2012.54645     -3.19      3.18
2012.54918     -1.94      4.44
2012.55191     -4.45      3.50
2012.55464     -3.65      3.80
2012.55738     -2.34      3.60
2012.56011     -1.24      3.21
2012.56284     -1.67      3.48
2012.56557     -1.50      3.73
2012.56831      1.06      3.81
2012.57104      0.12      3.73
2012.57377     -1.92      3.23
2012.57650      2.58      4.23
2012.57923     -1.78      3.28
2012.58197     -2.68      3.62
2012.58470     -2.58      3.81
2012.58743      0.24      3.80
2012.59016      1.55      6.08
2012.59290     -4.22      5.71
2012.59563     -4.25      4.97
2012.59836     -7.39      3.82
2012.60109     -8.55      4.95
2012.60383     -1.57      4.61
2012.60656      0.17      4.06
2012.60929     -2.97      4.60
2012.61202     -3.85      3.63
2012.61475     -2.58      3.24
2012.61749     -1.16      3.27
2012.62022     -4.36      3.62
2012.62295     -3.33      3.70
2012.62568     -6.61      3.53
2012.62842     -2.63      3.57
2012.63115     -2.43      3.68
2012.63388      3.01      4.93
2012.63661      1.87      4.08
2012.63934     -3.05      4.36
2012.64208     -0.75      3.58
2012.64481     -0.52      4.05
2012.64754     -5.60      4.42
2012.65027     -2.75      3.87
2012.65301      1.26      3.67
2012.65574     -6.23      4.03
2012.65847     -3.43      4.42
2012.66120     -4.21      4.25
2012.66393     -3.15      4.40
2012.66667     -0.62      4.35
2012.66940     -5.50      4.19
2012.67213     -2.07      4.12
2012.67486     -3.96      3.98
2012.67760     -0.93      3.59
2012.68033     -0.87      3.48
2012.68306     -5.36      3.47
2012.68579     -4.93      3.86
2012.68852     -3.45      6.53
2012.69399      0.58      4.10
2012.69672     -0.84      3.77
2012.69945     -3.50      3.78
2012.70219     -4.05      5.37
2012.70492     -6.77      4.43
2012.70765     -5.25      3.34
2012.71038     -3.40      3.52
2012.71311     -4.92      3.44
2012.71585     -4.89      3.49
2012.71858     -3.58      3.34
2012.72131     -7.22      3.29
2012.72404     -3.39      3.61
2012.72678     -3.08      3.25
2012.73224     -5.33      3.85
2012.73497     -4.19      4.03
2012.73770     -5.63      4.49
2012.74044     -3.62      3.93
2012.74317     -2.99      3.90
2012.74590     -2.84      3.47
2012.74863     -4.00      3.29
2012.75137     -3.01      3.41
2012.75410     -2.16      3.61
2012.75683      2.26      5.23
2012.75956     -1.37      3.28
2012.76230     -1.14      3.10
2012.76503     -9.47      3.34
2012.76776     -2.99      3.18
2012.77049     -2.57      2.91
2012.77322     -4.75      2.89
2012.77596     -6.82      3.10
2012.77869     -6.09      3.24
2012.78142     -3.63      3.25
2012.78415     -4.96      2.90
2012.78689     -4.96      2.83
2012.78962     -5.79      2.95
2012.79235     -3.82      3.11
2012.79508     -2.10      3.30
2012.79781     -2.22      3.29
2012.80055     -0.65      3.25
2012.80328     -3.92      3.01
2012.80601     -2.26      3.16
2012.80874     -2.07      2.96
2012.81148     -2.88      3.10
2012.81421     -3.59      2.94
2012.81694     -2.61      3.33
2012.81967      0.29      3.64
2012.82240      0.66      3.97
2012.82514     -2.86      3.09
2012.82787     -3.95      3.54
2012.83060     -4.43      3.33
2012.83333     -2.34      3.18
2012.83607     -1.10      4.79
2012.83880     -4.56      4.84
2012.84153     -1.81      5.09
2012.84426     -1.74      4.66
2012.84699     -0.40      4.57
2012.84973     -5.43      4.33
2012.85246     -2.57      4.54
2012.85519     -4.34      4.42
2012.85792     -4.14      4.16
2012.86066     -2.38      5.03
2012.86339     -2.82      4.63
2012.86612     -0.40      4.14
2012.86885      0.06      4.70
2012.87158     -3.91      3.22
2012.87432     -3.88      5.05
2012.87705     -2.19      5.01
2012.87978     -3.69      4.59
2012.88251     -0.21      4.62
2012.88525     -2.31      4.63
2012.88798      1.48      4.36
2012.89071      2.23      5.25
2012.89344     -4.29      5.23
2012.89617     -4.69      4.49
2012.89891     -2.90      2.68
2012.90164     -3.21      2.91
2012.90437     -0.76      3.13
2012.90710     -3.38      2.87
2012.90984     -3.18      3.05
2012.91257     -1.18      2.80
2012.91530     -1.39      2.94
2012.91803     -3.13      4.87
2012.92077     -1.53      4.52
2012.92350      0.22      4.49
2012.92623     -2.35      4.12
2012.92896     -1.93      5.18
2012.93169     -2.41      4.49
2012.93443      0.18      4.24
2012.93716      0.74      4.49
2012.93989      2.97      4.36
2012.94262      0.57      4.34
2012.94536      1.25      3.76
2012.94809     -1.40      3.86
2012.95082      1.63      4.16
2012.95355     -0.15      2.65
2012.95628      1.25      2.95
2012.95902     -2.04      2.85
2012.96175      0.78      2.78
2012.96448     -2.17      2.75
2012.96721     -0.59      2.59
2012.96995     -1.37      2.54
2012.97268      1.43      2.61
2012.97541     -0.70      2.71
2012.97814     -2.93      2.70
2012.98087     -2.47      2.58
2012.98361     -2.40      2.63
2012.98634     -0.01      2.63
2012.98907     -2.46      2.84
2012.99180      0.17      2.74
2012.99454     -0.64      3.52
2012.99727      0.54      2.87
2013.00000     -1.03      2.68
2013.00274     -3.48      2.93
2013.00548     -0.87      2.98
2013.00822     -0.57      2.76
2013.01096      0.82      2.67
2013.01370     -1.95      2.91
2013.01644     -0.78      3.06
2013.01918     -2.22      3.09
2013.02192      0.45      2.96
2013.02466      0.03      2.78
2013.02740      0.09      2.84
2013.03014     -0.37      2.83
2013.03288     -1.60      3.50
2013.03562      2.16      3.38
2013.03836      0.19      2.50
2013.04110     -0.63      2.53
2013.04384     -1.20      2.75
2013.04658     -1.49      2.74
2013.04932     -1.17      2.58
2013.05205     -0.53      2.59
2013.05479     -1.49      2.79
2013.05753      0.06      2.46
2013.06027     -1.59      2.60
2013.06301     -0.09      2.68
2013.06575     -0.25      2.65
2013.06849      0.78      2.61
2013.07123     -0.02      2.55
2013.07397      0.35      2.68
2013.07671     -1.65      2.46
2013.07945     -1.54      2.58
2013.08219     -1.36      3.02
2013.08493     -1.65      2.94
2013.08767     -0.08      3.09
2013.09041     -0.62      2.80
2013.09315     -0.67      2.84
2013.09589     -1.25      2.84
2013.09863     -3.73      3.06
2013.10137     -1.41      3.00
2013.10411     -0.54      2.68
2013.10685     -0.75      2.58
2013.10959     -1.80      2.95
2013.11233      1.33      3.41
2013.11507      0.16      2.72
2013.11781     -0.09      2.66
2013.12055     -0.57      3.00
2013.12329     -1.10      2.80
2013.12603      0.69      3.08
2013.12877     -0.89      2.69
2013.13151     -0.20      2.77
2013.13425      0.18      2.89
2013.13699     -2.62      2.97
2013.13973     -0.69      3.20
2013.14247      1.93      2.90
2013.14521      1.34      3.81
2013.14795     -0.52      3.33
2013.15342     -0.53      2.86
2013.15616     -1.99      2.91
2013.15890      0.44      2.77
2013.16164     -1.92      2.77
2013.16438     -0.01      3.33
2013.16712     -2.39      2.85
2013.16986     -0.94      2.82
2013.17260     -0.43      2.91
2013.17534     -2.37      3.57
2013.17808     -0.75      3.14
2013.18082      0.20      3.56
2013.18356     -2.77      2.90
2013.18630      1.87      3.16
2013.18904     -1.54      3.48
2013.19178     -4.69      3.39
2013.19452     -0.84      3.37
2013.19726     -2.48      3.63
2013.20000     -0.33      3.04
2013.20274     -1.16      2.99
2013.20548     -1.36      3.17
2013.20822      1.61      3.38
2013.21096     -1.29      3.05
2013.21370     -0.57      3.33
2013.21644     -4.87      3.57
2013.21918     -1.42      3.51
2013.22192     -3.05      3.45
2013.22466     -5.08      4.13
2013.22740     -1.16      4.24
2013.23014     -3.21      3.08
2013.23288     -3.67      3.78
2013.23562     -2.99      3.10
2013.23836     -2.64      3.64
2013.24110     -3.16      3.44
2013.24384     -0.98      3.07
2013.24658      1.42      3.14
2013.24932     -0.33      3.26
2013.25205     -1.41      3.46
2013.25479     -1.81      4.06
2013.25753      2.67      3.87
2013.26027     -1.58      5.15
2013.26301      1.41      3.46
2013.26575     -0.16      3.12
2013.26849     -1.92      3.26
2013.27123      0.09      3.90
2013.27397     -0.11      3.31
2013.27671      0.45      3.30
2013.27945     -2.67      3.50
2013.28219     -1.26      3.30
2013.28493     -0.42      3.45
2013.28767     -0.83      3.47
2013.29041      2.43      3.63
2013.29315     -0.47      3.70
2013.29589      0.56      3.91
2013.29863      0.02      3.59
2013.30137     -2.14      3.67
2013.30411     -1.18      3.19
2013.30685      0.65      3.10
2013.31233      2.04      3.25
2013.31507      0.70      3.64
2013.31781     -0.06      3.45
2013.32055     -0.43      3.81
2013.32329     -1.35      3.56
2013.32603      1.53      3.15
2013.32877     -0.62      3.92
2013.33151      2.37      3.35
2013.33425      2.15      3.56
2013.33699      1.54      3.38
2013.33973     -0.09      3.11
2013.34247      1.31      3.38
2013.34521     -1.64      3.22
2013.34795     -1.86      3.20
2013.35068     -3.16      3.16
2013.35342      1.07      3.42
2013.35616     -1.35      4.17
2013.35890     -2.80      3.68
2013.36164     -0.29      3.61
2013.36438      2.86      3.78
2013.36712      3.01      4.29
2013.36986      1.44      3.47
2013.37260     -0.32      5.20
2013.37534      3.30      4.31
2013.37808      2.06      5.15
2013.38082     -1.62      4.92
2013.38630     -0.14      3.40
2013.38904     -1.35      3.73
2013.39178      6.85      3.95
2013.39452      2.78      4.04
2013.39726      1.73      4.84
2013.40000      1.20      3.56
2013.40274      1.32      3.63
2013.40548     -2.69      3.43
2013.40822      0.60      3.45
2013.41096     -1.03      4.20
2013.41370     -5.32      6.37
2013.41644     -1.11      3.84
2013.41918     -2.05      3.39
2013.42192      0.53      3.88
2013.42466      0.01      3.72
2013.42740      2.38      3.64
2013.43014     -2.41      3.74
2013.43288     -1.53      6.62
2013.43562     -2.07      4.13
2013.43836     -1.98      4.34
2013.44110     -4.72      3.97
2013.44384     -2.03      4.66
2013.44658     -1.72      5.36
2013.44932      0.31      4.35
2013.45205     -4.88      3.72
2013.45479     -5.49      3.74
2013.45753     -5.04      4.38
2013.46301     -2.12      3.97
2013.46575     -0.23      3.96
2013.47397     -3.81      3.79
2013.47671     -1.55      4.18
2013.47945     -1.48      4.34
2013.48219     -1.43      4.07
2013.48493     -5.28      3.65
2013.48767     -3.94      3.31
2013.49041     -2.23      3.41
2013.49315     -5.51      5.15
2013.49589     -1.26      3.85
2013.49863     -1.43      4.70
2013.50137     -6.03      4.13
2013.50411     -5.33      4.67
2013.50685     -4.21      5.29
2013.50959     -4.21      5.14
2013.51233     -5.09      4.82
2013.51507     -2.47      4.31
2013.51781     -4.46      4.25
2013.52055     -5.58      3.78
2013.52329     -0.32      4.22
2013.52603     -0.28      3.72
2013.52877     -4.92      5.48
2013.53151      0.20      6.62
2013.53425     -0.39      4.01
2013.53699      3.91      4.18
2013.53973     -5.23      4.20
2013.54247      2.02      4.11
2013.54521     -2.59      3.72
2013.54795     -7.20      3.97
2013.55342     -2.92      9.01
2013.55616     -2.75      4.57
2013.55890     -6.36      4.59
2013.56164      3.69      5.55
2013.56438      0.28      6.70
2013.56712     -9.37      4.87
2013.56986     -6.73      4.62
2013.57260     -2.22      4.85
2013.57534     -3.42      4.37
2013.57808     -0.04      3.90
2013.58082     -5.35      4.79
2013.58356     -0.08      3.64
2013.58630     -1.47      6.64
2013.58904     -4.43      4.48
2013.59178     -6.64      4.40
2013.59452     -4.78      3.84
2013.59726     -4.17      3.78
2013.60274     -6.12      3.45
2013.60548     -4.92      4.48
2013.60822     -5.16      5.57
2013.61096     -5.88      4.25
2013.61370     -4.98      3.90
2013.61644     -3.26      5.08
2013.61918     -2.75      3.65
2013.62192     -3.21      3.83
2013.62466     -4.50      5.46
2013.62740     -3.20      4.57
2013.63014     -6.98      4.41
2013.63562     -0.58      4.28
2013.63836     -1.56      5.10
2013.64110     -4.01      7.32
2013.64384     -2.34      4.48
2013.64658     -0.97      5.62
2013.65753      9.77      5.06
2013.66027     -0.49      6.84
2013.66301     -3.15      6.46
2013.66575     -4.01      5.23
2013.66849      1.22      5.76
2013.67123     -1.87      3.84
2013.67671     -5.31      4.40
2013.68219     -6.40      3.38
2013.68493     -2.74      3.63
2013.68767     -1.83      3.84
2013.69041     -1.62      4.92
2013.69315     -8.81      4.26
2013.69589     -3.16      3.96
2013.69863      0.85      4.02
2013.70137      1.70      4.33
2013.70959     -2.47      5.61
2013.71233      1.47      4.13
2013.71507     -3.63      4.33
2013.71781     -8.81      4.62
2013.72055     -7.23      4.13
2013.72329     -1.71      5.15
2013.72603     -4.85      4.11
2013.72877      7.21      4.69
2013.73151     -4.60      3.92
2013.73425      2.46      4.66
2013.73699      3.76      4.06
2013.74247      3.26      3.81
2013.74521     -2.00      4.02
2013.74795     -8.75      4.54
2013.75342      0.09      3.96
2013.75616     -2.38      3.69
2013.75890     -7.80      3.88
2013.76164     -4.94      3.65
2013.76438      3.45      4.68
2013.76712     -6.78      3.76
2013.76986     -7.85      3.51
2013.77260      0.45      4.28
2013.77534      1.91      5.29
2013.77808     -0.99      4.32
2013.78356      1.79      4.20
2013.78630      4.10      4.10
2013.78904     -3.53      3.91
2013.79178      0.36      3.31
2013.79452     -1.07      3.39
2013.79726     -6.75      3.74
2013.80000     -0.37      3.60
2013.80274     -3.38      3.53
2013.80548      2.64      3.28
2013.80822     -1.93      3.49
2013.81096     -1.65      3.23
2013.81370     -2.99      3.08
2013.81644     -4.48      3.45
2013.81918     -3.06      3.37
2013.82192     -3.03      3.50
2013.82466     -2.12      3.26
2013.82740     -3.07      3.18
2013.83014     -0.96      3.51
2013.83288     -3.80      3.99
2013.83562     -2.78      3.90
2013.83836     -2.10      3.54
2013.84110     -2.11      3.68
2013.84384     -0.69      3.62
2013.84658     -2.88      3.33
2013.84932     -3.82      2.95
2013.85205     -4.39      3.15
2013.85479     -0.26      3.31
2013.85753     -1.29      3.53
2013.86027     -4.75      3.41
2013.86301     -3.70      3.42
2013.86575     -2.52      3.33
2013.86849      1.50      3.23
2013.87123      1.34      3.39
2013.87397     -1.85      3.09
2013.87671      0.32      3.31
2013.87945      0.67      3.15
2013.88219      0.10      2.96
2013.88493     -0.58      3.14
2013.88767      1.78      3.22
2013.89041     -0.14      3.01
2013.89315      0.26      3.05
2013.89589     -1.17      3.13
2013.89863     -0.36      3.95
2013.90137     -3.29      3.05
2013.90411     -1.22      3.19
2013.90685      0.40      3.20
2013.90959     -0.82      3.02
2013.91233     -0.78      2.92
2013.91507     -1.80      2.99
2013.91781     -2.26      2.94
2013.92055     -1.22      2.75
2013.92329      1.59      2.68
2013.92603     -0.45      2.78
2013.92877      0.54      2.78
2013.93151     -0.23      2.84
2013.93425      0.45      2.79
2013.93699      1.95      3.22
2013.93973     -1.96      3.13
2013.94247     -3.00      2.93
2013.94521     -0.56      3.19
2013.94795     -4.49      2.93
2013.95068      2.48      3.18
2013.95342     -3.22      3.14
2013.95616     -0.67      3.29
2013.95890      1.33      3.62
2013.96164      0.04      3.44
2013.96438     -2.86      3.14
2013.96712     -1.42      3.17
2013.96986     -2.53      2.88
2013.97260     -2.52      2.83
2013.97534     -1.57      3.02
2013.97808     -2.65      2.89
2013.98082      1.14      3.19
2013.98356     -2.82      2.98
2013.98630     -1.81      2.79
2013.98904     -0.56      2.76
2013.99178     -1.67      2.98
2013.99452     -2.52      2.90
2013.99726     -1.32      2.88
2014.00000      2.10      2.94
2014.00274      0.35      3.50
2014.00548      0.47      3.03
2014.00822      2.78      3.08
2014.01096      3.18      3.05
2014.01370      1.14      2.95
2014.01644      0.24      2.72
2014.01918      3.44      2.96
2014.02192      0.00      3.06
2014.02466      2.40      3.01
2014.02740     -3.72      3.03
2014.03014      1.55      2.82
2014.03288      1.57      2.91
2014.03562      2.89      2.99
2014.03836     -1.37      2.99
2014.04110      0.32      2.80
2014.04384     -3.70      2.92
2014.04658     -0.25      2.79
2014.04932     -0.79      2.69
2014.05205      2.78      2.76
2014.05479      3.75      3.26
2014.05753      0.53      3.03
2014.06027      2.38      3.38
2014.06301     -2.54      3.10
2014.06575      0.85      2.98
2014.06849      1.52      3.36
2014.07123     -0.82      3.15
2014.07671      2.58      3.85
2014.07945     -0.82      4.44
2014.08219      2.37      3.25
2014.08493      1.65      3.18
2014.08767     -0.19      3.48
2014.09041      3.37      4.01
2014.09315     -0.65      3.58
2014.09589     -4.89      3.47
2014.09863      2.54      3.49
2014.10137     -1.11      3.86
2014.10411     -1.86      3.22
2014.10685     -1.52      3.21
2014.10959     -0.18      3.37
2014.11233      5.39      3.52
2014.11507      1.11      3.08
2014.11781      1.34      3.08
2014.12055      3.80      3.40
2014.12329      0.03      3.13
2014.12603     -0.24      3.18
2014.12877      3.12      3.07
2014.13151      1.16      3.24
2014.13425     -0.62      3.66
2014.13699      3.30      3.19
2014.13973      2.42      3.12
2014.14247     -0.51      3.22
2014.14521      0.99      3.12
2014.14795      5.68      3.35
2014.15068      2.58      3.18
2014.15342      2.12      3.18
2014.15616     -0.02      3.32
2014.15890     -0.53      3.66
2014.16164      3.20      4.06
2014.16438      2.30      3.94
2014.16712     -2.20      3.02
2014.17260      0.01      3.28
2014.17534      6.68      6.73
2014.17808     -0.95      3.51
2014.18082     -3.59      3.71
2014.18356      1.95      3.66
2014.18630     -3.51      3.41
2014.18904     -0.98      3.29
2014.19178      1.69      3.43
2014.19452     -2.14      3.95
2014.19726     -4.76      3.59
2014.20000     -1.93      3.44
2014.20274      0.54      3.55
2014.20548     -0.36      3.27
2014.20822     -3.33      3.30
2014.21096     -1.57      3.09
2014.21370      0.98      3.40
2014.21644     -6.51      3.40
2014.21918     -1.09      3.13
2014.22192     -2.91      3.17
2014.22466     -2.13      2.77
2014.22740      0.97      3.37
2014.23014     -2.48      3.42
2014.23288      3.79      3.70
2014.23562     -0.60      3.34
2014.23836      1.45      3.59
2014.24110      5.69      4.84
2014.24384     -0.68      3.70
2014.24658      6.24      6.59
2014.24932      6.62      4.18
2014.25205     -0.55      3.71
2014.25479      4.47      4.66
2014.26027     -4.40      3.40
2014.26301     -3.38      3.50
2014.26575     -3.56      3.18
2014.26849     -2.57      3.90
2014.27123     -0.76      3.67
2014.27397      2.40      4.80
2014.27671      0.45      3.75
2014.27945     -1.47      3.52
2014.28219      0.37      3.71
2014.28493     -3.76      3.51
2014.28767     -3.90      3.85
2014.29041     -2.12      3.36
2014.29315     -2.32      3.65
2014.29589     -4.07      3.41
2014.30411     -3.74      3.18
2014.30685     -2.30      3.45
2014.30959     -5.25      3.53
2014.31233     -0.89      3.68
2014.31507      0.25      3.35
2014.31781     -1.66      3.94
2014.32055      1.30      3.76
2014.32329     -3.59      3.53
2014.32603     -1.17      3.38
2014.32877      0.06      4.21
2014.33151     -0.63      4.47
2014.33425      0.30      3.37
2014.33699     -0.19      3.59
2014.33973      0.23      3.38
2014.34247     -2.58      3.39
2014.34521     -0.44      3.40
2014.34795      0.22      3.39
2014.35068      1.60      3.38
2014.35342     -1.30      3.54
2014.35616     -0.43      3.43
2014.35890     -0.14      3.68
2014.36164     -3.33      4.09
2014.36438     -4.25      4.69
2014.36712      1.12      4.31
2014.36986     -5.10      4.99
2014.37260     -0.18      4.64
2014.37534      2.72      4.34
2014.37808      1.23      5.63
2014.38082      0.07      5.21
2014.38356      8.69      6.12
2014.38630     -3.54      4.34
2014.40000      0.48      4.66
2014.40274      1.87      4.85
2014.40548      4.02      4.49
2014.40822      2.53      4.60
2014.41096      2.90      4.19
2014.41370     -0.84      3.86
2014.41644     -1.60      4.31
2014.41918      2.51      4.43
2014.42192     -1.29      4.54
2014.42466      7.00      4.86
2014.42740      3.09      4.50
2014.43014      0.51      3.82
2014.43288      1.50      4.78
2014.43562      4.21      4.89
2014.43836      2.02      4.38
2014.44110      0.32      4.14
2014.44384      0.42      4.07
2014.44658     -0.08      4.46
2014.44932     -1.22      3.78
2014.45205     -0.97      3.76
2014.45479     -1.80      3.82
2014.45753     -0.44      4.12
2014.46027     -0.63      4.01
2014.46301     -3.55      5.20
2014.46575      0.47      4.03
2014.46849      1.41      4.25
2014.47123      0.33      4.03
2014.47397      2.02      4.35
2014.47671     -1.16      4.74
2014.47945      0.53      4.24
2014.48493     -5.75      4.31
2014.48767     -3.28      3.70
2014.49041      4.01      5.06
2014.49589     -4.84      4.13
2014.49863     -3.75      4.89
2014.50137      1.50      4.00
2014.50411     -1.34      4.57
2014.50685      1.53      4.26
2014.50959      1.86      4.61
2014.51233      2.00      4.72
2014.51507      1.19      4.55
2014.51781     -2.00      4.70
2014.52055     -6.64      5.42
2014.52329     -0.28      4.31
2014.52603     -3.80      4.34
2014.52877     -0.68      4.09
2014.53151     -4.60      3.80
2014.53425      3.35      4.17
2014.53699      3.33      4.84
2014.53973      1.11      4.65
2014.54247     -4.15      5.39
2014.54521      4.36      5.43
2014.54795     -4.57      7.20
2014.55068      1.56      4.77
2014.55342     -0.56      4.65
2014.55890     -1.76      5.98
2014.56164      4.28      5.71
2014.56438      1.96      4.42
2014.56712      4.30      5.04
2014.56986     -1.47      4.14
2014.57260     -7.78      6.72
2014.57534      3.40      5.11
2014.57808     -3.81      4.54
2014.58082     -0.76      5.55
2014.58356      0.39      5.31
2014.58904     -0.51      5.89
2014.59178      0.26      4.89
2014.59726      6.79      5.97
2014.60000      8.71      7.17
2014.60274      5.05      5.82
2014.60548      3.21      4.80
2014.60822      3.67      5.01
2014.61096      1.77      4.27
2014.61370      3.17      4.79
2014.61644      6.87      4.86
2014.61918      0.37      4.24
2014.62192      2.38      4.35
2014.62466      5.24      4.58
2014.62740      5.52      4.49
2014.63014      2.15      4.09
2014.63288      3.96      4.91
2014.63562      2.73      5.36
2014.63836      3.28      4.77
2014.64110     -1.24      6.32
2014.64384      3.65      4.64
2014.64658      0.86      5.14
2014.64932      0.84      5.13
2014.65205      3.44      4.87
2014.65479      2.32      5.13
2014.65753      0.82      5.06
2014.66027      1.93      4.04
2014.66301      7.76      4.09
2014.66575      1.86      4.17
2014.66849     -4.55      5.08
2014.67123      1.86      4.54
2014.67397     -1.44      4.25
2014.67671      3.59      4.91
2014.67945      2.25      4.30
2014.68219      0.28      4.63
2014.68493      4.46      4.54
2014.68767      7.92      4.75
2014.69041      1.27      5.09
2014.69315      2.90      4.95
2014.69589      6.38      4.25
2014.70137      3.31      4.47
2014.70411      6.83      5.08
2014.70685      7.10      5.05
2014.70959      4.98      4.35
2014.71233      3.04      3.69
2014.71507      7.54      3.91
2014.71781      7.06      4.11
2014.72055      3.97      6.34
2014.72329      2.20      4.26
2014.72603      0.62      4.58
2014.72877      2.23      4.20
2014.73151      2.99      3.87
2014.73425     -1.40      5.24
2014.73699      4.43      3.54
2014.73973      7.52      3.54
2014.74247      4.32      3.94
2014.74521      6.47      3.96
2014.74795      6.12      6.24
2014.75068      5.38      4.72
2014.75342     -3.70      4.51
2014.75616      4.04      4.60
2014.75890      5.85      4.71
2014.76164      1.07      3.75
2014.76438      7.06      3.73
2014.76712      5.58      3.84
2014.76986      1.23      3.69
2014.77260      4.31      3.89
2014.77534      3.92      4.01
2014.77808      6.07      3.95
2014.78082      4.72      4.36
2014.78356      5.32      4.86
2014.78630      1.56      4.55
2014.78904      2.62      4.43
2014.79178      3.67      4.21
2014.79452      0.23      3.95
2014.79726      6.94      3.93
2014.80000      3.23      4.35
2014.80274      1.37      4.36
2014.80548      5.16      3.83
2014.80822      5.18      4.03
2014.81096      3.60      4.13
2014.81370      5.04      3.86
2014.81644      0.11      5.27
2014.81918      4.23      4.68
2014.82192      4.35      4.50
2014.82466      4.90      4.07
2014.82740      3.52      4.33
2014.83014      5.52      4.42
2014.83288      4.75      4.22
2014.83562      8.36      4.45
2014.83836      1.39      5.03
2014.84110      7.71      4.36
2014.84384      2.00      4.14
2014.84658      0.74      3.97
2014.84932      6.60      4.15
2014.85479      6.62      4.72
2014.85753      6.79      3.75
2014.86027      5.27      3.83
2014.86301      3.66      3.85
2014.86575      6.73      3.65
2014.86849      4.86      3.23
2014.87123      3.99      3.32
2014.87397      1.32      3.19
2014.87671      2.72      3.64
2014.87945      5.04      3.60
2014.88219      2.45      3.29
2014.88493      6.99      3.41
2014.88767      4.54      3.36
2014.89041      3.98      3.73
2014.89315      3.91      3.20
2014.89589      3.19      3.37
2014.89863      1.12      3.28
2014.90137      4.33      3.51
2014.90411      5.62      3.65
2014.90685      4.85      3.77
2014.90959      2.08      3.85
2014.91233      1.96      3.98
2014.91507      4.65      3.91
2014.91781      3.62      3.47
2014.92055     -1.58      3.25
2014.92329      4.71      3.30
2014.92603      3.51      3.51
2014.92877     -2.22      3.32
2014.93151      5.33      3.09
2014.93425      3.46      3.41
2014.93699      0.43      3.27
2014.93973      0.46      3.21
2014.94247      1.92      3.29
2014.94521      1.44      3.10
2014.94795      3.71      3.21
2014.95068      3.38      3.07
2014.95342      4.72      2.78
2014.95616      4.13      3.04
2014.95890      2.79      3.18
2014.96164      4.84      3.24
2014.96438      5.37      3.37
2014.96712      3.92      3.75
2014.96986      3.85      3.43
2014.97260      1.88      3.01
2014.97534      2.71      2.93
2014.97808      4.39      3.14
2014.98082      4.37      3.47
2014.98356      4.32      3.67
2014.98630      6.56      3.27
2014.98904      2.75      3.43
2014.99178      3.18      3.23
2014.99452      4.44      3.14
2014.99726      2.09      2.99
2015.00000      1.99      2.99
2015.00274     -0.17      3.06
2015.00548      0.22      3.15
2015.00822      0.84      3.06
2015.01096      5.16      2.94
2015.01370      1.69      3.18
2015.01644      0.55      3.31
2015.01918      1.23      3.21
2015.02192      3.09      3.67
2015.02466     -0.18      3.16
2015.02740      0.23      3.26
2015.03288      2.82      3.06
2015.03562      0.89      3.61
2015.03836     -1.02      3.07
2015.04110     -0.57      3.19
2015.04384      1.98      3.04
2015.04658      0.91      3.18
2015.04932      0.60      3.06
2015.05205      0.99      3.68
2015.05479      2.38      3.25
2015.05753      0.84      3.48
2015.06027      2.31      3.20
2015.06301      5.13      3.79
2015.06575      3.40      3.24
2015.06849      0.64      3.09
2015.07123     -0.34      3.09
2015.07397     -1.86      3.01
2015.07671     -3.43      2.88
2015.07945      1.12      3.38
2015.08219      0.81      3.16
2015.08493      6.10      3.22
2015.08767      2.83      3.05
2015.09041      2.45      3.05
2015.09315      2.75      3.39
2015.09589      1.65      3.22
2015.09863      1.42      3.13
2015.10137      0.24      2.93
2015.10411      2.11      3.25
2015.10685     -1.28      2.94
2015.10959      0.87      3.10
2015.11233      1.01      3.15
2015.11507      2.84      3.53
2015.11781      3.55      3.22
2015.12055      4.69      3.66
2015.12329      6.92      3.35
2015.12603      6.52      4.44
2015.12877     10.53      3.93
2015.13151      1.13      3.28
2015.13425      1.47      3.21
2015.13699      3.12      3.27
2015.13973      6.13      3.28
2015.14247      3.77      4.26
2015.14521      6.34      3.65
2015.14795      7.96      4.43
2015.15068      7.06      3.59
2015.15342      7.59      4.15
2015.15616      7.45      3.86
2015.15890      3.72      3.72
2015.16164      6.27      3.90
2015.16438      3.15      3.15
2015.16712      4.71      3.44
2015.16986      1.35      3.56
2015.17260      8.11      4.33
2015.17534      3.10      3.49
2015.17808      3.65      3.86
2015.18082      0.90      3.01
2015.18356      5.49      3.95
2015.18630      9.04      4.11
2015.18904      3.62      3.73
2015.19178      6.57      4.10
2015.19452      1.11      3.51
2015.19726      5.12      3.54
2015.20000      8.26      4.09
2015.20274      2.72      3.32
2015.20548      7.05      3.75
2015.20822      5.01      3.75
2015.21096      6.08      3.75
2015.21370      5.07      3.99
2015.21644      5.82      3.31
2015.21918      2.28      3.74
2015.22192      6.33      3.70
2015.22466      9.87      4.69
2015.22740      7.32      4.27
2015.23014      5.94      4.20
2015.23288      7.46      4.21
2015.23562      6.63      3.68
2015.23836      9.63      3.99
2015.24110     12.77      3.94
2015.24384      5.23      3.69
2015.24658      4.90      3.73
2015.24932      6.23      4.22
2015.25205      6.93      4.24
2015.25479      8.53      4.13
2015.25753     11.09      4.99
2015.26027     11.85      4.92
2015.26301      5.84      5.11
2015.26575      6.17      4.19
2015.26849      4.86      3.63
2015.27123      4.80      3.59
2015.27397      6.46      4.14
2015.27671      7.84      4.43
2015.27945     11.83      4.50
2015.28219      3.03      4.03
2015.28493      5.58      3.62
2015.28767      8.57      4.82
2015.29041     10.74      5.07
2015.29315     12.16      5.05
2015.29589      9.90      4.66
2015.29863      8.73      4.87
2015.30137      8.80      4.82
2015.30411      3.13      7.60
2015.30685      8.18      4.90
2015.30959     10.31      4.84
2015.31233      8.34      4.49
2015.31507      2.12      3.75
2015.31781      8.81      4.36
2015.32055      8.79      4.37
2015.32329      9.66      4.85
2015.32603      9.97      4.84
2015.32877      3.81      4.17
2015.33151      1.82      4.35
2015.33425     10.74      4.67
2015.33699     11.09      4.98
2015.33973      6.40      4.92
2015.34247     11.88      4.93
2015.34521      4.99      4.27
2015.34795      6.09      4.38
2015.35068      2.79      4.52
2015.35342      9.44      4.87
2015.35616      4.20      4.95
2015.35890      9.66      4.91
2015.36164     11.14      6.07
2015.36438      1.99      3.98
2015.36712      9.87      4.73
2015.36986     10.13      5.22
2015.37260      6.99      4.39
2015.37534     11.33      5.52
2015.37808      7.12      4.46
2015.38082      7.11      4.36
2015.38356      6.03      4.57
2015.38630     12.32      4.23
2015.38904      9.59      4.65
2015.39178      9.53      4.55
2015.39452     -1.79      4.35
2015.39726      8.85      4.33
2015.40000      7.80      4.24
2015.40274      5.12      3.75
2015.40548      0.81      4.46
2015.40822      6.48      3.77
2015.41096     11.35      5.11
2015.41370      3.13      4.97
2015.41644      6.23      4.81
2015.41918      5.88      5.23
2015.42192      9.19      4.88
2015.42466      6.61      4.76
2015.42740     13.10      5.16
2015.43014      9.89      4.90
2015.43288     11.99      4.94
2015.43562      9.28      4.87
2015.43836      8.67      4.56
2015.44110      5.74      5.03
2015.44384      9.63      5.57
2015.44658      8.51      4.98
2015.44932      7.36      5.06
2015.45205     12.10      5.77
2015.45479     10.59      5.10
2015.45753      7.67      5.00
2015.46027      6.16      4.92
2015.46301      7.97      4.87
2015.46575      3.99      4.97
2015.46849      6.96      6.41
2015.47123     11.14      5.31
2015.47397      8.56      5.02
2015.47671      5.36      4.64
2015.47945      5.70      5.71
2015.48219     11.47      5.14
2015.48493      7.04      4.90
2015.48767      4.70      4.90
2015.49041     11.19      4.86
2015.49315     10.33      5.68
2015.49589     11.72      4.55
2015.49863     11.70      5.38
2015.50137     11.74      5.17
2015.50411     13.85      4.69
2015.50685      8.73      5.31
2015.50959     12.78      5.42
2015.51233     10.14      4.80
2015.51507      5.58      4.76
2015.51781      8.58      4.82
2015.52055     10.12      4.92
2015.52329     10.44      5.21
2015.52603      5.34      4.65
2015.52877      5.07      8.46
2015.53151      4.17      7.01
2015.53699     11.81      5.68
2015.53973      9.01      4.52
2015.54247      3.73      5.10
2015.54521      8.13      5.36
2015.54795      6.05      4.83
2015.55068      9.05      4.35
2015.55342      9.33      4.88
2015.55616      8.01      4.74
2015.55890      5.77      4.23
2015.56164      8.28      5.18
2015.56438     12.62      5.10
2015.56712      3.83      4.51
2015.56986      8.63      5.08
2015.57260      9.01      4.92
2015.57534      3.97      4.61
2015.57808      9.46      5.18
2015.58082      6.31      5.87
2015.58356      5.40      5.73
2015.58630      5.72      6.02
2015.58904      7.90      4.64
2015.59178      7.39      4.77
2015.59452      9.31      5.32
2015.59726     10.66      5.21
2015.60000      6.34      5.21
2015.60274     -0.43      5.08
2015.60548      3.68      5.80
2015.60822     11.10      4.99
2015.61096      9.06      4.75
2015.61370      9.82      5.17
2015.61644      8.85      4.65
2015.61918      6.86      4.43
2015.62192      6.29      4.76
2015.62466      4.55      4.52
2015.62740      5.24      4.48
2015.63014      5.64      4.49
2015.63288      8.36      5.38
2015.63562      4.57      4.61
2015.63836      1.78      5.07
2015.64110      3.20      4.63
2015.64384     10.43      5.03
2015.64658      4.43      5.72
2015.65205      0.34      5.38
2015.65479      5.06      4.16
2015.65753      5.63      4.40
2015.66027      5.10      4.17
2015.66301      3.98      4.04
2015.66575      3.58      4.24
2015.66849      5.08      4.39
2015.67123      9.33      4.38
2015.67397      8.74      4.17
2015.67671      8.06      4.46
2015.67945      7.15      4.33
2015.68219     10.06      4.72
2015.68493      7.50      4.62
2015.68767      4.37      4.29
2015.69041      5.25      4.45
2015.69315      7.18      4.24
2015.69589      3.93      4.45
2015.69863      5.19      4.40
2015.70137      4.65      4.22
2015.70411      6.76      4.80
2015.70685      8.03      4.20
2015.70959      9.81      4.81
2015.71233      3.43      4.29
2015.71507      9.77      4.77
2015.71781     10.16      4.87
2015.72055      3.92      3.90
2015.72329      8.16      4.10
2015.72603      5.27      4.32
2015.72877      4.09      4.30
2015.73151     -0.84      4.55
2015.73425      9.63      4.41
2015.73699      6.15      4.08
2015.73973      6.15      4.38
2015.74247      1.93      5.61
2015.74521      9.20      4.85
2015.74795      4.92      4.78
2015.75068      2.40      5.40
2015.75342     10.68      4.20
2015.75616      7.53      4.29
2015.75890      8.71      4.32
2015.76164      5.05      4.05
2015.76438     13.00      4.14
2015.76712      6.64      3.93
2015.76986      5.51      4.46
2015.77260      7.16      3.96
2015.77534     10.31      4.12
2015.77808      5.97      3.81
2015.78082      6.56      3.76
2015.78356     11.46      3.93
2015.78630      6.51      3.87
2015.78904      4.12      3.56
2015.79178      7.33      3.86
2015.79452      8.08      4.29
2015.79726      8.63      4.12
2015.80000     10.05      4.61
2015.80274      3.94      3.82
2015.80548      8.94      4.22
2015.80822     11.61      4.07
2015.81096      6.51      3.85
2015.81370     11.75      4.62
2015.81644      2.81      4.04
2015.81918     10.47      3.76
2015.82192      8.91      3.96
2015.82466      6.98      3.78
2015.82740     10.77      4.02
2015.83288      6.10      5.14
2015.83562      8.83      4.23
2015.83836      6.45      4.31
2015.84110     11.50      4.65
2015.84384      6.08      4.19
2015.84658      9.20      3.70
2015.84932      9.41      4.20
2015.85205     11.37      4.69
2015.85479      8.77      3.94
2015.85753      6.99      4.71
2015.86027      7.60      3.96
2015.86301      4.82      3.96
2015.86575      6.40      3.34
2015.87123      8.22      3.72
2015.87397     11.13      3.60
2015.87671      9.99      3.47
2015.87945      8.85      3.44
2015.88219      7.82      3.88
2015.88493      3.19      4.72
2015.88767      4.35      4.35
2015.89041      8.85      3.82
2015.89315      6.24      3.02
2015.89589      6.14      3.57
2015.89863     14.27      6.58
2015.90137      6.55      4.00
2015.90411      3.41      3.59
2015.90685      3.79      3.55
2015.90959      6.39      3.52
2015.91233      4.77      3.36
2015.91507      6.00      3.54
2015.91781      5.05      3.87
2015.92055      5.68      3.62
2015.92329      3.24      3.51
2015.92603      7.09      3.57
2015.92877      4.74      4.14
2015.93151      4.81      3.57
2015.93425      3.58      3.60
2015.93699      8.33      3.26
2015.93973      6.92      4.06
2015.94247      8.47      3.89
2015.94795     10.48      4.01
2015.95068      5.85      3.56
2015.95342     11.06      3.63
2015.95616      7.89      2.80
2015.95890      6.36      2.80
2015.96164      4.75      3.08
2015.96438      5.54      2.77
2015.96712      4.90      2.91
2015.96986      8.17      3.52
2015.97260      5.82      3.24
2015.97534      6.53      3.03
2015.97808      7.21      3.02
2015.98082      9.10      3.30
2015.98356      6.51      3.10
2015.98630      3.97      2.83
2015.98904      5.91      3.47
2015.99178      6.22      2.93
2015.99452      7.74      2.90
2015.99726      5.91      2.91
2016.00000      8.83      2.87
2016.00273     10.18      2.79
2016.00546      5.20      3.62
2016.00820      5.97      3.71
2016.01093      3.78      3.24
2016.01366      9.80      3.48
2016.01639      9.74      3.39
2016.01913      7.40      3.13
2016.02186      6.40      2.90
2016.02459      6.49      2.98
2016.02732      4.76      3.03
2016.03005      4.87      3.21
2016.03279      6.21      3.40
2016.03552      4.71      3.41
2016.03825      5.10      2.97
2016.04098      9.60      3.36
2016.04372      5.90      3.56
2016.04645      7.63      3.87
2016.04918      6.48      3.09
2016.05191      7.10      3.39
2016.05464      8.42      3.02
2016.05738      8.06      2.74
2016.06011      7.05      2.88
2016.06284      8.30      3.13
2016.06557      9.21      3.34
2016.06831      5.26      2.97
2016.07104      8.87      3.14
2016.07377      7.92      2.96
2016.07650      5.44      3.26
2016.07923      6.59      4.36
2016.08197     10.38      3.08
2016.08470      6.31      2.89
2016.08743      9.30      3.28
2016.09016      7.04      2.92
2016.09290      7.13      2.77
2016.09563      9.46      3.35
2016.10383     -1.37      3.06
2016.10656     -0.70      2.95
2016.10929     -6.13      3.00
2016.11202     -2.75      2.99
2016.11475     -4.91      3.94
2016.12022     -5.88      3.57
2016.12295     -1.92      3.68
2016.12568     -4.37      2.97
2016.12842     -5.24      2.98
2016.13115     -6.76      2.94
2016.13388     -7.81      2.95
2016.13661     -6.54      3.09
2016.13934     -9.39      2.97
2016.14208     -8.91      3.16
2016.14481     -7.65      2.99
2016.14754     -7.17      2.99
2016.15027    -10.99      3.10
2016.15301     -9.31      2.90
2016.15574     -8.50      3.03
2016.15847     -7.99      3.43
2016.16120    -10.70      3.54
2016.16393     -9.50      3.37
2016.16667    -10.20      3.19
2016.16940     -6.36      5.17
2016.17213     -8.71      3.72
2016.17486    -10.11      3.53
2016.17760    -10.22      3.85
2016.18033    -11.42      3.29
2016.18306     -9.74      3.45
2016.18579     -8.65      4.22
2016.18852    -10.64      3.90
2016.19126    -10.14      3.90
2016.19399    -12.84      3.48
2016.19672     -8.24      3.58
2016.19945     -9.53      4.28
2016.20219    -11.78      3.74
2016.20492    -10.17      3.86
2016.20765    -12.22      3.25
2016.21038    -10.07      3.54
2016.21311     -9.95      3.35
2016.21585     -9.06      3.52
2016.21858    -11.31      3.21
2016.22131    -12.67      3.38
2016.22404    -10.30      3.46
2016.22678     -9.72      4.43
2016.22951    -13.76      2.86
2016.23224    -13.87      3.28
2016.23497    -12.68      2.97
2016.23770     -9.01      3.44
2016.24044    -12.93      3.71
2016.24317    -11.85      3.28
2016.24590     -8.61      3.72
2016.24863    -10.20      3.81
2016.25137    -12.06      3.58
2016.25683    -14.88      6.74
2016.25956    -13.30      3.18
2016.26230     -9.62      3.38
2016.26503     -9.81      3.41
2016.26776    -10.31      3.32
2016.27049     -7.81      3.43
2016.27322     -8.69      3.66
2016.27596    -11.87      4.50
2016.27869    -12.38      3.79
2016.28142    -10.01      3.64
2016.28415    -15.75      4.93
2016.28689    -12.38      5.45
2016.28962    -14.18      3.94
2016.29235     -5.54      4.45
2016.29508     -5.09      4.29
2016.29781    -10.25      4.40
2016.30055    -12.35      3.68
2016.30328    -11.43      3.78
2016.30601     -9.05      3.80
2016.30874    -11.57      3.50
2016.31148     -8.91      3.68
2016.31421    -11.88      3.63
2016.31694    -12.52      3.50
2016.31967    -16.87      3.99
2016.32240    -15.38      3.90
2016.32514    -15.42      4.07
2016.32787    -12.63      3.56
2016.33060    -16.01      3.29
2016.33333    -14.03      4.18
2016.33607    -13.92      3.91
2016.33880    -15.49      3.83
2016.34153     -9.30      3.52
2016.34426    -14.05      3.53
2016.34699     -8.09      3.76
2016.34973     -7.75      4.16
2016.35246    -11.68      4.14
2016.35519     -9.89      4.10
2016.35792    -10.93      4.71
2016.36066    -17.39      4.31
2016.36339    -12.09      4.31
2016.36612    -11.45      4.72
2016.36885     -7.47      4.56
2016.37158     -8.19      4.31
2016.37432    -16.56      3.69
2016.37705    -13.32      3.57
2016.37978    -11.05      3.76
2016.38251    -12.50      3.71
2016.38525    -11.49      3.69
2016.38798    -13.09      3.84
2016.39071    -13.94      4.90
2016.39344    -13.56      4.67
2016.39617    -21.87      5.01
2016.39891    -16.33      4.73
2016.40164     -9.71      3.94
2016.40437    -13.72      3.73
2016.40710    -12.63      4.00
2016.40984    -11.05      4.05
2016.41257    -11.06      4.62
2016.41530    -11.68      3.99
2016.41803    -12.01      4.05
2016.42077    -12.25      4.22
2016.42350    -11.11      4.05
2016.42623     -9.01      4.30
2016.42896    -12.28      5.15
2016.43169    -15.32      4.79
2016.43443    -16.73      6.62
2016.43716     -8.39      4.69
2016.43989    -10.41      4.03
2016.44262    -15.92      4.40
2016.44536    -11.14      4.19
2016.44809    -14.52      4.81
2016.45082    -13.07      5.02
2016.45355     -9.50      5.14
2016.45628    -10.13      4.46
2016.45902    -11.71      4.20
2016.46175    -12.09      4.32
2016.46448    -16.71      5.41
2016.46721    -14.39      4.87
2016.46995    -18.83      4.29
2016.47268    -13.03      4.42
2016.47541     -8.78      4.32
2016.47814    -15.97      4.91
2016.48087    -14.27      4.78
2016.48361    -14.50      4.75
2016.48634    -17.35      5.69
2016.48907    -15.76      4.22
2016.49180    -11.09      4.71
2016.49454    -11.63      5.03
2016.49727    -16.59      4.95
2016.50000    -13.11      4.27
2016.50273     -9.97      4.34
2016.50546    -21.73      4.53
2016.50820    -16.61      4.45
2016.51093    -13.07      4.58
2016.51366    -16.03      4.89
2016.51639    -14.19      4.50
2016.51913    -16.40      5.49
2016.52186    -22.28      5.47
2016.52459    -20.52      4.80
2016.52732    -17.04      5.56
2016.53005    -20.77      5.66
2016.53279    -16.39      4.19
2016.53552    -12.03      4.23
2016.53825    -19.61      4.15
2016.54098    -19.49      4.64
2016.54372    -13.39      5.09
2016.54918    -15.88      3.92
2016.55191    -14.61      4.91
2016.55464    -20.64      4.07
2016.55738    -19.93      4.66
2016.56011    -14.88      4.83
2016.56284    -18.02      4.93
2016.56557    -20.06      3.86
2016.56831    -15.84      4.14
2016.57104    -15.11      4.74
2016.57377    -15.64      5.22
2016.57650    -17.04      5.05
2016.57923    -19.19      4.69
2016.58197    -13.23      4.94
2016.58470    -19.24      4.89
2016.58743    -13.34      4.07
2016.59016    -17.58      3.95
2016.59290    -15.94      4.13
2016.59563    -14.42      4.12
2016.59836    -17.26      4.79
2016.60109    -26.36      5.96
2016.60383    -15.50      5.32
2016.60656    -17.70      5.12
2016.60929    -12.43      5.07
2016.61202    -14.58      4.58
2016.61475    -15.36      3.66
2016.61749    -15.56      3.88
2016.62022    -11.94      4.09
2016.62295    -17.58      4.44
2016.62568    -19.22      4.27
2016.62842    -17.71      4.39
2016.63115    -16.16      5.48
2016.63388    -17.92      5.42
2016.63661     -9.93      5.37
2016.63934    -12.33      6.04
2016.64208    -14.32      5.52
2016.64481    -14.58      5.21
2016.64754    -17.81      5.03
2016.65027    -16.37      5.00
2016.65301    -16.35      5.88
2016.65574    -18.60      6.00
2016.65847    -16.16      5.27
2016.66120    -24.30      5.94
2016.66393    -16.09      4.62
2016.66667    -13.90      4.73
2016.66940    -13.62      4.50
2016.67213    -24.02      5.85
2016.67486    -14.46      4.82
2016.67760    -20.66      5.18
2016.68033    -18.49      5.55
2016.68306    -13.89      5.05
2016.68579    -20.05      4.32
2016.68852    -17.42      4.56
2016.69126    -13.71      4.85
2016.69399    -17.63      4.17
2016.69672    -16.10      5.15
2016.69945    -17.85      4.86
2016.70219    -18.63      4.84
2016.70492    -24.09      8.41
2016.71585    -27.41      3.81
2016.71858    -26.55      5.28
2016.72131    -17.15      5.13
2016.72404    -22.87      4.82
2016.72678    -15.67      6.30
2016.72951    -26.05      5.69
2016.73224    -19.25      4.64
2016.73497    -20.23      5.45
2016.73770    -23.91      4.52
2016.74044    -24.73      6.55
2016.74317    -25.25      8.04
2016.74590    -19.49      5.51
2016.74863    -19.89      4.92
2016.75137    -20.26      5.03
2016.75410    -21.30      4.66
2016.75683    -21.55      4.85
2016.76230    -15.34      5.84
2016.76503    -25.35      5.13
2016.76776    -16.40      4.92
2016.77049    -21.08      4.82
2016.77322    -22.51      4.65
2016.77596    -21.32      4.61
2016.77869    -17.34      5.18
2016.78142    -18.67      5.10
2016.78415    -24.19      5.06
2016.78689    -18.46      4.71
2016.78962    -18.47      5.28
2016.79235    -15.33      5.70
2016.79508    -22.95      4.87
2016.79781    -22.85      4.46
2016.80328    -19.66      7.17
2016.80601    -13.80      4.76
2016.80874    -14.87      4.49
2016.81148    -18.26      4.62
2016.81421    -16.36      4.48
2016.81694    -15.23      4.63
2016.81967    -17.53      4.36
2016.82240    -16.92      4.07
2016.82514    -16.86      4.46
2016.82787    -15.08      4.75
2016.83060    -14.78      4.39
2016.83333    -17.37      4.38
2016.83607    -18.09      4.41
2016.83880    -17.35      4.60
2016.84153    -19.00      4.09
2016.84426    -11.45      6.09
2016.84699    -18.17      4.24
2016.84973    -19.25      4.32
2016.85246    -16.93      4.15
2016.85519    -19.21      3.45
2016.85792    -18.89      3.61
2016.86066    -19.35      3.99
2016.86339    -20.44      3.51
2016.86612    -17.63      3.71
2016.86885    -18.11      3.68
2016.87158    -19.77      3.68
2016.87432    -24.49      3.59
2016.87705    -16.37      3.71
2016.87978    -17.57      4.18
2016.88251    -18.97      3.52
2016.88525    -18.24      4.26
2016.88798    -16.80      3.96
2016.89071    -19.34      3.85
2016.89344    -23.76      3.79
2016.89617    -18.24      4.13
2016.89891    -22.34      3.82
2016.90164    -19.12      3.66
2016.90437    -15.66      3.95
2016.90710    -19.26      4.57
2016.90984    -18.80      4.46
2016.91257    -17.73      3.98
2016.91530    -17.05      4.35
2016.91803    -20.94      4.19
2016.92077    -18.44      4.04
2016.92350    -17.00      3.92
2016.92623    -21.37      4.12
2016.92896    -26.33      3.52
2016.93169    -27.13      3.27
2016.93443    -22.89      3.71
2016.93716    -19.18      3.97
2016.93989    -23.04      4.03
2016.94262    -27.90      3.46
2016.94536    -20.50      3.72
2016.94809    -17.89      4.01
2016.95082    -22.23      3.78
2016.95355    -21.60      3.68
2016.95628    -25.16      3.06
2016.95902    -20.53      3.79
2016.96175    -19.21      3.61
2016.96448    -19.46      3.72
2016.96721    -17.83      4.06
2016.96995    -16.70      3.90
2016.97268    -24.06      3.54
2016.97541    -24.90      3.31
2016.97814    -17.27      3.70
2016.98087    -26.94      3.04
2016.98361    -23.75      2.99
2016.98634    -25.87      3.66
2016.98907    -20.87      3.96
2016.99180    -27.54      3.20
2016.99454    -23.40      3.58
2016.99727    -25.89      3.31
2017.00000    -21.94      3.81
2017.00274    -25.83      3.44
2017.00548    -20.74      3.54
2017.00822    -24.91      3.10
2017.01096    -24.44      3.53
2017.01370    -19.36      3.63
2017.01644    -19.87      3.29
2017.01918    -15.52      3.39
2017.02192    -15.57      3.51
2017.02466    -16.58      3.77
2017.02740    -14.14      4.25
2017.03014    -15.00      4.02
2017.03288    -16.88      3.50
2017.03562    -19.50      3.24
2017.03836    -24.34      2.82
2017.04110    -19.09      3.52
2017.04384    -18.71      3.27
2017.04658    -19.17      3.89
2017.04932    -17.76      3.57
2017.05205    -18.33      3.51
2017.05479    -21.17      3.21
2017.05753    -18.40      3.57
2017.06027    -21.83      3.54
2017.06301    -18.65      3.27
2017.06575    -16.96      3.27
2017.06849    -13.76      3.88
2017.07123    -18.80      3.37
2017.07397    -20.74      3.60
2017.07671    -18.81      3.59
2017.07945    -17.04      3.66
2017.08219    -19.30      4.11
2017.08493    -18.14      3.67
2017.08767    -22.06      3.55
2017.09041    -21.73      3.34
2017.09315    -14.55      3.84
2017.09589    -16.28      4.89
2017.09863    -14.46      4.15
2017.10137    -19.98      3.62
2017.10411    -21.17      3.84
2017.10685    -16.37      3.95
2017.10959    -25.40      2.79
2017.11233    -21.71      3.06
2017.11507    -19.58      3.11
2017.11781    -20.20      3.14
2017.12055    -22.53      3.34
2017.12329    -21.56      3.47
2017.12603    -17.55      3.62
2017.12877    -19.70      3.23
2017.13151    -19.97      3.42
2017.13425    -18.98      3.81
2017.13699    -19.65      3.86
2017.13973    -19.33      3.85
2017.14247    -17.81      3.99
2017.14521    -20.31      4.08
2017.14795    -20.31      3.76
2017.15068    -18.16      3.77
2017.15616    -20.80      3.38
2017.15890    -18.10      3.30
2017.16164    -20.47      3.39
2017.16438    -21.30      3.56
2017.16712    -23.50      3.27
2017.16986    -26.15      3.12
2017.17260    -24.40      3.09
2017.17534    -22.74      3.35
2017.17808    -25.88      3.16
2017.18082    -27.60      2.80
2017.18356    -21.00      3.37
2017.18630    -22.58      3.18
2017.18904    -28.69      3.31
2017.19178    -21.13      3.12
2017.19452    -23.40      2.96
2017.19726    -25.45      3.43
2017.20000    -26.41      3.19
2017.20274    -21.71      4.13
2017.20548    -17.78      4.23
2017.20822    -26.65      3.02
2017.21096    -26.07      3.50
2017.21370    -26.68      3.91
2017.21644    -27.20      3.39
2017.21918    -23.57      4.41
2017.22192    -16.10      5.29
2017.22466    -24.56      4.00
2017.22740    -19.69      4.65
2017.23014    -24.16      3.78
2017.23288    -21.26      4.17
2017.23562    -17.50      4.59
2017.23836    -19.05      4.39
2017.24110    -22.12      4.04
2017.24384    -23.63      3.89
2017.24658    -17.99      6.49
2017.24932    -23.33      4.73
2017.25205    -12.55      5.56
2017.25479    -12.04      4.45
2017.25753    -14.77      5.01
2017.26027    -13.20      4.36
2017.26301    -16.03      4.69
2017.26575    -26.78      3.80
2017.26849    -18.79      4.73
2017.27123    -24.67      4.70
2017.27397    -22.02      4.49
2017.27671    -22.55      5.56
2017.27945    -26.32      4.75
2017.28219    -22.99      4.57
2017.28493    -21.16      4.18
2017.28767    -21.26      4.39
2017.29041    -21.77      4.32
2017.29315    -27.61      3.91
2017.29589    -22.51      4.13
2017.29863    -23.60      5.13
2017.30137    -22.84      4.92
2017.30411    -23.02      4.70
2017.30685    -24.10      3.72
2017.30959    -25.14      3.16
2017.31233    -19.93      3.39
2017.31507    -16.99      3.94
2017.31781    -20.98      3.95
2017.32055    -16.10      4.43
2017.32329    -14.13      4.46
2017.32603    -15.38      4.16
2017.32877    -16.24      3.91
2017.33151    -21.06      3.68
2017.33425    -20.16      3.82
2017.33699    -19.48      4.00
2017.33973    -18.02      4.15
2017.34247    -19.23      4.26
2017.34521    -17.99      4.48
2017.34795    -19.70      3.92
2017.35068    -17.93      4.32
2017.35342    -20.51      4.30
2017.35616    -20.32      4.76
2017.35890    -16.70      4.19
2017.36164    -17.72      3.97
2017.36438    -19.15      4.30
2017.36712    -18.31      4.16
2017.36986    -19.19      4.13
2017.37260    -19.99      3.72
2017.37534    -24.77      3.52
2017.37808    -18.24      4.26
2017.38082    -17.45      4.26
2017.38356    -18.67      3.95
2017.38630    -17.57      3.75
2017.38904    -16.42      3.95
2017.39178    -18.57      3.94
2017.39452    -21.32      5.07
2017.39726    -18.69      4.45
2017.40000    -17.52      3.70
2017.40274    -20.48      3.47
2017.40548    -21.98      3.62
2017.40822    -23.84      4.04
2017.41096    -21.53      4.77
2017.41370    -20.30      4.14
2017.41644    -17.58      5.77
2017.41918    -20.67      5.29
2017.42192    -18.76      5.08
2017.42466    -18.80      4.67
2017.42740    -15.47      4.05
2017.43014    -19.33      4.29
2017.43288    -19.31      4.72
2017.43562    -23.49      5.06
2017.43836    -24.12      5.15
2017.44110    -20.33      3.91
2017.44384    -24.79      3.66
2017.44658    -20.71      4.76
2017.44932    -15.08      4.80
2017.45205    -21.94      5.30
2017.45479    -20.71      4.90
2017.45753    -17.10      6.02
2017.46027    -18.39      6.18
2017.46301    -21.08      4.62
2017.46575    -16.71      4.20
2017.46849    -22.20      4.59
2017.47123    -17.43      4.39
2017.47397    -21.77      4.05
2017.47671    -21.19      4.48
2017.47945    -18.44      4.77
2017.48219    -24.71      4.32
2017.48493    -18.13      4.15
2017.48767    -20.59      4.50
2017.49041    -21.77      4.88
2017.49315    -18.39      4.94
2017.49589    -20.50      4.55
2017.49863    -19.43      4.46
2017.50411    -19.48      5.46
2017.50685    -20.23      4.66
2017.50959    -20.76      4.74
2017.51233    -22.85      4.84
2017.51507    -27.41      4.50
2017.51781    -24.13      4.72
2017.52055    -18.37      4.30
2017.52603    -23.77      5.07
2017.52877    -21.25      5.19
2017.53151    -22.14      4.83
2017.53425    -23.78      4.60
2017.53699    -23.99      4.95
2017.53973    -21.96      4.71
2017.54247    -19.87      3.54
2017.54521    -18.53      4.45
2017.54795    -16.52      4.31
2017.55068    -17.53      4.07
2017.55616    -20.44      4.03
2017.55890    -20.82      4.43
2017.56164    -19.02      5.14
2017.56438    -15.45      4.94
2017.56712    -16.47      5.36
2017.56986    -19.33      4.55
2017.57260    -20.00      4.79
2017.57534    -21.30      5.65
2017.57808    -19.11      6.54
2017.58082    -23.56      7.10
2017.58356    -18.19      5.79
2017.58630    -19.27      4.54
2017.58904    -15.91      6.14
2017.59178    -19.21      4.87
2017.59452    -19.12      4.73
2017.59726    -16.68      4.73
2017.60000    -19.51      5.04
2017.60274    -19.13      5.24
2017.60548    -18.17      4.89
2017.60822    -22.99      5.91
2017.61096    -16.10      5.21
2017.61370    -19.11      4.48
2017.61644    -17.03      4.41
2017.61918    -18.90      4.24
2017.62466    -18.23      4.89
2017.62740    -22.40      4.76
2017.63014    -18.23      5.36
2017.63288    -19.66      6.13
2017.63562    -14.17      5.44
2017.63836    -18.46      5.81
2017.64110    -20.13      5.29
2017.64384    -17.00      4.09
2017.64658    -19.86      4.30
2017.64932    -14.88      4.74
2017.65205    -19.14      5.15
2017.65479    -17.23      4.50
2017.65753    -18.41      4.97
2017.66027    -17.09      5.25
2017.66301    -17.29      5.01
2017.66575    -17.96      4.92
2017.66849    -18.27      7.08
2017.67123    -20.04      4.47
2017.67397    -17.41      4.63
2017.67671    -14.40      5.20
2017.67945    -16.72      4.58
2017.68219    -19.14      4.32
2017.68493    -17.36      4.42
2017.68767    -16.02      4.29
2017.69041    -23.90      4.21
2017.69315    -23.48      4.37
2017.69589    -18.62      4.76
2017.69863    -18.69      4.61
2017.70137    -19.67      4.67
2017.70411    -16.03      4.41
2017.70685    -20.82      3.70
2017.70959    -25.10      4.52
2017.71233    -20.89      4.25
2017.71507    -20.19      4.31
2017.71781    -18.77      4.80
2017.72055    -17.42      4.05
2017.72329    -20.80      3.90
2017.72603    -18.92      5.20
2017.72877    -20.33      4.22
2017.73151    -19.90      4.27
2017.73425    -19.86      4.84
2017.73699    -19.18      4.18
2017.73973    -20.54      4.10
2017.74247    -26.51      4.69
2017.74521    -11.76      5.91
2017.74795    -16.96      4.41
2017.75068    -20.23      4.51
2017.75342    -20.08      4.37
2017.75616    -18.80      4.99
2017.75890    -18.39      5.77
2017.76164    -18.70      4.44
2017.76438    -13.63      5.15
2017.76712    -21.38      4.74
2017.76986    -21.48      5.93
2017.77260    -16.57      5.49
2017.77534    -16.17      5.97
2017.77808    -17.71      5.07
2017.78082    -18.37      5.00
2017.78356    -29.97      4.00
2017.78630    -18.69      4.94
2017.78904    -24.12      4.92
2017.79178    -19.36      5.39
2017.79452    -13.28      4.86
2017.79726    -20.37      4.12
2017.80000    -18.05      4.39
2017.80274    -21.43      3.48
2017.80548    -21.56      3.29
2017.80822    -21.23      3.43
2017.81096    -19.48      3.53
2017.81370    -22.25      3.52
2017.81644    -19.50      4.00
2017.81918    -19.41      3.88
2017.82192    -20.03      3.55
2017.82466    -22.69      3.59
2017.82740    -19.01      3.80
2017.83014    -18.18      3.97
2017.83288    -18.75      3.78
2017.83562    -15.58      3.99
2017.83836    -16.72      4.02
2017.84110    -20.61      4.41
2017.84384    -22.59      3.80
2017.84658    -17.46      3.33
2017.84932    -21.82      3.91
2017.85205    -18.19      4.54
2017.85479    -17.94      3.98
2017.85753    -18.90      3.71
2017.86301    -20.74      4.01
2017.86575    -21.08      3.47
2017.86849    -19.52      3.47
2017.87123    -19.80      4.06
2017.87397    -22.39      4.09
2017.87671    -19.05      3.87
2017.87945    -20.05      3.72
2017.88219    -21.80      3.95
2017.88493    -23.08      3.35
2017.88767    -21.34      3.59
2017.89041    -19.39      3.79
2017.89315    -22.29      3.86
2017.89589    -23.08      3.76
2017.89863    -22.07      3.50
2017.90137    -18.96      3.67
2017.90411    -18.92      3.58
2017.90685    -18.30      3.85
2017.90959    -19.18      3.53
2017.91233    -20.11      3.77
2017.91507    -19.63      3.95
2017.91781    -22.66      3.97
2017.92055    -17.97      3.98
2017.92329    -21.66      3.79
2017.92603    -19.90      3.64
2017.92877    -20.39      3.35
2017.93151    -20.38      3.72
2017.93425    -20.54      3.69
2017.93699    -23.53      3.24
2017.93973    -22.85      3.51
2017.94247    -21.77      3.51
2017.94521    -18.46      3.48
2017.94795    -22.42      3.49
2017.95068    -27.18      2.98
2017.95342    -22.07      3.54
2017.95616    -20.65      3.67
2017.95890    -23.54      3.79
2017.96164    -23.84      3.92
2017.96438    -23.20      3.72
2017.96712    -23.55      4.19
2017.96986    -22.37      4.30
2017.97260    -21.17      3.53
2017.97534    -19.68      3.50
2017.97808    -22.16      3.63
2017.98082    -19.05      3.57
2017.98356    -22.29      3.25
2017.98630    -19.86      3.44
2017.98904    -21.12      3.32
2017.99178    -19.68      3.68
2017.99452    -18.58      4.47
2018.00548    -22.51      3.52
2018.00822    -22.19      3.46
2018.01096    -17.11      3.71
2018.01370    -24.76      3.59
2018.01644    -22.25      3.42
2018.01918    -17.08      3.41
2018.02192    -20.70      3.82
2018.02466    -18.44      3.76
2018.02740    -19.90      3.35
2018.03014    -17.86      3.36
2018.03288    -19.77      3.41
2018.03562    -20.53      3.27
2018.03836    -16.23      3.64
2018.04110    -18.92      3.61
2018.04384    -19.35      3.66
2018.04658    -20.15      3.75
2018.04932    -19.58      3.71
2018.05205    -21.50      3.80
2018.05479    -20.85      3.60
2018.05753    -18.16      4.00
2018.06027    -22.06      3.84
2018.06301    -20.72      3.53
2018.06575    -19.54      3.66
2018.06849    -19.21      3.77
2018.07123    -17.37      3.69
2018.07397    -18.97      3.66
2018.07671    -20.56      3.97
2018.07945    -23.46      3.12
2018.08219    -17.03      3.09
2018.08493    -20.14      3.12
2018.08767    -21.85      3.30
2018.09041    -21.70      3.39
2018.09315    -20.09      3.03
2018.09589    -21.57      3.04
2018.09863    -19.15      3.40
2018.10137    -21.58      3.47
2018.10411    -19.17      3.46
2018.10685    -21.46      3.29
2018.10959    -19.97      3.43
2018.11233    -20.02      3.57
2018.11507    -19.78      3.22
2018.11781    -20.84      3.27
2018.12055    -18.63      3.53
2018.12329    -17.50      3.55
2018.12603    -17.49      3.82
2018.12877    -19.96      4.14
2018.13151    -20.11      3.55
2018.13425    -20.23      3.62
2018.13699    -19.68      3.60
2018.13973    -19.92      3.85
2018.14247    -19.77      3.68
2018.14521    -18.58      3.85
2018.14795    -19.52      3.70
2018.15068    -19.98      3.80
2018.15342    -20.46      3.72
2018.15616    -21.71      3.62
2018.15890    -15.59      4.07
2018.16164    -24.25      3.98
