2012.00000      1.32      2.60
2012.00273     -1.02      2.65
2012.00546     -0.02      2.59
2012.00820     -0.02      2.54
2012.01093     -1.72      2.63
2012.01366     -1.05      2.57
2012.01639     -0.29      2.59
2012.01913     -1.52      2.62
2012.02186     -0.17      2.75
2012.02459     -1.32      2.65
2012.02732     -2.56      2.71
2012.03005     -2.38      2.95
2012.03279     -0.15      2.60
2012.03552     -0.68      2.58
2012.03825     -2.03      2.53
2012.04098     -1.11      2.76
2012.04372     -2.01      2.91
2012.04645     -0.84      2.71
2012.04918      0.35      2.60
2012.05191     -0.56      2.73
2012.05464      0.98      2.68
2012.05738      1.41      2.67
2012.06011     -0.16      2.77
2012.06284     -1.12      2.70
2012.06557      0.07      2.61
2012.06831      1.92      2.54
2012.07104      0.19      2.65
2012.07377     -0.10      2.67
2012.07650      0.93      2.66
2012.07923     -2.61      2.73
2012.08197     -0.81      2.81
2012.08470      0.86      2.53
2012.08743      2.76      2.54
2012.09016      1.13      2.61
2012.09290      0.02      2.54
2012.09563      0.32      2.77
2012.09836     -1.39      3.15
2012.10109      0.89      3.67
2012.10383      1.75      2.91
2012.10656      0.82      2.55
2012.10929     -0.68      2.50
2012.11202      1.11      2.61
2012.11475     -0.40      2.66
2012.11749      0.36      2.65
2012.12022      0.30      2.89
2012.12295     -1.96      2.95
2012.12568      1.90      3.43
2012.12842     -0.10      2.77
2012.13115      3.22      2.59
2012.13388      1.73      2.82
2012.13661      1.79      2.92
2012.13934     -1.06      2.90
2012.14208      2.56      3.29
2012.14481      1.67      3.20
2012.14754     -0.82      3.04
2012.15027      1.70      3.13
2012.15301     -0.35      2.84
2012.15574      0.00      2.73
2012.15847      1.34      2.62
2012.16120      0.76      3.02
2012.16393     -0.16      2.69
2012.16667      0.24      2.78
2012.16940      1.56      2.88
2012.17213     -0.32      2.88
2012.17486      2.01      2.95
2012.17760      1.22      3.08
2012.18033     -1.26      2.97
2012.18306     -1.46      2.97
2012.18579      4.46      3.05
2012.18852      3.80      2.96
2012.19126      5.04      2.87
2012.19399      1.35      2.99
2012.19672      1.24      3.26
2012.19945      1.06      2.88
2012.20219      2.87      2.83
2012.20492     -0.92      2.92
2012.20765      1.77      3.20
2012.21038      3.04      3.06
2012.21311     -0.02      2.88
2012.21585      0.44      2.88
2012.21858      1.24      2.94
2012.22131      0.98      2.93
2012.22404      0.73      2.88
2012.22678      3.76      3.34
2012.22951      0.96      2.91
2012.23224      1.47      2.93
2012.23497      0.78      3.06
2012.23770      3.10      2.99
2012.24044      2.06      3.92
2012.24317      0.62      2.97
2012.24590      1.85      2.92
2012.24863      2.53      2.92
2012.25137      1.60      2.98
2012.25410      2.31      3.16
2012.25683      2.68      2.97
2012.25956      2.19      2.79
2012.26230      0.50      2.76
2012.26503      4.11      3.14
2012.26776      4.88      3.02
2012.27049      3.78      2.79
2012.27322      3.62      2.92
2012.27596      1.14      2.85
2012.27869     -1.10      2.81
2012.28142      0.64      2.93
2012.28415      2.18      3.01
2012.28689      1.06      2.74
2012.28962      3.09      2.76
2012.29235      3.28      3.26
2012.29508      3.28      3.10
2012.29781      2.70      2.77
2012.30055      2.30      2.90
2012.30328      2.69      3.30
2012.30601      3.00      3.21
2012.30874      3.25      2.85
2012.31148      1.04      3.36
2012.31421      1.77      2.91
2012.31694     -0.72      5.81
2012.31967      2.87      3.28
2012.32240      3.34      3.54
2012.32514      3.82      3.01
2012.32787      2.85      3.98
2012.33060      0.17      3.50
2012.33333     -0.54      3.22
2012.33607      5.18      4.64
2012.33880      1.34      3.52
2012.34153      1.76      3.43
2012.34426      2.48      2.75
2012.34699      2.36      2.54
2012.34973      2.55      2.89
2012.35246      0.50      2.85
2012.35519      0.04      3.02
2012.35792      4.34      3.75
2012.36066      1.76      2.76
2012.36339      0.82      2.84
2012.36612      0.80      2.85
2012.36885      0.13      2.91
2012.37158      1.52      2.90
2012.37432      2.48      2.98
2012.37705      2.16      3.29
2012.37978      1.68      2.82
2012.38251      0.23      4.06
2012.38525      0.09      3.15
2012.38798      2.64      3.09
2012.39071     -0.69      2.92
2012.39344      1.68      3.01
2012.39617      0.67      2.90
2012.39891     -0.19      2.85
2012.40164      0.92      3.24
2012.40437      2.72      3.58
2012.40710      2.58      3.01
2012.40984     -1.84      3.96
2012.41257     -0.43      3.41
2012.41530      1.43      3.11
2012.41803      0.74      2.68
2012.42077     -0.34      2.73
2012.42350     -2.47      2.93
2012.42623     -0.98      2.78
2012.42896      2.12      2.79
2012.43169     -0.94      2.96
2012.43443      0.49      3.34
2012.43716      1.06      4.11
2012.53005     -5.14      4.66
2012.53279     -3.07      3.15
2012.53552     -3.52      3.72
2012.53825     -5.13      3.60
2012.54098     -3.83      3.05
2012.54372      1.09      3.27
2012.54645      2.46      3.05
2012.54918      0.91      3.51
2012.55191     -1.32      3.19
2012.55464     -1.02      3.37
2012.55738     -0.37      3.23
2012.56011     -0.22      3.04
2012.56284     -1.50      3.28
2012.56557     -1.50      3.26
2012.56831     -0.77      3.02
2012.57104     -0.21      3.11
2012.57377     -1.44      2.88
2012.57650      0.78      3.49
2012.57923     -0.98      2.97
2012.58197     -0.40      3.22
2012.58470      1.81      3.40
2012.58743     -3.13      3.48
2012.59016      1.90      4.08
2012.59563      1.72      3.73
2012.59836      1.41      4.12
2012.60109     -2.62      5.19
2012.60929     -1.83      4.45
2012.61202      0.33      3.53
2012.61475     -2.81      3.21
2012.61749     -0.78      3.16
2012.62022      0.63      3.27
2012.62295      0.49      3.41
2012.62568     -1.08      3.13
2012.62842     -0.54      3.13
2012.63115      1.56      3.42
2012.63388     -0.37      3.62
2012.63661      0.36      3.39
2012.63934      1.05      3.99
2012.64208     -0.68      3.45
2012.64481     -1.94      3.88
2012.64754      0.21      4.02
2012.65027      3.69      3.58
2012.65301     -0.06      3.55
2012.65574      1.38      4.01
2012.65847     -3.98      3.90
2012.66120      1.53      4.08
2012.66393     -5.05      4.14
2012.66667     -1.74      3.72
2012.66940     -1.33      3.72
2012.67213     -1.62      3.62
2012.67486     -6.15      3.48
2012.67760     -2.31      3.13
2012.68033     -0.40      3.23
2012.68306      1.99      3.18
2012.68579     -1.48      3.26
2012.68852     -1.80      3.64
2012.69126      1.68      3.44
2012.69399     -0.62      3.64
2012.69672     -2.28      3.24
2012.69945      2.46      3.16
2012.70219      3.18      4.26
2012.70492      2.23      3.66
2012.70765      1.17      2.81
2012.71038      1.98      2.86
2012.71311      0.39      2.90
2012.71585      1.03      3.11
2012.71858      2.25      2.92
2012.72131     -0.05      2.93
2012.72404      0.05      2.84
2012.72678      1.66      2.89
2012.73224     -0.50      3.32
2012.73497      0.97      3.23
2012.73770      1.42      3.72
2012.74044      2.04      3.58
2012.74317      0.80      3.27
2012.74590      0.45      3.21
2012.74863      3.41      2.89
2012.75137      2.93      3.13
2012.75410      2.67      3.27
2012.75683      1.21      3.31
2012.75956      1.62      3.06
2012.76230      1.06      2.85
2012.76503      4.15      3.16
2012.76776      1.25      2.89
2012.77049      3.48      2.77
2012.77322      0.37      2.71
2012.77596      3.11      2.84
2012.77869      3.54      2.97
2012.78142      2.88      2.96
2012.78415      3.19      2.76
2012.78689      2.29      2.79
2012.78962      4.18      2.78
2012.79235      1.93      2.90
2012.79508      2.77      3.05
2012.79781      2.63      3.04
2012.80055      2.19      2.89
2012.80328      1.10      2.83
2012.80601      4.01      2.85
2012.80874     -0.15      2.84
2012.81148      3.16      2.97
2012.81421      2.42      2.78
2012.81694      1.92      3.11
2012.81967      1.96      3.29
2012.82240     -0.23      3.61
2012.82514      1.76      2.76
2012.82787      2.90      3.31
2012.83060      2.97      2.83
2012.83333      1.08      3.04
2012.83607      2.62      3.42
2012.83880      1.83      3.46
2012.84153      2.17      3.62
2012.84426      3.29      3.60
2012.84699     -1.33      3.09
2012.84973      1.60      3.01
2012.85246      0.25      3.06
2012.85519      3.08      2.91
2012.85792      2.87      2.92
2012.86066      1.56      3.07
2012.86339      2.56      3.20
2012.86612      2.40      2.92
2012.86885      3.29      2.98
2012.87158      2.21      2.87
2012.87432      2.71      2.98
2012.87705      2.07      3.24
2012.87978      4.54      3.15
2012.88251      4.02      3.12
2012.88525      2.51      3.05
2012.88798      2.34      2.99
2012.89071      2.42      3.39
2012.89344      2.69      3.27
2012.89617     -0.40      3.39
2012.89891      0.50      2.70
2012.90164      0.98      2.78
2012.90437      0.67      2.96
2012.90710      0.76      2.75
2012.90984      2.20      2.88
2012.91257      0.87      2.77
2012.91530     -0.17      2.84
2012.91803      1.27      3.30
2012.92077      2.47      3.20
2012.92350      1.32      3.06
2012.92623      1.02      2.97
2012.92896      2.80      3.55
2012.93169      1.44      3.05
2012.93443      2.47      3.00
2012.93716      1.94      3.20
2012.93989      1.41      3.17
2012.94262     -0.99      2.77
2012.94536      1.51      2.83
2012.94809      0.92      2.88
2012.95082      0.10      2.91
2012.95355      1.70      2.61
2012.95628      0.64      2.86
2012.95902      2.83      2.85
2012.96175      2.36      2.77
2012.96448      2.27      2.64
2012.96721      1.45      2.59
2012.96995      0.94      2.73
2012.97268      1.28      2.68
2012.97541      2.54      2.74
2012.97814      1.56      2.72
2012.98087      1.01      2.61
2012.98361      0.63      2.60
2012.98634      0.61      2.64
2012.98907     -0.28      2.80
2012.99180      0.79      2.78
2012.99454     -0.27      3.43
2012.99727      2.08      2.81
2013.00000     -2.19      2.56
2013.00274      3.04      2.92
2013.00548      1.99      2.99
2013.00822      1.54      2.78
2013.01096      2.83      2.61
2013.01370      3.47      2.79
2013.01644      3.18      2.99
2013.01918      3.09      2.94
2013.02192      3.59      2.91
2013.02466      0.83      2.77
2013.02740      4.37      2.84
2013.03014     -0.01      2.88
2013.03288      4.21      3.46
2013.03562      2.68      3.09
2013.03836      1.47      2.64
2013.04110      1.41      2.56
2013.04384      1.74      2.73
2013.04658      4.20      2.55
2013.04932      1.31      2.59
2013.05205      0.25      2.58
2013.05479      3.54      2.66
2013.05753      2.24      2.42
2013.06027      2.88      2.53
2013.06301      1.78      2.58
2013.06575      0.99      2.58
2013.06849      1.45      2.53
2013.07123      0.72      2.47
2013.07397      0.61      2.57
2013.07671      1.86      2.45
2013.07945      1.70      2.49
2013.08219      0.90      2.76
2013.08493      0.48      2.69
2013.08767      0.16      3.15
2013.09041      1.91      3.01
2013.09315      1.69      2.62
2013.09589      2.07      2.69
2013.09863      1.72      3.11
2013.10137      2.05      2.74
2013.10411      2.40      2.70
2013.10685      2.21      2.60
2013.10959      3.27      2.68
2013.11233      1.10      2.78
2013.11507      4.32      2.69
2013.11781      3.21      2.70
2013.12055      0.05      2.97
2013.12329      3.19      2.80
2013.12603      2.94      3.04
2013.12877      1.35      2.67
2013.13151      1.41      2.71
2013.13425      2.21      2.74
2013.13699      4.42      2.79
2013.13973      1.98      3.10
2013.14247      0.77      2.80
2013.14521      3.56      2.81
2013.14795      1.04      2.79
2013.15342      2.96      2.75
2013.15616      1.56      2.88
2013.15890      2.52      2.78
2013.16164      2.90      2.69
2013.16438     -0.26      3.00
2013.16712      3.91      2.78
2013.16986      3.15      2.69
2013.17260      3.30      2.64
2013.17534      2.41      3.11
2013.17808      2.86      2.99
2013.18082      1.01      3.12
2013.18356      1.68      2.82
2013.18630     -0.37      2.90
2013.18904      2.65      3.08
2013.19178      0.77      3.05
2013.19452      2.62      2.94
2013.19726      2.11      3.22
2013.20000      0.94      2.98
2013.20274      2.32      2.82
2013.20548      1.89      3.00
2013.20822      1.29      3.25
2013.21096      2.61      3.03
2013.21370      1.91      3.08
2013.21644      0.41      3.28
2013.21918      2.39      3.25
2013.22192      2.05      3.06
2013.22466      3.58      3.40
2013.22740      0.12      3.86
2013.23014      4.21      2.88
2013.23288      2.47      3.33
2013.23562      2.21      2.99
2013.23836      4.84      3.40
2013.24110      2.06      3.08
2013.24384      2.66      2.86
2013.24658      2.43      2.98
2013.24932      0.94      2.95
2013.25205      0.66      3.16
2013.25479      3.22      3.39
2013.25753      1.27      3.60
2013.26027      2.00      4.28
2013.26301      1.97      3.28
2013.26575      3.21      2.91
2013.26849      1.13      3.11
2013.27123      3.60      3.61
2013.27397      1.54      3.32
2013.27671      2.01      3.09
2013.27945      3.59      3.26
2013.28219      1.43      3.14
2013.28493      0.97      2.97
2013.28767      1.57      3.19
2013.29041     -1.03      3.27
2013.29315      2.18      3.30
2013.29589      2.82      3.38
2013.29863      2.73      3.25
2013.30137      1.88      3.44
2013.30411      3.49      2.88
2013.30685      3.37      2.90
2013.31233      2.63      3.11
2013.31507      0.92      3.29
2013.31781      2.92      3.28
2013.32055      1.23      3.70
2013.32329      1.51      3.24
2013.32603      1.04      2.95
2013.32877      1.55      3.32
2013.33151      2.55      3.12
2013.33425      1.75      3.29
2013.33699      2.73      3.25
2013.33973      3.77      3.22
2013.34247      1.07      3.51
2013.34521     -0.69      3.96
2013.34795      1.43      3.25
2013.35068      0.57      3.07
2013.35342     -0.29      3.24
2013.35616      3.71      3.85
2013.35890     -1.35      3.45
2013.36164      0.33      3.49
2013.36438      1.48      3.80
2013.36712      2.41      3.75
2013.36986     -0.39      4.15
2013.37260     -1.27      5.10
2013.37534      1.79      4.07
2013.37808     -0.96      4.37
2013.38082      0.29      4.10
2013.38356     -3.52      4.75
2013.38630      0.22      3.27
2013.38904     -3.41      3.79
2013.39178     -0.66      3.78
2013.39452      0.51      3.74
2013.39726     -2.09      3.61
2013.40000     -1.74      3.28
2013.40274     -3.30      3.46
2013.40548     -1.04      3.32
2013.40822     -1.00      3.34
2013.41096     -1.24      3.86
2013.41370     -1.97      3.30
2013.41644     -3.86      3.53
2013.41918     -0.85      3.50
2013.42192     -3.93      3.50
2013.42466     -3.30      3.44
2013.42740     -1.76      3.62
2013.43014     -2.14      3.80
2013.43288     -2.25      3.49
2013.43562     -3.44      3.97
2013.43836     -4.05      3.84
2013.44110     -4.55      3.65
2013.44384     -1.47      3.91
2013.44658     -1.49      4.34
2013.44932     -4.22      3.94
2013.45205     -3.09      3.38
2013.45479     -0.99      3.30
2013.45753     -3.95      3.81
2013.46027     -3.74      4.08
2013.46301     -3.53      3.90
2013.46575     -4.18      3.89
2013.46849      0.48      3.79
2013.47123     -2.11      3.65
2013.47397     -3.42      3.51
2013.47671     -2.89      4.30
2013.47945     -5.31      3.58
2013.48219     -4.70      3.67
2013.48493     -5.50      3.40
2013.48767     -2.19      3.14
2013.49041     -3.00      3.15
2013.49315     -2.18      3.89
2013.49589     -2.28      3.40
2013.49863     -3.04      3.26
2013.50137     -3.09      3.63
2013.50411      0.81      3.78
2013.50685     -1.27      3.73
2013.50959     -1.55      4.10
2013.51233     -5.05      3.66
2013.51507     -2.98      3.82
2013.51781     -1.84      3.66
2013.52055     -5.27      3.92
2013.52329     -1.87      3.87
2013.52603     -2.43      3.53
2013.52877     -3.21      4.06
2013.53151     -1.94      5.70
2013.53425     -1.92      3.54
2013.53699     -0.07      3.33
2013.53973     -0.92      3.72
2013.54247     -1.28      3.56
2013.54521     -4.48      3.17
2013.54795     -2.78      3.08
2013.55616     -5.05      3.71
2013.55890     -2.70      3.59
2013.56164     -1.98      4.23
2013.56438     -0.76      4.03
2013.56712     -5.55      3.70
2013.56986     -0.96      3.63
2013.57260      0.38      4.04
2013.57534     -2.79      3.62
2013.57808     -4.31      3.47
2013.58082     -2.22      3.87
2013.58356     -3.21      3.30
2013.58630     -4.64      3.23
2013.58904     -8.05      3.78
2013.59178     -2.74      3.83
2013.59452     -3.82      3.76
2013.59726     -2.10      3.58
2013.60000     -6.31      3.67
2013.60274     -1.71      3.08
2013.60548     -0.53      3.82
2013.60822     -6.29      4.09
2013.61096     -0.04      3.68
2013.61370     -3.45      3.49
2013.61644     -0.35      3.47
2013.61918     -4.01      3.34
2013.62192     -2.75      3.74
2013.62466     -5.86      3.83
2013.62740     -4.45      4.06
2013.63014     -1.12      3.78
2013.63288     -2.33      4.16
2013.63562     -3.70      3.97
2013.63836     -1.70      4.32
2013.64110     -4.59      5.26
2013.64384     -3.77      4.08
2013.64658     -3.36      4.07
2013.64932     -3.92      4.41
2013.65479     -0.81      3.66
2013.65753     -3.24      4.42
2013.66027     -5.36      5.75
2013.66301     -1.52      4.77
2013.66575     -3.89      4.18
2013.66849     -0.63      4.12
2013.67123     -0.31      3.43
2013.67671     -3.09      3.58
2013.68219     -1.41      3.02
2013.68493     -3.53      3.18
2013.68767     -1.19      3.38
2013.69041     -4.78      3.94
2013.69315     -1.37      3.59
2013.69589     -3.50      3.62
2013.69863     -1.60      3.44
2013.70137     -3.07      3.54
2013.70411     -3.56      3.32
2013.70685     -2.22      4.17
2013.70959     -2.63      3.95
2013.71233      0.33      3.85
2013.71507     -2.64      3.77
2013.71781     -2.97      3.66
2013.72055     -2.71      3.65
2013.72329     -0.89      4.33
2013.72603     -0.75      3.63
2013.72877      1.68      3.97
2013.73151      1.91      3.51
2013.73425     -0.48      3.66
2013.73699     -3.93      3.53
2013.73973     -1.50      3.18
2013.74247     -0.09      3.04
2013.74521     -0.09      3.37
2013.74795     -3.59      3.43
2013.75068     -0.77      3.35
2013.75342     -3.92      3.35
2013.75616     -1.75      3.29
2013.75890     -0.28      3.10
2013.76164     -1.35      3.38
2013.76438      0.75      3.29
2013.76712      0.29      2.93
2013.76986     -1.12      3.11
2013.77260     -2.64      3.45
2013.77534     -3.32      4.10
2013.77808      0.54      3.52
2013.78082      0.07      3.47
2013.78356     -0.78      3.52
2013.78630      0.02      3.23
2013.78904      0.38      3.16
2013.79178     -0.31      2.91
2013.79452      2.97      2.88
2013.79726      0.85      4.66
2013.80000     -1.46      3.02
2013.80274      0.87      2.90
2013.80548     -1.12      2.82
2013.80822     -0.25      3.08
2013.81096     -1.59      2.97
2013.81370     -1.51      2.85
2013.81644      1.05      3.13
2013.81918     -2.29      2.96
2013.82192     -2.91      3.03
2013.82466      0.66      2.95
2013.82740     -1.08      3.14
2013.83014     -0.65      3.22
2013.83288     -2.63      3.78
2013.83562     -0.24      3.72
2013.83836     -0.74      3.43
2013.84110     -1.44      3.23
2013.84384     -3.66      3.37
2013.84658     -1.86      3.11
2013.84932     -2.19      2.95
2013.85205     -1.64      3.07
2013.85479     -1.49      3.42
2013.85753     -0.79      3.41
2013.86027      0.65      3.08
2013.86301     -0.99      3.18
2013.86575      0.11      3.22
2013.86849     -1.50      3.08
2013.87123     -3.38      3.11
2013.87397     -1.04      2.92
2013.87671      0.50      3.14
2013.87945     -0.20      2.94
2013.88219     -1.47      2.95
2013.88493      0.39      2.90
2013.88767      0.29      3.05
2013.89041     -0.39      2.88
2013.89315     -3.32      2.97
2013.89589     -0.46      2.93
2013.89863     -1.32      3.50
2013.90137      1.69      3.05
2013.90411     -3.03      2.88
2013.90685     -1.02      2.85
2013.90959      0.07      2.87
2013.91233     -1.35      2.77
2013.91507     -2.06      2.89
2013.91781     -1.85      2.79
2013.92055     -1.71      2.71
2013.92329     -3.16      2.60
2013.92603     -1.50      2.69
2013.92877     -0.63      2.70
2013.93151     -0.17      2.70
2013.93425      1.08      2.68
2013.93699     -0.85      3.13
2013.93973     -0.78      2.91
2013.94247     -0.45      2.77
2013.94521     -1.95      2.98
2013.94795     -0.40      2.85
2013.95068      0.87      2.99
2013.95342     -1.33      2.99
2013.95616      0.31      3.15
2013.95890      0.66      3.25
2013.96164      0.47      3.17
2013.96438     -0.62      3.05
2013.96712     -0.99      3.09
2013.96986     -0.96      3.69
2013.97260     -2.52      2.73
2013.97534      0.85      2.86
2013.97808      0.87      2.83
2013.98082     -0.07      2.95
2013.98356      0.44      2.89
2013.98630     -1.51      2.80
2013.98904     -2.79      5.80
2013.99726     -2.43      2.97
2014.00000     -1.65      2.91
2014.00274     -1.63      2.92
2014.00548     -0.72      2.99
2014.00822     -3.47      2.93
2014.01096     -1.76      2.97
2014.01370     -0.61      2.82
2014.01644     -0.07      2.76
2014.01918     -1.78      2.87
2014.02192     -0.64      2.97
2014.02466      0.70      2.91
2014.02740     -0.24      2.86
2014.03014     -0.08      2.85
2014.03288     -0.53      2.76
2014.03562     -0.43      2.70
2014.03836     -2.32      2.94
2014.04110     -2.00      2.75
2014.04384     -0.71      2.81
2014.04658     -0.85      2.84
2014.04932     -0.03      2.75
2014.05205     -0.76      2.73
2014.05479     -0.25      3.06
2014.05753      0.29      2.90
2014.06027     -2.85      3.21
2014.06301     -0.40      2.86
2014.06575     -2.30      2.75
2014.06849     -1.37      2.93
2014.07123     -1.03      3.01
2014.07397     -2.96      3.19
2014.07671     -2.26      3.10
2014.07945     -2.04      3.97
2014.08219     -1.76      3.19
2014.08493     -4.10      3.08
2014.08767     -3.21      3.31
2014.09041     -1.47      3.62
2014.09315     -2.74      3.35
2014.09589     -1.87      3.21
2014.09863     -2.67      3.21
2014.10137     -1.20      3.43
2014.10411     -1.20      3.02
2014.10685      0.07      2.95
2014.10959      1.68      3.13
2014.11233      1.74      3.19
2014.11507      2.27      2.81
2014.11781      1.87      2.85
2014.12055      0.35      3.03
2014.12329     -1.35      2.91
2014.12603      1.01      2.96
2014.12877      0.23      3.00
2014.13151      0.11      3.08
2014.13425      0.83      3.24
2014.13699     -0.03      2.94
2014.13973      1.62      2.86
2014.14247      2.17      2.88
2014.14521      2.24      2.94
2014.14795     -0.20      2.93
2014.15068      0.62      2.92
2014.15342     -0.07      3.02
2014.15616      4.46      3.11
2014.15890      0.28      3.30
2014.16164      2.13      3.36
2014.16438      1.12      3.22
2014.16712      0.84      2.87
2014.16986     -0.39      2.93
2014.17260     -1.56      2.89
2014.17534     -0.72      3.29
2014.17808      1.38      2.97
2014.18082      2.11      3.46
2014.18356      3.51      3.56
2014.18630      1.81      3.56
2014.18904     -0.42      3.04
2014.19178     -0.01      3.28
2014.19452      3.26      3.75
2014.19726      4.69      3.45
2014.20000      2.45      4.08
2014.20274     -1.09      3.29
2014.20548      0.65      3.60
2014.20822     -1.06      3.16
2014.21096     -0.52      2.90
2014.21370      1.69      3.11
2014.21644     -0.31      3.14
2014.21918      0.56      2.90
2014.22192      0.06      2.90
2014.22466      2.20      2.86
2014.22740     -1.40      3.09
2014.23014     -0.72      3.00
2014.23288      0.23      3.16
2014.23562     -0.75      3.33
2014.23836     -1.06      3.20
2014.24110     -2.27      3.47
2014.24384      0.36      3.18
2014.24658     -1.84      4.18
2014.24932     -2.32      3.09
2014.25205     -0.43      3.28
2014.25479     -0.48      3.55
2014.25753      0.01      3.50
2014.26027      0.30      2.89
2014.26301      0.91      3.01
2014.26575     -0.42      2.84
2014.26849      0.87      3.03
2014.27123     -0.97      3.09
2014.27397      2.92      3.87
2014.27671      2.26      3.19
2014.27945     -0.49      3.32
2014.28219      3.03      3.13
2014.28493      1.92      2.92
2014.28767      1.23      3.18
2014.29041     -0.84      2.98
2014.29315     -3.61      3.19
2014.29589     -0.85      3.22
2014.29863      0.18      3.19
2014.30137     -0.12      3.02
2014.30411     -0.27      2.86
2014.30685     -1.02      2.97
2014.30959     -0.50      3.11
2014.31233      1.59      3.01
2014.31507     -2.02      3.01
2014.31781     -1.07      3.22
2014.32055      1.81      3.45
2014.32329     -1.30      2.92
2014.32603     -2.78      3.03
2014.32877     -2.44      3.37
2014.33151      1.95      3.22
2014.33425     -0.07      2.94
2014.33699     -1.61      3.16
2014.33973     -2.57      2.96
2014.34247     -2.60      3.04
2014.34521     -0.36      3.04
2014.34795     -2.42      3.09
2014.35068     -1.34      3.06
2014.35342     -0.75      3.21
2014.35616     -1.94      3.06
2014.35890     -3.17      3.19
2014.36164     -1.98      3.40
2014.36438      0.42      3.88
2014.36712     -5.39      3.50
2014.36986     -4.05      4.01
2014.37260     -3.47      3.65
2014.37534     -1.80      3.42
2014.37808     -3.93      4.30
2014.38082     -3.73      4.33
2014.38630     -2.03      3.68
2014.38904     -3.17      3.42
2014.39178     -3.35      3.63
2014.39452     -4.26      3.41
2014.39726     -1.76      3.43
2014.40000     -5.07      4.08
2014.40274     -4.83      3.96
2014.40548     -3.52      4.22
2014.40822     -6.81      3.67
2014.41096     -5.18      3.54
2014.41370     -2.95      3.28
2014.41644     -5.05      3.62
2014.41918     -6.49      3.82
2014.42192     -6.97      4.00
2014.42466     -3.26      4.11
2014.42740     -7.39      3.69
2014.43014     -5.76      3.19
2014.43288     -4.43      3.94
2014.43562     -5.34      4.01
2014.43836     -3.20      3.52
2014.44110     -3.44      3.14
2014.44384     -5.57      3.45
2014.44658     -3.83      3.38
2014.44932     -5.47      3.30
2014.45205     -4.60      3.29
2014.45479     -4.02      3.40
2014.45753     -4.92      3.54
2014.46027     -1.63      3.37
2014.46301     -6.66      3.18
2014.46575     -6.93      3.41
2014.46849     -5.69      3.49
2014.47123     -3.49      3.46
2014.47397     -4.63      3.75
2014.47671     -3.24      4.56
2014.48219     -6.47      3.83
2014.48493     -4.15      3.47
2014.48767     -4.86      3.17
2014.49041     -5.45      4.55
2014.49315     -6.20      3.64
2014.49589     -3.50      3.45
2014.49863     -8.22      3.70
2014.50137     -2.78      3.23
2014.50411     -3.05      3.79
2014.50685     -6.25      3.85
2014.50959     -4.22      3.89
2014.51233     -3.99      3.57
2014.51507     -4.73      3.82
2014.51781     -4.29      3.78
2014.52055     -3.31      5.18
2014.52329     -5.61      3.74
2014.52603     -4.84      3.51
2014.52877     -5.79      3.45
2014.53151     -4.85      3.20
2014.53425     -5.63      3.45
2014.53699     -4.72      3.76
2014.53973     -3.30      3.86
2014.54247     -4.70      4.67
2014.54521     -2.76      4.21
2014.54795     -8.15      4.77
2014.55068     -0.34      3.95
2014.55342     -1.99      3.78
2014.55616     -4.33      4.27
2014.55890     -5.51      4.76
2014.56164     -3.91      4.56
2014.56438     -6.57      3.80
2014.56712     -4.57      4.28
2014.56986     -4.42      3.77
2014.57260      0.35      4.88
2014.57534     -1.71      4.04
2014.57808     -7.55      4.03
2014.58082     -7.50      4.80
2014.58356     -4.89      4.47
2014.58630     -5.05      4.14
2014.58904     -1.50      4.79
2014.59178     -1.08      3.77
2014.59452     -3.72      4.03
2014.59726     -5.96      5.06
2014.60274     -0.67      4.89
2014.60548      4.57      5.79
2014.60822      4.15      5.24
2014.61096     -3.99      4.03
2014.61370     -2.76      4.61
2014.61644     -3.51      4.45
2014.61918     -3.48      3.66
2014.62192     -2.54      3.52
2014.62466      0.51      3.70
2014.62740     -2.75      3.58
2014.63014     -1.75      3.84
2014.63288     -0.35      3.92
2014.63562     -3.25      4.29
2014.63836     -0.39      3.83
2014.64110     -2.75      4.94
2014.64384     -3.28      3.75
2014.64658     -1.01      3.89
2014.64932     -3.11      4.47
2014.65205     -4.16      3.73
2014.65479     -4.86      4.16
2014.65753     -3.39      4.14
2014.66027      0.21      3.54
2014.66301     -3.14      3.48
2014.66575     -0.36      3.85
2014.66849      0.47      4.53
2014.67123      1.87      3.99
2014.67397     -3.32      3.48
2014.67671     -2.98      3.90
2014.67945     -2.59      3.40
2014.68219     -0.51      4.55
2014.68493     -2.51      3.82
2014.68767     -4.68      4.14
2014.69041     -0.02      3.85
2014.69315     -4.97      4.18
2014.69589     -3.21      3.58
2014.69863     -0.30      4.09
2014.70137     -2.64      3.73
2014.70411     -2.28      4.10
2014.70685      0.90      4.10
2014.70959     -5.12      3.62
2014.71233     -3.19      3.53
2014.71507     -3.92      4.17
2014.71781      0.46      3.76
2014.72055      0.76      4.39
2014.72329      0.43      3.70
2014.72603      1.27      3.86
2014.72877      2.43      3.57
2014.73151     -1.58      3.47
2014.73425     -2.00      4.26
2014.73699     -0.55      3.15
2014.73973      2.85      3.11
2014.74247      2.99      3.52
2014.74521      0.01      3.23
2014.74795      2.81      3.94
2014.75068      2.72      3.76
2014.75342      3.60      3.89
2014.75616      0.05      3.73
2014.75890     -0.75      4.16
2014.76164     -0.49      3.30
2014.76438      0.17      3.22
2014.76712      0.68      3.08
2014.76986     -0.04      3.05
2014.77260      0.81      3.07
2014.77534      0.06      3.22
2014.77808     -0.44      3.26
2014.78082      2.39      3.42
2014.78356      1.92      3.43
2014.78630      0.50      3.52
2014.78904      0.83      3.64
2014.79178      0.96      3.32
2014.79452      2.31      3.38
2014.79726      2.99      3.18
2014.80000      2.71      3.53
2014.80274      3.39      3.43
2014.80548      3.38      3.20
2014.80822      1.81      3.27
2014.81096      2.48      3.16
2014.81370      4.09      3.04
2014.81644      0.47      4.00
2014.81918      4.46      3.60
2014.82192      3.04      3.37
2014.82466      2.43      3.24
2014.82740      4.37      3.29
2014.83014      2.61      3.40
2014.83288      1.81      3.38
2014.83562      2.10      3.00
2014.83836      1.11      3.86
2014.84110      3.48      3.40
2014.84384      2.71      3.24
2014.84658      3.06      3.21
2014.84932      3.92      3.29
2014.85205      1.67      3.55
2014.85479      0.82      3.62
2014.85753      2.34      3.07
2014.86027      1.50      2.98
2014.86301      1.40      3.23
2014.86575      0.12      2.87
2014.86849      2.14      2.79
2014.87123      3.04      2.87
2014.87397      3.09      2.84
2014.87671      2.61      3.10
2014.87945      1.04      3.17
2014.88219      2.62      2.81
2014.88493      0.11      2.95
2014.88767      2.54      2.84
2014.89041     -0.82      3.18
2014.89315      3.67      2.78
2014.89589      0.74      2.98
2014.89863      0.48      2.85
2014.90137      2.45      2.85
2014.90411      2.68      2.95
2014.90685      1.69      3.13
2014.90959      3.33      3.19
2014.91233      0.00      3.31
2014.91507      0.76      3.24
2014.91781      0.33      3.05
2014.92055      0.93      2.99
2014.92329      3.16      2.92
2014.92603      2.57      3.08
2014.92877      1.13      2.92
2014.93151      0.84      2.83
2014.93425      1.50      3.02
2014.93699      1.59      2.96
2014.93973      1.84      2.84
2014.94247      1.50      2.83
2014.94521      1.55      2.68
2014.94795      0.54      2.99
2014.95068     -0.17      2.75
2014.95342      0.89      2.60
2014.95616      4.14      2.78
2014.95890      2.81      2.89
2014.96164      2.43      2.90
2014.96438      1.96      2.94
2014.96712      3.70      3.36
2014.96986      4.40      3.11
2014.97260      4.61      2.67
2014.97534      1.60      2.70
2014.97808     -0.44      2.86
2014.98082      1.33      3.12
2014.98356      3.69      3.28
2014.98630     -0.02      3.06
2014.98904      2.56      3.10
2014.99178      3.46      2.83
2014.99452      2.34      2.61
2014.99726      1.45      2.71
2015.00000      1.65      2.75
2015.00274     -1.34      2.79
2015.00548      3.44      2.82
2015.00822      0.76      2.75
2015.01096      0.52      2.71
2015.01370      1.60      2.72
2015.01644      1.37      2.86
2015.01918      0.79      2.97
2015.02192      3.43      3.12
2015.02466     -1.54      2.79
2015.02740      0.12      2.72
2015.03014      0.67      2.70
2015.03288      0.87      2.62
2015.03562     -0.85      3.11
2015.03836      0.44      2.71
2015.04110      0.97      2.69
2015.04384     -0.78      2.72
2015.04658     -0.80      2.72
2015.04932     -0.64      2.65
2015.05205      0.44      3.28
2015.05479      1.05      2.91
2015.05753     -0.18      3.07
2015.06027      0.28      2.81
2015.06301      0.74      3.26
2015.06575      0.16      2.87
2015.06849      0.45      2.66
2015.07123      0.71      2.69
2015.07397      0.31      2.66
2015.07671      0.91      2.50
2015.07945      0.76      2.82
2015.08219      1.63      2.69
2015.08493      1.48      2.74
2015.08767      2.51      2.58
2015.09041      1.03      2.61
2015.09315      4.21      2.77
2015.09589      4.25      2.70
2015.09863      2.70      2.64
2015.10137      3.05      2.62
2015.10411      1.02      2.77
2015.10685      2.03      2.57
2015.10959      2.91      2.61
2015.11233      2.33      2.69
2015.11507      3.16      2.83
2015.11781      2.75      2.70
2015.12055      0.27      2.89
2015.12329     -1.16      2.94
2015.12603      2.63      3.66
2015.12877      2.81      3.20
2015.13151      1.44      2.79
2015.13425      1.73      2.70
2015.13699      0.87      2.72
2015.13973      2.10      2.84
2015.14247      2.32      3.61
2015.14521      1.77      2.91
2015.14795      2.10      3.32
2015.15068      2.77      2.96
2015.15342      2.19      3.23
2015.15616     -1.08      3.25
2015.15890      4.49      3.16
2015.16164      2.52      3.20
2015.16438      2.07      2.83
2015.16712      4.57      3.13
2015.16986      2.96      2.98
2015.17260      2.93      3.58
2015.17534      3.13      3.03
2015.17808      3.25      3.19
2015.18082      1.95      2.66
2015.18356      2.79      3.16
2015.18630      5.19      3.27
2015.18904      4.74      3.19
2015.19178      3.99      3.29
2015.19452      1.73      3.10
2015.19726      2.72      3.10
2015.20000      0.96      3.44
2015.20274      0.77      2.98
2015.20548      0.89      3.26
2015.20822      1.78      3.13
2015.21096      3.97      3.07
2015.21370      4.03      3.19
2015.21644      1.72      2.77
2015.21918      3.19      3.12
2015.22192      2.51      3.13
2015.22466      2.60      3.69
2015.22740      5.85      3.38
2015.23014      3.41      3.24
2015.23288      5.03      3.25
2015.23562      2.15      2.92
2015.23836      1.01      3.21
2015.24110     -0.10      3.18
2015.24384      1.80      2.96
2015.24658      3.55      2.89
2015.24932      3.05      3.31
2015.25205      3.31      3.35
2015.25479      1.50      3.36
2015.25753      3.04      3.86
2015.26027      3.74      3.92
2015.26301      2.60      4.48
2015.26575      0.68      3.50
2015.26849      1.66      3.12
2015.27123     -0.48      2.99
2015.27397      4.09      3.23
2015.27671      5.08      3.66
2015.27945      4.54      3.50
2015.28219      1.56      3.30
2015.28493      1.25      3.07
2015.28767      0.90      3.75
2015.29041      1.63      3.80
2015.29315      2.59      4.03
2015.29589      1.36      3.66
2015.29863      1.39      3.67
2015.30137      1.86      3.91
2015.30411      5.84      3.81
2015.30685      2.15      3.54
2015.30959      1.74      3.40
2015.31233      3.33      3.34
2015.31507      2.70      3.04
2015.31781      1.72      3.35
2015.32055      1.55      3.30
2015.32329      1.01      3.65
2015.32603      2.30      3.60
2015.32877      3.73      3.36
2015.33151      1.12      3.16
2015.33425      3.98      3.61
2015.33699     -0.10      3.73
2015.33973      1.09      3.74
2015.34247      0.81      3.64
2015.34521      2.15      3.23
2015.34795      2.54      3.44
2015.35068      0.28      3.57
2015.35342      2.37      3.73
2015.35616      0.69      3.83
2015.35890      0.55      3.80
2015.36438      2.88      3.17
2015.36712      3.27      3.54
2015.36986      3.96      3.77
2015.37260      3.82      3.74
2015.37534      0.78      4.07
2015.37808     -0.16      3.30
2015.38082      2.91      3.50
2015.38356      0.85      4.19
2015.38630      0.59      3.46
2015.38904      3.42      3.70
2015.39178      1.72      3.81
2015.39452      0.99      3.57
2015.39726      1.15      3.45
2015.40000      4.13      3.52
2015.40274     -0.47      3.17
2015.40548      0.92      3.64
2015.40822      0.57      3.10
2015.41096     -1.64      3.94
2015.41370     -0.60      4.17
2015.41644     -2.50      3.58
2015.41918     -2.00      3.95
2015.42192      0.86      3.85
2015.42466     -0.39      3.71
2015.42740     -1.69      4.01
2015.43014      2.67      3.97
2015.43288     -0.84      3.79
2015.43562     -1.47      3.78
2015.43836     -3.68      3.74
2015.44110     -1.47      3.56
2015.44384     -2.00      4.19
2015.44658     -1.11      3.63
2015.44932     -3.28      3.88
2015.45205     -1.10      4.00
2015.45479     -3.99      3.73
2015.45753     -2.84      4.00
2015.46027     -4.71      3.81
2015.46301     -1.24      3.78
2015.46575     -2.75      4.08
2015.46849     -0.07      5.17
2015.47123     -4.26      4.20
2015.47397     -5.18      4.03
2015.47671     -0.40      3.87
2015.47945     -6.88      4.65
2015.48219     -1.61      4.19
2015.48493     -2.89      4.08
2015.48767     -2.49      3.94
2015.49041     -4.07      3.69
2015.49315     -1.75      3.98
2015.49589     -4.26      4.06
2015.49863     -3.89      4.87
2015.50137     -2.14      4.34
2015.50411     -1.56      3.79
2015.50685     -1.36      4.27
2015.50959     -1.69      4.43
2015.51233      1.02      3.86
2015.51507     -0.22      3.76
2015.51781      0.73      4.10
2015.52055      1.98      4.19
2015.52603     -1.05      3.69
2015.52877      2.59      3.96
2015.53151      2.39      5.61
2015.53425     -2.10      4.17
2015.53699      3.03      5.42
2015.53973     -0.95      3.63
2015.54247     -0.89      4.65
2015.54521      3.38      4.64
2015.54795      1.59      4.06
2015.55068     -2.01      3.61
2015.55342      1.85      4.05
2015.55616     -0.38      4.26
2015.55890     -0.98      3.51
2015.56164     -3.44      3.98
2015.56438     -1.02      4.01
2015.56712     -1.00      4.02
2015.56986     -2.06      4.86
2015.57260     -3.45      4.75
2015.57534      3.07      3.93
2015.57808     -0.70      3.97
2015.58082      1.02      4.58
2015.58356     -0.78      4.61
2015.58630      1.77      4.51
2015.58904     -1.11      3.83
2015.59178     -1.65      3.97
2015.59452     -0.91      4.33
2015.59726      0.73      4.05
2015.60000      0.10      4.36
2015.60274      2.06      4.32
2015.60548      1.78      4.68
2015.60822     -0.95      4.24
2015.61096      0.16      3.88
2015.61370      1.27      4.14
2015.61644      1.36      3.82
2015.61918      2.44      3.62
2015.62192      0.53      3.92
2015.62740      3.38      3.86
2015.63014      3.16      3.74
2015.63288      2.63      4.85
2015.63562      1.14      3.74
2015.63836      1.30      4.46
2015.64110      2.26      3.75
2015.64384      2.40      4.07
2015.64658      2.72      5.45
2015.64932      2.81      4.70
2015.65205      3.96      4.73
2015.65479      2.30      3.70
2015.65753      0.56      3.82
2015.66027      1.66      3.64
2015.66301      1.13      3.57
2015.66575      0.64      3.83
2015.66849      4.16      3.51
2015.67123     -2.91      3.72
2015.67397     -0.42      3.38
2015.67671      0.98      3.48
2015.67945     -0.27      3.48
2015.68219      2.40      3.88
2015.68493      1.62      3.95
2015.68767     -0.90      3.70
2015.69041      1.12      3.62
2015.69315      0.30      3.42
2015.69589      1.69      3.74
2015.69863     -0.38      3.75
2015.70137     -0.59      3.52
2015.70411     -0.14      3.76
2015.70685     -0.37      3.40
2015.70959     -0.07      3.79
2015.71233     -0.28      3.21
2015.71507     -2.56      3.29
2015.71781      0.90      3.06
2015.72055      0.41      3.12
2015.72329     -0.87      3.29
2015.72603     -1.60      3.20
2015.72877     -2.90      3.25
2015.73151      0.04      3.48
2015.73425      0.36      3.49
2015.73699      0.56      3.25
2015.73973      0.39      3.68
2015.74247     -0.19      4.36
2015.74521      0.73      4.04
2015.74795     -2.51      3.80
2015.75068     -5.30      4.10
2015.75342     -3.49      3.68
2015.75616     -2.53      3.39
2015.75890     -0.31      3.47
2015.76164      0.61      3.38
2015.76438     -2.73      3.55
2015.76712     -0.83      3.24
2015.76986     -1.00      3.93
2015.77260     -0.26      3.33
2015.77534     -0.19      3.42
2015.77808     -0.86      3.26
2015.78082     -1.67      3.19
2015.78356      0.05      3.38
2015.78630     -1.25      3.34
2015.78904     -0.45      3.03
2015.79178      1.00      3.32
2015.79452      1.01      3.74
2015.79726      2.16      3.45
2015.80000      1.85      3.99
2015.80274     -0.16      3.42
2015.80548      1.88      3.63
2015.80822     -1.27      3.53
2015.81096      1.91      3.52
2015.81370     -0.14      3.72
2015.81644      1.02      3.19
2015.81918      0.09      3.11
2015.82192     -1.61      3.30
2015.82466      0.89      3.29
2015.82740     -0.60      3.38
2015.83014     -0.04      3.64
2015.83288     -0.26      4.09
2015.83562     -5.52      3.41
2015.83836     -3.21      3.66
2015.84384     -4.15      3.53
2015.84658     -3.29      3.07
2015.84932     -5.83      3.47
2015.85479     -4.29      3.34
2015.85753     -0.54      3.93
2015.86027     -2.70      3.32
2015.86301     -2.88      3.32
2015.87123     -0.29      3.32
2015.87671     -5.39      3.06
2015.87945     -3.24      3.00
2015.88219     -3.66      3.24
2015.88493     -3.63      4.08
2015.88767     -2.71      4.13
2015.89315     -5.55      2.81
2015.89589     -3.79      3.19
2015.89863     -5.68      5.98
2015.90137     -3.12      3.33
2015.90411     -0.08      3.07
2015.90685     -3.63      3.06
2015.90959     -3.97      3.06
2015.91233      1.26      2.99
2015.91507      1.13      2.97
2015.91781      0.89      3.17
2015.92055      0.17      3.10
2015.92329      2.78      2.99
2015.92603      1.29      3.17
2015.92877     -0.98      3.63
2015.93151      1.35      3.10
2015.93425      3.28      3.14
2015.93699      0.43      2.84
2015.93973     -0.01      3.49
2015.94247      3.96      3.31
2015.94795      2.50      3.44
2015.95068      0.07      3.00
2015.95342      2.69      3.00
2015.95616      0.22      2.63
2015.95890      2.57      2.74
2015.96164      3.31      2.81
2015.96438      2.53      2.50
2015.96712      2.02      2.70
2015.96986     -0.15      2.98
2015.97260      0.78      2.89
2015.97534      1.61      2.60
2015.97808      1.81      2.63
2015.98082      1.21      2.91
2015.98356      1.40      2.79
2015.98630      1.42      2.59
2015.98904      4.30      3.07
2015.99178      2.33      2.58
2015.99452      1.07      2.52
2015.99726      2.57      2.48
2016.00000      2.45      2.54
2016.00273      1.01      2.57
2016.00546      0.12      3.25
2016.00820      1.30      3.30
2016.01093      0.60      2.93
2016.01366      0.57      3.20
2016.01639      1.52      3.09
2016.01913     -0.13      2.95
2016.02186      2.02      2.64
2016.02459      1.14      2.62
2016.02732      0.78      2.72
2016.03005      1.93      2.92
2016.03279      3.00      3.19
2016.03552      3.83      3.03
2016.03825      0.79      2.77
2016.04098      1.79      3.11
2016.04372     -0.99      3.29
2016.04645      0.01      3.48
2016.04918      2.38      2.70
2016.05191      2.90      2.92
2016.05464      0.59      2.71
2016.05738      0.23      2.57
2016.06011      1.04      2.62
2016.06284      1.09      2.85
2016.06557      1.65      2.99
2016.06831      2.72      2.77
2016.07104      0.72      2.83
2016.07377      1.72      2.70
2016.07650      1.45      2.89
2016.07923      1.22      3.72
2016.08197      2.33      2.83
2016.08470      4.39      2.62
2016.08743      2.92      2.89
2016.09016      3.26      2.62
2016.09290      2.96      2.63
2016.09563      1.08      3.21
2016.10383     -8.78      2.84
2016.10656    -10.25      2.71
2016.10929    -11.15      2.61
2016.11202    -10.99      2.70
2016.11475    -11.69      3.77
2016.11749    -13.95      3.25
2016.12022    -11.51      2.87
2016.12295    -11.70      3.00
2016.12568    -11.36      2.86
2016.12842    -12.40      2.78
2016.13115    -11.68      2.73
2016.13388    -12.27      2.58
2016.13661    -11.66      2.66
2016.13934    -14.68      2.67
2016.14208    -12.88      2.80
2016.14481    -13.63      2.64
2016.14754    -13.83      2.67
2016.15027    -13.77      2.88
2016.15301    -15.46      2.67
2016.15574    -12.96      2.73
2016.15847    -12.87      2.98
2016.16120    -13.33      3.01
2016.16393    -12.20      2.98
2016.16667    -14.43      2.93
2016.16940    -14.52      3.05
2016.17213    -15.65      3.25
2016.17486    -12.60      3.06
2016.17760    -11.82      3.39
2016.18033    -14.12      2.73
2016.18306    -13.95      2.98
2016.18579    -15.46      3.65
2016.18852    -13.74      3.38
2016.19126    -14.86      3.45
2016.19399    -15.26      2.80
2016.19672    -16.79      3.09
2016.19945    -15.47      3.74
2016.20219    -16.61      3.38
2016.20492    -19.31      3.42
2016.20765    -18.02      2.92
2016.21038    -18.02      3.14
2016.21311    -17.70      3.06
2016.21585    -15.97      3.20
2016.21858    -16.98      2.94
2016.22131    -16.24      2.97
2016.22404    -19.72      2.95
2016.22678    -17.54      3.95
2016.22951    -18.06      2.73
2016.23224    -18.36      2.86
2016.23497    -17.62      2.69
2016.23770    -18.44      2.79
2016.24044    -17.41      3.12
2016.24317    -20.44      2.88
2016.24590    -19.58      3.12
2016.24863    -16.63      3.25
2016.25137    -18.39      2.87
2016.25410    -18.68      3.44
2016.25683    -19.50      2.99
2016.25956    -17.27      2.92
2016.26230    -21.18      2.99
2016.26503    -18.62      2.92
2016.26776    -22.39      2.89
2016.27049    -22.13      3.17
2016.27322    -22.05      3.16
2016.27596    -21.84      3.94
2016.27869    -23.78      3.57
2016.28142    -25.24      3.27
2016.28415    -23.35      4.51
2016.28689    -20.80      5.04
2016.28962    -23.30      3.61
2016.29235    -23.51      3.56
2016.29508    -24.29      3.59
2016.29781    -22.45      3.71
2016.30055    -20.41      3.19
2016.30328    -23.04      3.27
2016.30601    -22.73      3.27
2016.30874    -23.96      3.03
2016.31148    -24.25      3.28
2016.31421    -23.89      3.29
2016.31694    -23.76      3.42
2016.31967    -22.52      3.44
2016.32240    -23.23      3.41
2016.32514    -21.12      3.35
2016.32787    -22.80      3.17
2016.33060    -24.81      3.00
2016.33333    -23.78      3.29
2016.33607    -21.01      3.43
2016.33880    -21.35      3.37
2016.34153    -23.24      3.07
2016.34426    -26.59      3.29
2016.34699    -23.46      3.31
2016.34973    -21.32      3.56
2016.35246    -25.18      3.30
2016.35519    -24.96      3.42
2016.35792    -21.94      4.22
2016.36066    -25.88      4.24
2016.36339    -23.83      3.77
2016.36612    -28.41      4.04
2016.36885    -25.32      3.91
2016.37158    -27.21      3.61
2016.37432    -24.62      3.35
2016.37705    -25.76      2.92
2016.37978    -25.53      3.15
2016.38251    -23.81      3.05
2016.38525    -24.34      4.31
2016.38798    -24.66      3.75
2016.39071    -24.44      4.15
2016.40437    -25.78      3.84
2016.40710    -26.61      3.39
2016.40984    -24.04      3.36
2016.41257    -25.47      3.62
2016.41530    -23.68      3.22
2016.41803    -21.29      3.32
2016.42077    -23.14      3.74
2016.42350    -23.96      3.22
2016.42623    -25.13      3.60
2016.42896    -24.33      4.36
2016.43169    -26.71      3.75
2016.43443    -21.63      5.04
2016.43716    -24.22      4.07
2016.43989    -21.06      3.40
2016.44262    -25.61      3.87
2016.44536    -23.23      3.62
2016.44809    -25.86      4.02
2016.45082    -28.73      4.80
2016.45355    -31.56      4.54
2016.45628    -29.70      3.61
2016.45902    -27.27      3.41
2016.46175    -26.53      3.64
2016.46448    -29.14      4.64
2016.46721    -26.76      4.01
2016.46995    -29.56      3.61
2016.47268    -28.47      3.56
2016.47541    -26.86      3.67
2016.47814    -26.64      3.79
2016.48087    -27.38      4.05
2016.48361    -27.85      3.79
2016.48634    -27.18      4.49
2016.48907    -27.47      3.78
2016.49180    -23.64      4.01
2016.49454    -25.83      4.02
2016.49727    -24.05      4.05
2016.50000    -27.06      3.72
2016.50273    -26.85      3.55
2016.50546    -28.14      3.76
2016.50820    -25.48      3.84
2016.51093    -24.01      3.89
2016.51366    -21.74      4.33
2016.51639    -24.92      3.78
2016.51913    -25.06      4.63
2016.52186    -27.58      4.09
2016.52459    -26.34      4.21
2016.52732    -27.68      4.96
2016.53005    -27.65      5.15
2016.53279    -27.18      4.06
2016.54918    -28.71      3.44
2016.57104    -27.37      3.97
2016.57377    -25.80      3.90
2016.57650    -28.06      4.32
2016.57923    -27.09      4.35
2016.58197    -25.23      4.28
2016.58470    -26.18      4.42
2016.58743    -26.64      3.29
2016.59016    -26.83      3.33
2016.59290    -28.06      3.33
2016.59563    -23.57      3.11
2016.59836    -25.85      3.99
2016.60109    -29.54      4.91
2016.60383    -29.01      5.00
2016.60656    -26.56      4.26
2016.60929    -30.19      4.59
2016.61202    -26.93      4.04
2016.61475    -27.81      3.25
2016.61749    -29.86      3.42
2016.62022    -31.14      3.54
2016.62295    -29.37      4.01
2016.62568    -25.34      3.91
2016.62842    -25.41      3.92
2016.63115    -26.33      4.79
2016.63388    -29.29      4.41
2016.63661    -30.71      4.10
2016.64208    -26.58      4.13
2016.64481    -28.80      4.09
2016.64754    -27.24      4.06
2016.65027    -28.53      3.99
2016.65301    -29.98      4.53
2016.65574    -30.74      4.78
2016.65847    -28.61      4.58
2016.66120    -23.99      5.06
2016.66393    -26.28      3.78
2016.66667    -29.92      3.75
2016.66940    -28.52      3.88
2016.67213    -28.35      5.49
2016.67486    -25.91      4.21
2016.67760    -29.28      4.00
2016.68033    -29.74      4.71
2016.68306    -30.62      4.47
2016.68579    -27.43      3.70
2016.68852    -26.58      3.95
2016.69126    -29.49      3.67
2016.69399    -29.59      3.61
2016.69672    -31.34      4.62
2016.69945    -26.49      3.93
2016.70219    -26.97      3.67
2016.70492    -28.20      5.46
2016.70765    -26.76      4.69
2016.71038    -30.47      4.62
2016.71311    -31.46      4.34
2016.71585    -29.36      3.38
2016.71858    -29.57      4.43
2016.72131    -27.35      4.16
2016.72404    -27.23      4.04
2016.72678    -22.32      5.31
2016.72951    -26.53      4.52
2016.73224    -29.32      3.77
2016.73497    -24.36      4.36
2016.74590    -25.53      4.73
2016.74863    -27.08      4.08
2016.75137    -26.28      4.15
2016.75410    -30.16      4.01
2016.75683    -26.64      3.90
2016.75956    -30.18      5.24
2016.76230    -29.09      4.67
2016.76503    -26.72      4.42
2016.76776    -27.09      4.23
2016.77049    -27.37      4.04
2016.77322    -26.49      4.10
2016.77596    -30.68      4.07
2016.77869    -25.44      4.18
2016.78142    -30.87      4.17
2016.78415    -28.91      4.32
2016.78689    -28.60      3.88
2016.78962    -29.91      4.59
2016.79235    -26.06      4.24
2016.79508    -27.29      4.18
2016.79781    -30.35      3.82
2016.80055    -28.70      4.58
2016.80328    -31.30      5.95
2016.80601    -29.03      4.12
2016.80874    -30.60      3.81
2016.81148    -30.06      3.80
2016.81421    -29.53      3.46
2016.81694    -30.56      3.75
2016.81967    -28.83      4.23
2016.82240    -26.96      3.33
2016.82514    -29.31      3.71
2016.82787    -26.79      6.00
2016.83607    -29.37      3.87
2016.84153    -27.91      4.09
2016.84973    -28.29      4.52
2016.85792    -27.39      3.72
2016.86339    -27.17      4.02
2016.86612    -28.08      3.90
2016.86885    -29.36      4.41
2016.87158    -26.90      4.42
2016.87432    -27.68      4.90
2016.87705    -27.05      4.58
2016.88251    -26.95      3.09
2016.88525    -29.56      3.60
2016.88798    -29.34      3.32
2016.89071    -29.09      3.35
2016.89344    -28.19      3.26
2016.89617    -26.34      3.43
2016.89891    -27.42      3.16
2016.90164    -27.08      3.02
2016.90437    -25.86      3.41
2016.90710    -24.79      3.73
2016.90984    -23.53      3.70
2016.91257    -26.81      3.37
2016.91530    -26.11      3.64
2016.91803    -24.48      3.54
2016.92077    -29.18      3.30
2016.92350    -29.37      3.27
2016.92623    -29.20      3.56
2016.92896    -29.24      3.22
2016.93169    -27.29      3.09
2016.93443    -27.31      3.19
2016.93716    -28.98      3.40
2016.93989    -28.91      3.37
2016.94262    -27.47      3.15
2016.94536    -25.94      3.26
2016.94809    -28.74      3.41
2016.95082    -25.27      3.15
2016.95355    -25.52      3.12
2016.95628    -27.75      2.83
2016.95902    -25.13      3.22
2016.96175    -25.55      3.01
2016.96448    -25.88      3.08
2016.96721    -29.50      3.37
2016.96995    -28.36      3.22
2016.97268    -30.35      3.05
2016.97541    -27.48      2.96
2016.97814    -26.58      3.03
2016.98087    -29.20      2.78
2016.98361    -30.11      2.92
2016.98634    -26.11      3.13
2016.98907    -27.90      3.38
2016.99180    -27.67      2.99
2016.99454    -25.48      3.08
2016.99727    -25.36      3.06
2017.00000    -25.14      3.17
2017.00274    -27.30      3.01
2017.00548    -24.70      2.95
2017.00822    -30.08      2.79
2017.01096    -30.04      2.97
2017.01370    -27.63      2.94
2017.01644    -29.50      2.82
2017.01918    -27.16      3.01
2017.02192    -26.30      3.09
2017.02466    -26.42      3.29
2017.02740    -26.42      3.72
2017.03014    -22.35      3.28
2017.03288    -25.98      3.10
2017.03562    -25.48      2.84
2017.03836    -27.61      2.59
2017.04110    -23.23      2.84
2017.04384    -25.30      2.86
2017.04658    -25.19      3.20
2017.04932    -25.52      3.08
2017.05205    -26.95      2.95
2017.05479    -25.87      2.89
2017.05753    -25.61      3.02
2017.06027    -28.21      2.99
2017.06301    -26.28      2.86
2017.06575    -25.32      2.76
2017.06849    -25.42      3.53
2017.07123    -26.43      2.91
2017.07397    -23.12      3.10
2017.07671    -25.44      3.05
2017.07945    -25.69      3.06
2017.08219    -21.62      3.33
2017.08493    -24.10      3.11
2017.08767    -24.64      3.00
2017.09041    -24.86      2.85
2017.09315    -20.41      3.84
2017.09589    -23.12      3.92
2017.09863    -23.69      3.21
2017.10137    -23.18      2.94
2017.10411    -26.37      3.15
2017.10685    -24.46      3.47
2017.10959    -27.58      2.50
2017.11233    -25.85      2.65
2017.11507    -23.66      2.96
2017.11781    -23.97      3.02
2017.12055    -25.95      2.81
2017.12329    -25.82      2.81
2017.12603    -24.41      2.77
2017.12877    -26.13      2.73
2017.13151    -25.91      2.84
2017.13425    -27.12      3.11
2017.13699    -26.25      3.28
2017.13973    -24.44      3.02
2017.14247    -27.12      3.20
2017.14521    -27.94      3.37
2017.14795    -26.95      2.94
2017.15068    -22.66      3.09
2017.15616    -25.58      2.87
2017.15890    -25.13      2.79
2017.16164    -26.23      2.77
2017.16438    -25.91      2.86
2017.16712    -27.76      2.93
2017.16986    -28.74      2.63
2017.17260    -26.88      2.83
2017.17534    -28.48      2.95
2017.17808    -30.21      2.78
2017.18082    -28.68      2.61
2017.18356    -26.37      2.90
2017.18630    -25.33      2.93
2017.18904    -28.16      2.99
2017.19178    -24.42      2.70
2017.19452    -29.11      2.60
2017.19726    -31.85      2.89
2017.20000    -31.05      2.82
2017.20274    -24.30      3.81
2017.20548    -26.28      4.04
2017.20822    -29.50      2.75
2017.21096    -29.60      3.03
2017.21370    -28.28      3.24
2017.21644    -31.78      2.95
2017.21918    -26.13      3.60
2017.22192    -26.65      4.46
2017.22466    -30.53      3.32
2017.22740    -28.03      3.57
2017.23014    -29.60      3.14
2017.23288    -26.09      3.35
2017.23562    -27.97      3.61
2017.23836    -26.50      3.43
2017.24110    -29.04      3.43
2017.24384    -30.74      3.18
2017.24658    -27.56      4.05
2017.24932    -27.29      3.71
2017.25205    -25.57      4.30
2017.25479    -27.00      4.06
2017.25753    -23.55      4.11
2017.26027    -26.65      3.32
2017.26301    -30.04      3.71
2017.26575    -29.43      3.34
2017.26849    -19.75      6.62
2017.27123    -20.68      5.60
2017.27397    -25.07      3.88
2017.27671    -27.76      4.74
2017.27945    -28.81      3.93
2017.28219    -22.75      4.65
2017.28493    -27.42      3.49
2017.28767    -26.49      4.40
2017.29041    -25.42      4.33
2017.29315    -28.13      3.71
2017.29589    -29.28      3.46
2017.29863    -32.46      4.67
2017.30137    -22.43      4.70
2017.30411    -23.04      4.55
2017.30685    -28.30      3.34
2017.30959    -29.10      3.08
2017.31233    -20.91      2.99
2017.31507    -23.13      3.23
2017.31781    -24.56      3.15
2017.32055    -26.02      3.56
2017.32329    -24.69      3.80
2017.32603    -25.87      3.40
2017.32877    -25.30      3.37
2017.33151    -28.44      3.09
2017.33425    -27.38      3.35
2017.33699    -24.49      3.24
2017.33973    -26.37      3.32
2017.34247    -26.84      3.37
2017.34521    -23.37      3.58
2017.34795    -25.50      3.11
2017.35068    -24.06      3.33
2017.35342    -24.76      3.52
2017.35616    -25.97      4.01
2017.35890    -24.79      3.42
2017.36164    -25.66      3.38
2017.36438    -24.17      3.37
2017.36712    -25.27      3.43
2017.36986    -23.04      3.32
2017.37260    -21.90      3.22
2017.37534    -25.38      3.14
2017.37808    -23.85      3.78
2017.38082    -23.40      3.44
2017.38356    -23.78      3.25
2017.38630    -22.81      3.09
2017.38904    -25.06      3.21
2017.39178    -23.52      3.32
2017.39452    -26.84      4.22
2017.39726    -22.21      3.87
2017.40000    -22.87      2.93
2017.40274    -21.52      2.95
2017.40548    -22.27      3.87
2017.40822    -22.76      3.84
2017.41096    -23.15      4.52
2017.41370    -25.08      3.97
2017.41644    -24.37      4.80
2017.41918    -25.34      3.92
2017.42192    -27.37      4.13
2017.42466    -26.30      4.40
2017.42740    -28.13      3.40
2017.43014    -28.58      3.34
2017.43562    -25.77      4.32
2017.43836    -28.65      3.76
2017.44110    -27.51      3.45
2017.44384    -32.31      3.21
2017.44658    -27.86      4.21
2017.44932    -29.02      4.04
2017.45205    -30.59      4.38
2017.45479    -26.24      4.60
2017.45753    -27.67      5.11
2017.46301    -26.25      4.60
2017.46575    -26.84      3.98
2017.46849    -28.38      4.27
2017.47123    -27.52      3.59
2017.47397    -28.00      3.41
2017.47671    -26.76      3.64
2017.47945    -29.05      4.25
2017.48219    -28.17      3.49
2017.48493    -28.59      3.29
2017.48767    -26.44      3.53
2017.49041    -28.84      3.84
2017.49315    -28.68      3.79
2017.49589    -28.30      3.85
2017.49863    -27.52      3.53
2017.50137    -31.62      6.01
2017.50411    -31.20      4.06
2017.50685    -32.02      3.98
2017.50959    -30.26      3.80
2017.51233    -29.86      3.94
2017.51507    -30.13      3.81
2017.51781    -29.06      4.05
2017.52055    -28.20      3.70
2017.52603    -27.85      4.34
2017.52877    -30.25      3.95
2017.53151    -27.79      4.06
2017.53425    -28.10      4.21
2017.53699    -27.37      4.31
2017.53973    -28.83      4.24
2017.54247    -28.55      3.16
2017.54521    -29.67      3.52
2017.54795    -28.88      3.54
2017.55068    -28.41      3.31
2017.55616    -27.44      3.40
2017.55890    -28.97      3.56
2017.56164    -28.48      4.10
2017.56438    -29.76      4.04
2017.56712    -27.44      4.70
2017.56986    -28.65      3.93
2017.57260    -28.23      3.93
2017.57534    -25.49      4.97
2017.57808    -28.94      5.40
2017.58082    -29.98      5.21
2017.58630    -30.71      3.80
2017.58904    -30.25      4.07
2017.59178    -29.15      3.88
2017.59452    -31.84      3.77
2017.59726    -32.17      3.80
2017.60000    -32.93      4.01
2017.60274    -34.99      3.94
2017.60548    -30.74      4.13
2017.60822    -32.00      4.19
2017.61096    -26.21      3.89
2017.61370    -31.90      3.61
2017.61644    -27.09      3.39
2017.61918    -27.54      3.41
2017.62192    -32.44      3.68
2017.62466    -27.85      3.74
2017.62740    -27.68      3.53
2017.63014    -29.05      4.04
2017.63288    -29.14      4.39
2017.63562    -28.37      4.09
2017.63836    -27.71      4.74
2017.64110    -31.67      4.59
2017.64384    -28.36      3.37
2017.64658    -28.46      3.44
2017.64932    -30.50      3.68
2017.65205    -29.99      4.08
2017.65479    -29.47      3.53
2017.65753    -30.55      3.85
2017.66027    -32.52      4.18
2017.66301    -29.44      4.20
2017.66575    -32.44      4.08
2017.66849    -28.57      4.85
2017.67123    -30.24      3.81
2017.67397    -28.43      4.26
2017.67945    -27.61      3.76
2017.68219    -31.44      3.48
2017.68493    -28.17      3.80
2017.68767    -30.36      3.49
2017.69041    -29.63      3.25
2017.69315    -32.09      3.60
2017.69589    -32.93      3.89
2017.70137    -29.78      4.27
2017.70411    -30.04      3.77
2017.70685    -30.40      3.15
2017.70959    -30.03      3.63
2017.71233    -31.50      3.64
2017.71507    -26.98      3.55
2017.71781    -29.25      4.12
2017.72055    -29.38      3.30
2017.72329    -30.44      3.26
2017.72603    -25.97      3.94
2017.72877    -26.66      3.33
2017.73151    -29.00      3.41
2017.73425    -29.20      3.87
2017.73699    -28.52      3.44
2017.73973    -27.56      3.26
2017.74247    -29.70      3.72
2017.74521    -27.85      4.64
2017.74795    -23.91      3.52
2017.75068    -31.52      3.52
2017.75342    -29.41      3.94
2017.75616    -25.70      4.13
2017.75890    -27.97      4.39
2017.76164    -29.37      3.52
2017.76438    -32.15      3.95
2017.76712    -25.50      4.08
2017.76986    -26.15      5.10
2017.77260    -21.92      4.71
2017.77808    -28.20      4.18
2017.78082    -25.88      4.48
2017.78630    -29.37      4.25
2017.78904    -29.25      4.70
2017.79178    -27.28      4.40
2017.79452    -23.03      4.11
2017.79726    -26.88      3.48
2017.80000    -23.40      3.79
2017.80274    -25.72      3.02
2017.80548    -24.18      3.00
2017.80822    -25.56      3.07
2017.81096    -24.46      3.10
2017.81370    -24.11      3.08
2017.81644    -26.77      3.26
2017.81918    -22.66      3.22
2017.82192    -26.76      3.10
2017.82466    -26.82      3.12
2017.82740    -26.44      3.26
2017.83014    -21.33      3.46
2017.83288    -23.18      3.10
2017.83562    -23.34      3.20
2017.83836    -22.55      3.43
2017.84110    -24.24      3.45
2017.84384    -23.67      3.19
2017.84658    -24.90      3.01
2017.84932    -25.28      3.29
2017.85205    -24.70      3.64
2017.85479    -23.69      3.50
2017.85753    -23.00      3.05
2017.86301    -26.99      3.38
2017.86575    -25.35      2.95
2017.86849    -24.85      2.96
2017.87123    -26.62      3.36
2017.87397    -25.14      3.24
2017.87671    -28.52      3.17
2017.87945    -25.75      3.10
2017.88219    -25.67      3.42
2017.88493    -26.91      2.94
2017.88767    -25.13      2.99
2017.89041    -24.93      3.13
2017.89315    -24.22      3.11
2017.89589    -25.19      3.24
2017.89863    -25.17      3.05
2017.90137    -24.14      3.04
2017.90411    -21.78      3.01
2017.90685    -26.79      3.25
2017.90959    -24.24      2.88
2017.91233    -23.38      3.13
2017.91507    -24.06      3.19
2017.91781    -26.98      3.54
2017.92055    -22.58      3.31
2017.92329    -24.13      3.16
2017.92603    -24.62      3.09
2017.92877    -22.08      2.94
2017.93151    -26.04      3.14
2017.93425    -21.72      3.14
2017.93699    -25.08      2.87
2017.93973    -23.47      3.05
2017.94247    -22.66      2.94
2017.94521    -22.03      2.90
2017.94795    -23.78      3.00
2017.95342    -21.92      2.98
2017.95616    -23.46      2.96
2017.95890    -21.55      3.21
2017.96164    -21.58      3.35
2017.96438    -24.57      3.27
2017.96712    -24.16      3.55
2017.96986    -22.96      3.56
2017.97260    -22.59      3.05
2017.97534    -24.93      2.92
2017.97808    -25.15      3.03
2017.98082    -26.44      3.08
2017.98356    -24.39      2.83
2017.98630    -26.77      2.91
2017.98904    -23.21      2.89
2017.99178    -25.08      3.11
2017.99452    -22.31      2.98
2017.99726    -23.46      3.01
2018.00000    -24.76      2.93
2018.00274    -24.60      3.09
2018.00548    -23.39      2.95
2018.00822    -23.21      2.94
2018.01096    -22.74      3.26
2018.01370    -24.03      3.11
2018.01644    -22.92      3.03
2018.01918    -23.88      2.87
2018.02192    -23.25      3.26
2018.02466    -27.61      3.28
2018.02740    -22.19      2.92
2018.03014    -20.49      3.06
2018.03288    -22.78      2.87
2018.03562    -23.84      2.86
2018.03836    -21.83      3.26
2018.04110    -23.29      3.05
2018.04384    -20.67      3.09
2018.04658    -24.05      3.15
2018.04932    -23.00      3.20
2018.05205    -22.22      3.28
2018.05479    -23.58      3.00
2018.05753    -25.32      3.36
2018.06027    -22.08      3.21
2018.06301    -23.17      3.04
2018.06575    -21.28      3.05
2018.06849    -21.46      3.26
2018.07123    -21.44      3.14
2018.07397    -23.29      3.26
2018.07671    -20.06      3.72
2018.07945    -21.79      2.97
2018.08219    -22.19      3.28
2018.08493    -23.32      2.95
2018.08767    -20.55      2.93
2018.09041    -23.16      2.99
2018.09315    -20.17      2.77
2018.09589    -21.93      2.75
2018.09863    -22.65      3.01
2018.10137    -23.01      3.08
2018.10411    -24.88      3.08
2018.10685    -22.96      2.96
2018.10959    -26.09      3.02
2018.11233    -24.34      3.03
2018.11507    -22.59      2.81
2018.11781    -23.25      2.84
2018.12055    -22.51      2.97
2018.12329    -25.21      2.95
2018.12603    -25.10      3.14
2018.12877    -24.35      3.78
2018.13151    -23.88      3.05
2018.13425    -26.47      3.12
2018.13699    -23.20      2.99
2018.13973    -23.28      3.29
2018.14247    -22.55      3.18
2018.14521    -24.41      3.30
2018.14795    -23.69      3.18
2018.15068    -25.45      3.28
2018.15342    -23.70      3.28
2018.15616    -24.16      3.09
2018.15890    -25.31      3.64
2018.16164    -27.95      3.58
