2012.00000     -8.74      3.00
2012.00273     -6.95      2.99
2012.00546     -7.67      2.93
2012.00820     -7.21      2.88
2012.01093     -7.97      2.92
2012.01366     -7.54      2.90
2012.01639     -6.53      2.98
2012.01913     -9.29      2.94
2012.02186     -9.71      3.14
2012.02459     -9.33      2.97
2012.02732     -9.15      3.09
2012.03005     -7.95      3.34
2012.03279     -7.98      2.89
2012.03552     -9.69      2.91
2012.03825     -9.32      2.84
2012.04098     -7.76      3.08
2012.04372     -9.69      3.29
2012.04645    -10.60      3.06
2012.04918    -10.38      2.98
2012.05191    -10.94      3.03
2012.05464    -10.10      3.10
2012.05738     -9.02      3.04
2012.06011     -9.27      3.12
2012.06284    -13.08      3.05
2012.06557    -10.21      2.96
2012.06831    -11.12      2.94
2012.07104     -9.93      2.89
2012.07377    -11.62      3.07
2012.07650    -11.46      2.98
2012.07923     -7.86      3.07
2012.08197     -9.58      3.19
2012.08470    -10.04      2.94
2012.08743    -10.94      3.00
2012.09016    -11.51      3.01
2012.09290    -11.78      2.96
2012.09563     -8.62      3.17
2012.09836     -8.96      3.60
2012.10109     -7.97      4.15
2012.10383     -9.01      3.51
2012.10656     -9.17      2.91
2012.10929     -7.90      2.87
2012.11202     -9.23      2.98
2012.11475     -7.13      2.99
2012.11749     -8.93      3.05
2012.12022     -8.71      3.27
2012.12295     -5.18      3.32
2012.12568    -10.36      3.96
2012.12842     -8.51      3.05
2012.13115    -11.88      3.04
2012.13388    -11.79      3.25
2012.13661     -9.50      3.31
2012.13934     -8.19      3.32
2012.14208     -8.19      3.77
2012.14481     -9.09      3.67
2012.14754     -8.44      3.48
2012.15027     -9.44      3.68
2012.15301    -10.23      3.39
2012.15574    -10.38      3.19
2012.15847    -12.40      3.03
2012.16120    -12.15      3.45
2012.16393    -10.83      3.16
2012.16667    -13.26      3.28
2012.16940    -12.94      3.40
2012.17213    -12.47      3.31
2012.17486    -11.15      3.48
2012.17760    -10.29      3.65
2012.18033    -13.04      3.48
2012.18306    -13.41      3.49
2012.18579    -11.11      3.66
2012.18852    -10.04      3.58
2012.19126     -9.58      3.48
2012.19399    -10.62      3.61
2012.19672    -11.87      3.94
2012.19945    -12.28      3.58
2012.20219    -12.38      3.54
2012.20492    -14.70      3.56
2012.20765    -13.41      3.76
2012.21038    -10.75      3.72
2012.21311    -13.04      3.40
2012.21585    -15.54      3.45
2012.21858    -12.39      3.49
2012.22131    -15.32      3.41
2012.22404    -12.02      3.52
2012.22678    -11.45      3.81
2012.22951    -13.83      3.41
2012.23224    -15.05      3.40
2012.23497    -14.24      3.60
2012.23770    -14.60      3.50
2012.24044    -10.44      4.48
2012.24317    -11.41      3.42
2012.24590    -13.38      3.36
2012.24863    -12.05      3.35
2012.25137    -16.51      3.53
2012.25410    -12.61      3.64
2012.25683    -15.11      3.45
2012.25956    -11.34      3.35
2012.26230    -12.63      3.22
2012.26503    -12.60      3.86
2012.26776    -14.29      3.47
2012.27049    -12.97      3.30
2012.27322    -14.42      3.56
2012.27596    -11.65      3.36
2012.27869    -12.97      3.34
2012.28142    -12.18      3.47
2012.28415    -14.92      3.52
2012.28689    -13.37      3.20
2012.28962    -13.84      3.17
2012.29235    -10.00      3.92
2012.29508    -11.16      3.71
2012.29781    -12.85      3.30
2012.30055    -10.87      3.41
2012.30328    -11.44      3.95
2012.30601     -9.97      3.63
2012.30874     -9.73      3.53
2012.31148     -8.52      4.15
2012.31421     -9.63      3.40
2012.31694    -11.68      6.59
2012.31967    -11.82      3.82
2012.32240     -9.03      4.30
2012.32514    -11.44      3.88
2012.32787     -8.96      5.02
2012.33060     -7.21      4.25
2012.33333    -11.31      3.80
2012.33607    -12.14      5.48
2012.33880     -6.75      4.11
2012.34153    -10.06      4.16
2012.34426     -9.44      3.35
2012.34699     -9.66      3.01
2012.34973    -11.17      3.45
2012.35246     -8.97      3.39
2012.35519    -11.16      3.52
2012.35792    -13.47      4.50
2012.36066    -12.31      3.28
2012.36339     -8.97      3.35
2012.36612     -8.90      3.35
2012.36885    -10.90      3.43
2012.37158    -10.23      3.41
2012.37432    -10.72      3.53
2012.37705    -13.70      3.87
2012.37978    -10.62      3.28
2012.38251    -10.97      4.79
2012.38525    -10.01      3.73
2012.38798     -9.02      3.65
2012.39071    -12.89      3.38
2012.39344     -9.06      3.57
2012.39617    -10.17      3.40
2012.39891     -9.41      3.31
2012.40164     -9.13      3.86
2012.40437    -14.41      4.14
2012.40710     -9.77      3.44
2012.40984    -12.52      4.53
2012.41257     -7.01      3.88
2012.41530    -13.36      3.61
2012.41803    -11.38      3.15
2012.42077     -8.51      3.21
2012.42350     -9.74      3.46
2012.42623    -14.25      3.31
2012.42896    -12.06      3.42
2012.43169    -11.00      3.44
2012.43443    -10.27      3.85
2012.43716    -11.17      4.73
2012.53005    -10.43      6.14
2012.53279    -12.33      3.88
2012.53552    -14.60      4.40
2012.53825    -15.74      4.25
2012.54098    -11.87      3.58
2012.54372    -12.05      3.87
2012.54645    -15.01      3.61
2012.54918    -11.63      4.10
2012.55191    -14.50      3.72
2012.55464    -17.51      3.95
2012.55738    -12.56      3.79
2012.56011    -13.80      3.58
2012.56284    -13.89      3.82
2012.56557    -10.35      3.86
2012.56831    -10.25      3.53
2012.57104     -9.99      3.68
2012.57377    -13.57      3.44
2012.57650    -11.95      4.04
2012.57923    -11.86      3.49
2012.58197    -14.17      3.77
2012.58470    -11.76      3.95
2012.58743    -12.02      4.11
2012.59016    -11.68      4.87
2012.59563    -11.12      4.50
2012.59836    -13.82      4.85
2012.60109    -14.37      6.45
2012.60929    -12.10      5.11
2012.61202    -12.96      4.05
2012.61475    -12.76      3.74
2012.61749    -10.41      3.69
2012.62022    -14.52      3.81
2012.62295    -14.01      3.95
2012.62568    -16.05      3.64
2012.62842    -12.95      3.66
2012.63115    -11.81      4.01
2012.63388     -6.78      4.30
2012.63661    -13.60      3.91
2012.63934    -11.92      4.59
2012.64208     -9.35      4.05
2012.64481    -11.27      4.40
2012.64754     -9.04      4.59
2012.65027    -12.15      4.08
2012.65301    -11.60      4.01
2012.65574    -14.79      4.75
2012.65847    -15.93      4.61
2012.66120    -14.30      4.65
2012.66393     -8.76      4.77
2012.66667     -8.98      4.48
2012.66940    -15.74      4.30
2012.67213    -13.71      4.06
2012.67486    -15.59      3.98
2012.67760    -12.56      3.67
2012.68033    -12.00      3.86
2012.68306    -14.28      3.78
2012.68579    -12.02      3.92
2012.68852    -10.41      4.33
2012.69126    -16.33      4.17
2012.69399    -14.15      4.31
2012.69672    -12.44      3.86
2012.69945    -12.28      3.85
2012.70219    -16.73      5.23
2012.70492    -18.00      4.28
2012.70765    -16.47      3.31
2012.71038    -16.50      3.41
2012.71311    -17.13      3.39
2012.71585    -17.66      3.71
2012.71858    -14.83      3.54
2012.72131    -18.06      3.60
2012.72404    -13.83      3.64
2012.72678    -15.59      3.51
2012.73224    -17.55      3.90
2012.73497    -15.00      3.91
2012.73770    -16.97      4.34
2012.74044    -14.79      4.21
2012.74317    -15.82      4.08
2012.74590    -15.53      3.79
2012.74863    -16.49      3.55
2012.75137    -16.17      3.66
2012.75410    -13.82      3.91
2012.75683    -13.51      3.94
2012.75956    -13.73      3.61
2012.76230    -14.17      3.38
2012.76503    -19.90      3.63
2012.76776    -15.57      3.48
2012.77049    -15.76      3.24
2012.77322    -17.25      3.16
2012.77596    -18.42      3.41
2012.77869    -16.32      3.44
2012.78142    -15.74      3.47
2012.78415    -17.15      3.17
2012.78689    -18.73      3.17
2012.78962    -17.68      3.21
2012.79235    -15.52      3.39
2012.79508    -14.53      3.62
2012.79781    -15.79      3.69
2012.80055    -17.26      3.41
2012.80328    -17.81      3.36
2012.80601    -15.43      3.48
2012.80874    -15.30      3.30
2012.81148    -16.37      3.44
2012.81421    -17.14      3.30
2012.81694    -16.69      3.63
2012.81967    -14.00      3.97
2012.82240    -11.69      4.39
2012.82514    -16.96      3.30
2012.82787    -16.18      3.92
2012.83060    -17.74      3.38
2012.83333    -16.65      3.56
2012.83607    -16.93      4.24
2012.83880    -17.90      4.25
2012.84153    -17.32      4.45
2012.84426    -15.89      4.26
2012.84699    -16.75      3.65
2012.84973    -15.14      3.54
2012.85246    -15.24      3.59
2012.85519    -16.05      3.42
2012.85792    -17.43      3.46
2012.86066    -15.74      3.87
2012.86339    -15.99      3.86
2012.86612    -14.75      3.55
2012.86885    -17.06      3.62
2012.87158    -18.15      3.56
2012.87432    -19.05      3.69
2012.87705    -16.25      4.06
2012.87978    -19.73      3.80
2012.88251    -17.36      3.97
2012.88525    -16.46      3.87
2012.88798    -16.10      3.69
2012.89071    -16.51      4.17
2012.89344    -20.31      4.05
2012.89617    -19.37      4.09
2012.89891    -18.59      3.09
2012.90164    -19.25      3.33
2012.90437    -14.34      3.38
2012.90710    -18.08      3.22
2012.90984    -18.59      3.45
2012.91257    -17.21      3.18
2012.91530    -17.37      3.24
2012.91803    -18.44      4.04
2012.92077    -18.31      3.77
2012.92350    -16.34      3.79
2012.92623    -17.76      3.43
2012.92896    -19.25      4.19
2012.93169    -19.12      3.75
2012.93443    -16.47      3.56
2012.93716    -16.87      3.73
2012.93989    -14.35      3.69
2012.94262    -17.24      3.33
2012.94536    -15.31      3.26
2012.94809    -15.47      3.38
2012.95082    -15.25      3.44
2012.95355    -16.24      3.00
2012.95628    -15.19      3.29
2012.95902    -17.00      3.23
2012.96175    -15.65      3.17
2012.96448    -18.72      3.07
2012.96721    -16.93      2.98
2012.96995    -17.83      2.95
2012.97268    -16.02      2.99
2012.97541    -16.92      3.12
2012.97814    -19.68      3.07
2012.98087    -19.15      2.96
2012.98361    -17.51      2.98
2012.98634    -16.87      3.00
2012.98907    -18.15      3.15
2012.99180    -15.90      3.12
2012.99454    -17.97      3.82
2012.99727    -16.39      3.19
2013.00000    -17.65      2.88
2013.00274    -20.01      3.25
2013.00548    -17.34      3.36
2013.00822    -18.04      3.18
2013.01096    -16.99      3.04
2013.01370    -20.21      3.27
2013.01644    -18.46      3.38
2013.01918    -19.90      3.37
2013.02192    -17.60      3.40
2013.02466    -17.85      3.08
2013.02740    -17.29      3.24
2013.03014    -17.54      3.23
2013.03288    -19.41      3.87
2013.03562    -15.54      3.57
2013.03836    -17.57      3.00
2013.04110    -19.58      2.88
2013.04384    -18.89      3.14
2013.04658    -18.95      2.92
2013.04932    -18.85      2.92
2013.05205    -18.32      2.96
2013.05479    -19.96      3.10
2013.05753    -19.21      2.82
2013.06027    -19.67      2.96
2013.06301    -19.46      3.05
2013.06575    -19.19      2.98
2013.06849    -19.02      3.00
2013.07123    -19.73      2.94
2013.07397    -19.34      3.03
2013.07671    -21.62      2.82
2013.07945    -21.28      2.89
2013.08219    -20.83      3.27
2013.08493    -21.42      3.18
2013.08767    -19.15      3.64
2013.09041    -19.60      3.49
2013.09315    -20.30      3.13
2013.09589    -21.25      3.19
2013.09863    -23.39      3.56
2013.10137    -20.54      3.28
2013.10411    -20.03      3.14
2013.10685    -21.08      3.03
2013.10959    -22.99      3.19
2013.11233    -19.61      3.26
2013.11507    -20.77      3.09
2013.11781    -21.00      3.12
2013.12055    -20.93      3.46
2013.12329    -22.11      3.25
2013.12603    -21.77      3.53
2013.12877    -21.11      3.09
2013.13151    -20.01      3.22
2013.13425    -21.51      3.33
2013.13699    -22.13      3.36
2013.13973    -25.29      3.89
2013.14247    -20.42      3.41
2013.14521    -20.48      3.86
2013.14795    -21.16      3.38
2013.15342    -20.71      3.32
2013.15616    -22.95      3.34
2013.15890    -21.20      3.25
2013.16164    -22.61      3.22
2013.16438    -21.73      3.77
2013.16712    -23.04      3.38
2013.16986    -22.23      3.27
2013.17260    -21.61      3.25
2013.17534    -23.08      3.97
2013.17808    -23.48      3.63
2013.18082    -21.25      4.00
2013.18356    -24.67      3.36
2013.18630    -20.92      3.66
2013.18904    -24.60      3.99
2013.19178    -25.14      3.80
2013.19452    -23.43      3.73
2013.19726    -22.85      4.08
2013.20000    -22.96      3.55
2013.20274    -22.55      3.51
2013.20548    -23.03      3.66
2013.20822    -21.49      4.08
2013.21096    -24.21      3.63
2013.21370    -23.05      3.74
2013.21644    -26.47      4.14
2013.21918    -26.53      3.98
2013.22192    -24.42      3.74
2013.22466    -25.81      4.02
2013.22740    -22.74      4.60
2013.23014    -24.21      3.50
2013.23288    -26.08      4.02
2013.23562    -25.40      3.54
2013.23836    -24.89      4.09
2013.24110    -24.93      3.91
2013.24384    -23.53      3.51
2013.24658    -22.13      3.54
2013.24932    -23.89      3.62
2013.25205    -27.25      3.78
2013.25479    -27.28      4.41
2013.25753    -20.30      4.28
2013.26027    -24.82      5.75
2013.26301    -22.06      4.06
2013.26575    -24.07      3.67
2013.26849    -24.58      3.60
2013.27123    -22.88      4.28
2013.27397    -22.62      3.76
2013.27671    -21.41      3.81
2013.27945    -25.14      4.12
2013.28219    -23.23      3.77
2013.28493    -21.09      3.76
2013.28767    -24.38      3.84
2013.29041    -20.26      3.96
2013.29315    -22.10      4.16
2013.29589    -22.63      4.05
2013.29863    -23.66      4.06
2013.30137    -22.88      4.14
2013.30411    -24.48      3.54
2013.30685    -23.91      3.58
2013.31233    -22.12      3.65
2013.31507    -21.65      4.00
2013.31781    -22.47      3.81
2013.32055    -22.52      4.37
2013.32329    -21.28      3.96
2013.32603    -21.00      3.51
2013.32877    -24.09      4.25
2013.33151    -21.25      4.04
2013.33425    -21.54      4.25
2013.33699    -21.44      4.10
2013.33973    -22.48      3.83
2013.34247    -21.76      4.44
2013.34521    -22.92      5.27
2013.34795    -23.15      4.05
2013.35068    -23.50      3.90
2013.35342    -22.32      4.03
2013.35616    -25.05      4.84
2013.35890    -25.37      4.19
2013.36164    -25.17      4.20
2013.36438    -20.90      4.60
2013.36712    -19.50      4.93
2013.36986    -24.05      5.30
2013.37260    -23.72      6.32
2013.37534    -16.85      4.93
2013.37808    -17.10      5.69
2013.38082    -23.97      5.35
2013.38356    -21.27      5.48
2013.38630    -21.63      4.05
2013.38904    -23.72      4.65
2013.39178    -17.94      4.47
2013.39452    -21.81      4.50
2013.39726    -21.23      4.43
2013.40000    -22.48      4.02
2013.40274    -19.84      4.22
2013.40548    -22.77      3.96
2013.40822    -19.43      4.05
2013.41096    -25.14      4.86
2013.41370    -27.15      4.58
2013.41644    -24.19      4.21
2013.41918    -23.91      4.17
2013.42192    -22.86      4.50
2013.42466    -22.17      4.12
2013.42740    -21.67      4.52
2013.43014    -23.52      4.51
2013.43288    -29.25      4.53
2013.43562    -23.76      4.86
2013.43836    -24.57      4.54
2013.44110    -26.69      4.32
2013.44384    -22.29      4.66
2013.44658    -22.42      5.42
2013.44932    -16.95      4.78
2013.45205    -23.74      4.11
2013.45479    -26.71      3.85
2013.45753    -25.38      4.47
2013.46027    -21.77      5.06
2013.46301    -24.09      4.58
2013.46575    -22.77      4.47
2013.46849    -25.07      4.38
2013.47123    -24.21      4.38
2013.47397    -24.18      4.10
2013.47671    -19.86      5.04
2013.47945    -23.06      4.21
2013.48219    -19.74      4.31
2013.48493    -24.79      4.10
2013.48767    -22.57      3.68
2013.49041    -22.16      3.73
2013.49315    -19.21      4.63
2013.49589    -22.37      4.28
2013.49863    -21.49      4.02
2013.50137    -24.88      4.45
2013.50411    -20.95      4.71
2013.50685    -22.84      4.28
2013.50959    -25.35      5.13
2013.51233    -18.73      4.30
2013.51507    -25.18      4.53
2013.51781    -26.15      4.31
2013.52055    -23.83      4.49
2013.52329    -21.60      4.53
2013.52603    -24.74      4.05
2013.52877    -24.08      4.76
2013.53151    -24.99      7.42
2013.53425    -20.02      4.16
2013.53699    -21.63      3.97
2013.53973    -21.86      4.50
2013.54247    -22.50      4.41
2013.54521    -20.33      3.88
2013.54795    -21.78      3.80
2013.55616    -22.77      4.49
2013.55890    -25.25      4.30
2013.56164    -18.78      5.09
2013.56438    -26.03      4.94
2013.56712    -26.62      4.34
2013.56986    -23.80      4.60
2013.57260    -24.52      4.96
2013.57534    -19.76      4.54
2013.57808    -20.44      4.09
2013.58082    -22.37      4.68
2013.58356    -20.54      3.93
2013.58630    -23.29      3.90
2013.58904    -25.32      4.58
2013.59178    -28.10      4.45
2013.59452    -23.78      4.40
2013.59726    -22.80      4.11
2013.60000    -25.45      4.29
2013.60274    -26.39      3.67
2013.60548    -23.78      4.79
2013.60822    -17.27      5.29
2013.61096    -26.01      4.40
2013.61370    -21.67      4.17
2013.61644    -22.45      4.07
2013.61918    -21.98      3.85
2013.62192    -21.50      4.43
2013.62466    -24.62      4.70
2013.62740    -19.05      4.97
2013.63014    -25.17      4.34
2013.63288    -28.98      5.06
2013.63562    -22.67      4.73
2013.63836    -24.70      5.46
2013.64110    -21.69      6.15
2013.64384    -20.31      4.64
2013.64658    -19.36      4.96
2013.64932    -21.30      5.23
2013.65479    -25.16      4.75
2013.65753    -21.53      5.13
2013.66027    -22.25      7.13
2013.66301    -22.81      5.75
2013.66575    -26.02      5.13
2013.66849    -25.05      5.01
2013.67123    -22.80      4.12
2013.67671    -27.35      4.24
2013.68219    -25.99      3.59
2013.68493    -23.01      3.65
2013.68767    -25.25      3.92
2013.69041    -24.21      4.63
2013.69315    -23.30      4.30
2013.69589    -23.05      4.37
2013.69863    -24.17      4.05
2013.70137    -21.06      4.43
2013.70411    -25.27      4.04
2013.70685    -25.09      4.94
2013.70959    -28.93      4.74
2013.71233    -25.45      4.60
2013.71507    -24.95      4.42
2013.71781    -29.88      4.35
2013.72055    -21.51      4.25
2013.72329    -22.35      5.11
2013.72603    -24.49      4.26
2013.72877    -23.45      4.73
2013.73151    -24.82      4.22
2013.73425    -23.54      4.60
2013.73699    -26.06      4.22
2013.73973    -24.54      3.87
2013.74247    -22.30      3.65
2013.74521    -24.78      4.14
2013.74795    -28.24      4.12
2013.75068    -25.28      3.98
2013.75342    -23.08      4.16
2013.75616    -28.98      3.86
2013.75890    -24.67      3.94
2013.76164    -25.41      3.97
2013.76438    -24.14      3.93
2013.76712    -23.97      3.55
2013.76986    -25.30      3.78
2013.77260    -23.61      4.03
2013.77534    -18.42      5.14
2013.77808    -23.19      4.46
2013.78082    -23.51      4.32
2013.78356    -24.57      4.43
2013.78630    -24.37      4.10
2013.78904    -21.97      3.98
2013.79178    -25.04      3.65
2013.79452    -21.97      3.54
2013.79726    -18.46      6.32
2013.80000    -21.37      3.68
2013.80274    -24.89      3.50
2013.80548    -21.32      3.51
2013.80822    -25.03      3.74
2013.81096    -21.42      3.66
2013.81370    -23.35      3.46
2013.81644    -22.39      3.88
2013.81918    -24.15      3.61
2013.82192    -25.16      3.71
2013.82466    -22.90      3.66
2013.82740    -22.71      3.53
2013.83014    -24.99      3.77
2013.83288    -23.20      4.21
2013.83562    -26.18      4.16
2013.83836    -23.37      4.21
2013.84110    -23.40      3.96
2013.84384    -22.18      3.90
2013.84658    -23.24      3.57
2013.84932    -24.43      3.39
2013.85205    -25.53      3.51
2013.85479    -22.26      3.88
2013.85753    -23.06      3.79
2013.86027    -23.37      3.65
2013.86301    -25.72      3.60
2013.86575    -23.80      3.63
2013.86849    -22.07      3.54
2013.87123    -21.35      3.68
2013.87397    -25.90      3.40
2013.87671    -23.77      3.62
2013.87945    -22.10      3.49
2013.88219    -23.61      3.44
2013.88493    -24.01      3.42
2013.88767    -23.36      3.51
2013.89041    -25.24      3.40
2013.89315    -23.85      3.40
2013.89589    -25.67      3.48
2013.89863    -26.21      4.04
2013.90137    -27.95      3.43
2013.90411    -25.28      3.57
2013.90685    -26.85      3.50
2013.90959    -26.95      3.43
2013.91233    -28.72      3.24
2013.91507    -27.01      3.38
2013.91781    -28.16      3.32
2013.92055    -24.67      3.18
2013.92329    -26.66      3.01
2013.92603    -26.14      3.15
2013.92877    -27.21      3.22
2013.93151    -27.26      3.19
2013.93425    -26.16      3.13
2013.93699    -27.03      3.78
2013.93973    -26.51      3.45
2013.94247    -28.94      3.31
2013.94521    -25.87      3.55
2013.94795    -30.70      3.28
2013.95068    -25.22      3.46
2013.95342    -27.52      3.57
2013.95616    -26.82      3.67
2013.95890    -28.63      3.95
2013.96164    -29.40      3.78
2013.96438    -28.62      3.54
2013.96712    -27.90      3.60
2013.96986    -27.79      4.13
2013.97260    -23.54      3.23
2013.97534    -30.10      3.35
2013.97808    -25.95      3.26
2013.98082    -29.64      3.43
2013.98356    -30.06      3.38
2013.98630    -29.46      3.27
2013.98904    -27.98      6.96
2013.99726    -27.99      3.46
2014.00000    -26.26      3.37
2014.00274    -27.61      3.38
2014.00548    -26.74      3.55
2014.00822    -25.90      3.41
2014.01096    -26.12      3.53
2014.01370    -28.37      3.38
2014.01644    -28.55      3.18
2014.01918    -27.21      3.33
2014.02192    -26.95      3.49
2014.02466    -28.29      3.42
2014.02740    -28.86      3.45
2014.03014    -28.83      3.36
2014.03288    -28.72      3.30
2014.03562    -28.53      3.18
2014.03836    -32.08      3.44
2014.04110    -29.70      3.26
2014.04384    -30.99      3.34
2014.04658    -27.70      3.33
2014.04932    -29.14      3.32
2014.05205    -26.46      3.22
2014.05479    -27.01      3.63
2014.05753    -30.98      3.43
2014.06027    -29.31      3.81
2014.06301    -32.78      3.58
2014.06575    -29.27      3.45
2014.06849    -29.66      3.70
2014.07123    -29.21      3.62
2014.07397    -32.18      4.01
2014.07671    -28.46      3.79
2014.07945    -29.91      4.85
2014.08219    -26.40      3.92
2014.08493    -28.00      3.69
2014.08767    -26.82      3.92
2014.09041    -25.93      4.40
2014.09315    -28.43      4.09
2014.09589    -30.09      3.88
2014.09863    -26.06      3.91
2014.10137    -29.83      4.22
2014.10411    -27.52      3.67
2014.10685    -26.13      3.65
2014.10959    -28.13      3.76
2014.11233    -26.00      3.97
2014.11507    -25.31      3.42
2014.11781    -27.20      3.50
2014.12055    -27.21      3.70
2014.12329    -27.37      3.66
2014.12603    -27.63      3.54
2014.12877    -27.11      3.51
2014.13151    -25.88      3.61
2014.13425    -28.25      3.93
2014.13699    -26.80      3.52
2014.13973    -25.99      3.52
2014.14247    -27.96      3.47
2014.14521    -27.50      3.52
2014.14795    -24.86      3.60
2014.15068    -26.08      3.66
2014.15342    -26.28      3.67
2014.15616    -25.94      3.73
2014.15890    -27.65      3.93
2014.16164    -25.45      4.09
2014.16438    -24.64      3.83
2014.16712    -29.15      3.33
2014.16986    -22.88      3.71
2014.17260    -25.33      3.57
2014.17534    -31.36      4.17
2014.17808    -28.62      3.86
2014.18082    -30.23      4.09
2014.18356    -25.83      4.13
2014.18630    -26.25      3.99
2014.18904    -28.68      3.72
2014.19178    -26.21      3.81
2014.19452    -28.12      4.53
2014.19726    -29.56      4.09
2014.20000    -30.70      4.73
2014.20274    -26.30      3.81
2014.20548    -27.93      4.30
2014.20822    -28.86      3.75
2014.21096    -26.35      3.53
2014.21370    -26.32      3.75
2014.21644    -28.30      3.88
2014.21918    -27.38      3.57
2014.22192    -28.28      3.60
2014.22466    -28.88      3.29
2014.22740    -26.90      3.72
2014.23014    -24.71      3.76
2014.23288    -23.13      3.92
2014.23562    -25.24      3.85
2014.23836    -25.68      3.91
2014.24110    -23.90      4.60
2014.24384    -23.83      3.89
2014.24658    -26.55      5.26
2014.24932    -24.03      4.24
2014.25205    -21.96      3.86
2014.25479    -26.45      4.44
2014.25753    -25.46      4.41
2014.26027    -25.73      3.60
2014.26301    -26.73      3.77
2014.26575    -25.75      3.46
2014.26849    -25.20      3.90
2014.27123    -24.14      3.93
2014.27397    -22.18      4.84
2014.27671    -23.35      4.25
2014.27945    -23.08      3.99
2014.28219    -20.47      4.07
2014.28493    -22.55      3.91
2014.28767    -27.11      4.26
2014.29041    -23.19      3.87
2014.29315    -23.67      4.04
2014.29589    -28.04      4.01
2014.29863    -24.76      4.05
2014.30137    -22.39      3.73
2014.30411    -25.16      3.68
2014.30685    -24.86      3.80
2014.30959    -27.94      4.12
2014.31233    -23.93      3.98
2014.31507    -21.85      3.80
2014.31781    -23.25      4.32
2014.32055    -19.34      4.33
2014.32329    -27.65      3.85
2014.32603    -25.28      3.84
2014.32877    -23.70      4.55
2014.33151    -23.75      4.23
2014.33425    -23.20      3.74
2014.33699    -23.35      3.94
2014.33973    -24.18      3.73
2014.34247    -26.33      3.79
2014.34521    -24.41      3.79
2014.34795    -22.53      3.81
2014.35068    -22.42      3.83
2014.35342    -25.67      3.89
2014.35616    -21.87      3.85
2014.35890    -23.61      3.98
2014.36164    -25.45      4.19
2014.36438    -24.47      4.83
2014.36712    -22.10      4.44
2014.36986    -26.11      4.97
2014.37260    -22.64      4.68
2014.37534    -21.14      4.51
2014.37808    -22.38      5.69
2014.38082    -24.06      5.38
2014.38356    -18.51      5.66
2014.38630    -29.11      4.55
2014.38904    -24.85      4.19
2014.39178    -24.87      4.56
2014.39452    -18.68      4.33
2014.39726    -23.24      4.30
2014.40000    -20.17      4.81
2014.40274    -19.00      4.92
2014.40548    -20.21      4.82
2014.40822    -20.53      4.51
2014.41096    -20.79      4.28
2014.41370    -24.73      4.02
2014.41644    -26.26      4.41
2014.41918    -22.66      4.62
2014.42192    -22.40      4.75
2014.42466    -19.76      5.02
2014.42740    -25.02      4.43
2014.43014    -24.19      3.88
2014.43288    -22.30      4.86
2014.43562    -24.75      5.15
2014.43836    -26.52      4.30
2014.44110    -25.00      3.92
2014.44384    -25.42      4.18
2014.44658    -26.40      4.15
2014.44932    -25.63      3.97
2014.45205    -25.83      3.94
2014.45479    -25.55      4.07
2014.45753    -23.84      4.21
2014.46027    -24.90      4.03
2014.46301    -26.54      3.84
2014.46575    -24.18      4.11
2014.46849    -23.45      4.21
2014.47123    -23.22      4.27
2014.47397    -22.88      4.51
2014.47671    -24.72      5.35
2014.47945    -23.85      4.36
2014.48219    -24.05      4.41
2014.48493    -28.12      4.08
2014.48767    -24.33      3.80
2014.49041    -23.60      5.36
2014.49315    -27.55      4.36
2014.49589    -27.92      4.23
2014.49863    -26.26      4.43
2014.50137    -23.17      3.98
2014.50411    -24.62      4.56
2014.50685    -23.19      4.61
2014.50959    -25.79      4.71
2014.51233    -21.55      4.32
2014.51507    -26.52      4.60
2014.51781    -28.84      4.59
2014.52055    -25.60      6.43
2014.52329    -24.14      4.47
2014.52603    -26.92      4.37
2014.52877    -23.77      4.10
2014.53151    -26.04      3.85
2014.53425    -26.00      4.15
2014.53699    -21.40      4.63
2014.53973    -23.82      4.77
2014.54247    -27.06      5.69
2014.54521    -19.42      5.36
2014.54795    -21.67      5.82
2014.55068    -24.27      4.91
2014.55342    -25.64      4.54
2014.55616    -22.20      5.19
2014.55890    -26.62      5.57
2014.56164    -24.20      5.23
2014.56438    -20.73      4.55
2014.56712    -22.37      5.12
2014.56986    -25.08      4.48
2014.57260    -27.24      5.97
2014.57534    -26.54      5.12
2014.57808    -25.27      4.76
2014.58082    -23.80      5.93
2014.58356    -24.03      5.17
2014.58630    -24.23      5.06
2014.58904    -30.59      6.11
2014.59178    -25.89      5.08
2014.59452    -28.63      5.20
2014.59726    -24.60      6.45
2014.60000    -33.11      9.17
2014.60274    -22.25      6.60
2014.60548    -29.45      6.93
2014.60822    -31.52      6.24
2014.61096    -28.46      5.16
2014.61370    -27.24      5.47
2014.61644    -23.38      5.83
2014.61918    -30.99      4.47
2014.62192    -30.46      4.47
2014.62466    -27.51      4.52
2014.62740    -26.27      4.55
2014.63014    -28.15      4.58
2014.63288    -30.77      4.76
2014.63562    -27.89      5.54
2014.63836    -25.94      4.95
2014.64110    -29.26      6.17
2014.64384    -30.36      4.83
2014.64658    -30.30      5.07
2014.64932    -31.71      5.61
2014.65205    -30.82      5.00
2014.65479    -30.23      5.25
2014.65753    -30.65      5.22
2014.66027    -29.54      4.40
2014.66301    -25.83      4.20
2014.66575    -27.44      4.58
2014.66849    -30.49      5.43
2014.67123    -30.88      4.69
2014.67397    -32.43      4.21
2014.67671    -26.91      4.81
2014.67945    -30.73      4.34
2014.68219    -27.58      6.67
2014.68493    -27.84      4.64
2014.68767    -22.17      5.09
2014.69041    -30.76      4.41
2014.69315    -27.25      5.23
2014.69589    -27.08      4.40
2014.69863    -28.71      5.05
2014.70137    -29.86      4.46
2014.70411    -27.75      5.06
2014.70685    -30.64      4.92
2014.70959    -29.11      4.46
2014.71233    -28.13      4.07
2014.71507    -25.17      4.64
2014.71781    -20.93      4.44
2014.72055    -22.55      5.41
2014.72329    -23.55      4.29
2014.72603    -21.40      4.53
2014.72877    -25.98      4.46
2014.73151    -23.65      4.24
2014.73425    -23.90      5.15
2014.73699    -24.11      3.80
2014.73973    -22.02      3.65
2014.74247    -24.22      4.21
2014.74521    -22.15      4.12
2014.74795    -22.97      5.37
2014.75068    -23.28      4.66
2014.75342    -28.97      4.69
2014.75616    -21.32      4.70
2014.75890    -22.04      4.82
2014.76164    -24.63      3.90
2014.76438    -20.91      3.87
2014.76712    -22.56      4.07
2014.76986    -26.04      3.73
2014.77260    -23.37      3.99
2014.77534    -23.63      3.96
2014.77808    -21.47      4.12
2014.78082    -25.87      4.41
2014.78356    -23.22      4.82
2014.78630    -25.30      4.73
2014.78904    -25.86      4.68
2014.79178    -23.20      4.42
2014.79452    -26.69      4.27
2014.79726    -21.53      4.05
2014.80000    -21.84      4.59
2014.80274    -27.96      4.44
2014.80548    -22.94      3.97
2014.80822    -22.70      4.06
2014.81096    -23.42      4.21
2014.81370    -22.76      3.99
2014.81644    -27.34      5.36
2014.81918    -25.07      4.88
2014.82192    -26.37      4.51
2014.82466    -23.31      4.22
2014.82740    -22.58      4.48
2014.83014    -21.72      4.40
2014.83288    -23.36      4.34
2014.83562    -19.47      4.19
2014.83836    -27.22      5.18
2014.84110    -19.72      4.55
2014.84384    -26.04      4.36
2014.84658    -26.26      4.19
2014.84932    -21.33      4.33
2014.85205    -20.94      4.89
2014.85479    -19.15      4.89
2014.85753    -19.03      3.99
2014.86027    -22.16      3.91
2014.86301    -23.07      4.26
2014.86575    -21.36      3.76
2014.86849    -22.10      3.60
2014.87123    -22.12      3.55
2014.87397    -24.66      3.55
2014.87671    -27.70      3.87
2014.87945    -22.05      3.98
2014.88219    -25.83      3.63
2014.88493    -19.30      3.60
2014.88767    -22.70      3.67
2014.89041    -22.77      3.94
2014.89315    -19.96      3.61
2014.89589    -23.26      3.65
2014.89863    -25.29      3.59
2014.90137    -20.67      3.67
2014.90411    -20.67      3.88
2014.90685    -21.48      4.08
2014.90959    -24.39      4.02
2014.91233    -24.82      4.19
2014.91507    -21.32      4.04
2014.91781    -24.00      3.69
2014.92055    -25.11      3.58
2014.92329    -23.79      3.65
2014.92603    -23.35      3.82
2014.92877    -27.55      3.71
2014.93151    -21.38      3.45
2014.93425    -24.60      3.67
2014.93699    -27.06      3.65
2014.93973    -23.77      3.60
2014.94247    -25.35      3.61
2014.94521    -25.67      3.55
2014.94795    -21.23      3.63
2014.95068    -23.64      3.41
2014.95342    -21.86      3.08
2014.95616    -22.67      3.38
2014.95890    -23.83      3.55
2014.96164    -21.63      3.62
2014.96438    -21.31      3.71
2014.96712    -23.29      4.14
2014.96986    -22.61      3.78
2014.97260    -24.20      3.31
2014.97534    -25.34      3.32
2014.97808    -22.73      3.53
2014.98082    -20.40      3.79
2014.98356    -20.97      4.00
2014.98630    -21.79      3.61
2014.98904    -22.10      3.77
2014.99178    -22.42      3.52
2014.99452    -22.86      3.41
2014.99726    -23.01      3.31
2015.00000    -22.96      3.30
2015.00274    -26.12      3.44
2015.00548    -24.38      3.46
2015.00822    -25.12      3.36
2015.01096    -23.54      3.24
2015.01370    -24.76      3.40
2015.01644    -24.34      3.57
2015.01918    -25.04      3.51
2015.02192    -21.80      3.97
2015.02466    -26.00      3.51
2015.02740    -24.57      3.46
2015.03014    -24.67      3.38
2015.03288    -24.45      3.34
2015.03562    -28.64      3.99
2015.03836    -27.40      3.40
2015.04110    -26.14      3.48
2015.04384    -23.58      3.47
2015.04658    -24.40      3.41
2015.04932    -23.13      3.36
2015.05205    -24.37      4.07
2015.05479    -23.54      3.58
2015.05753    -24.34      3.78
2015.06027    -25.96      3.51
2015.06301    -19.79      3.97
2015.06575    -22.61      3.51
2015.06849    -25.42      3.28
2015.07123    -26.29      3.32
2015.07397    -26.27      3.32
2015.07671    -26.28      3.17
2015.07945    -24.67      3.60
2015.08219    -25.23      3.46
2015.08493    -20.51      3.51
2015.08767    -23.30      3.39
2015.09041    -23.40      3.30
2015.09315    -23.67      3.73
2015.09589    -25.10      3.49
2015.09863    -25.20      3.49
2015.10137    -25.36      3.36
2015.10411    -25.61      3.42
2015.10685    -25.03      3.31
2015.10959    -24.28      3.40
2015.11233    -25.60      3.43
2015.11507    -23.46      3.74
2015.11781    -24.73      3.42
2015.12055    -21.92      3.97
2015.12329    -20.27      3.61
2015.12603    -21.09      4.65
2015.12877    -17.54      4.03
2015.13151    -23.67      3.47
2015.13425    -23.85      3.44
2015.13699    -23.36      3.31
2015.13973    -22.22      3.51
2015.14247    -19.59      4.55
2015.14521    -23.40      3.85
2015.14795    -21.03      4.59
2015.15068    -19.58      3.69
2015.15342    -21.08      4.24
2015.15616    -19.55      4.13
2015.15890    -22.55      3.87
2015.16164    -20.29      4.06
2015.16438    -24.31      3.41
2015.16712    -22.35      3.75
2015.16986    -26.26      3.63
2015.17260    -17.91      4.59
2015.17534    -24.10      3.77
2015.17808    -22.12      4.10
2015.18082    -25.14      3.29
2015.18356    -22.76      4.09
2015.18630    -19.85      4.30
2015.18904    -24.75      4.09
2015.19178    -19.32      4.30
2015.19452    -23.74      3.83
2015.19726    -23.94      3.73
2015.20000    -20.39      4.26
2015.20274    -25.15      3.41
2015.20548    -21.42      4.15
2015.20822    -24.22      4.10
2015.21096    -20.75      3.90
2015.21370    -22.54      4.04
2015.21644    -23.57      3.46
2015.21918    -24.89      3.98
2015.22192    -20.26      3.99
2015.22466    -15.97      4.92
2015.22740    -20.43      4.51
2015.23014    -21.77      4.39
2015.23288    -19.60      4.38
2015.23562    -21.76      3.72
2015.23836    -18.30      4.10
2015.24110    -18.03      4.09
2015.24384    -23.07      3.89
2015.24658    -24.87      3.76
2015.24932    -23.76      4.31
2015.25205    -21.21      4.29
2015.25479    -20.44      4.10
2015.25753    -16.88      5.04
2015.26027    -15.81      5.11
2015.26301    -19.31      5.71
2015.26575    -23.34      4.39
2015.26849    -21.61      3.89
2015.27123    -26.08      3.73
2015.27397    -23.09      4.30
2015.27671    -19.17      4.69
2015.27945    -17.59      4.64
2015.28219    -25.45      4.12
2015.28493    -22.92      3.92
2015.28767    -20.09      4.90
2015.29041    -17.22      5.16
2015.29315    -16.90      5.14
2015.29589    -19.33      4.70
2015.29863    -19.15      4.73
2015.30137    -19.30      4.85
2015.30411    -20.03      5.05
2015.30685    -18.91      4.87
2015.30959    -17.48      4.84
2015.31233    -21.17      4.53
2015.31507    -25.82      3.80
2015.31781    -16.36      4.45
2015.32055    -19.55      4.47
2015.32329    -16.34      4.93
2015.32877    -19.03      4.40
2015.33151    -21.37      4.18
2015.33425    -16.04      4.70
2015.33699    -18.07      5.13
2015.33973    -26.67      5.00
2015.34247    -16.96      5.03
2015.34521    -23.52      4.16
2015.34795    -20.93      4.43
2015.35068    -27.12      4.52
2015.35342    -17.99      4.95
2015.35616    -27.29      4.88
2015.35890    -19.00      5.08
2015.36164    -17.00      6.15
2015.36438    -24.75      4.12
2015.36712    -17.23      4.73
2015.36986    -15.80      5.23
2015.37260    -17.64      4.64
2015.37534    -18.11      5.51
2015.37808    -22.71      4.27
2015.38082    -23.85      4.20
2015.38356    -20.62      5.11
2015.38630    -19.06      4.52
2015.38904    -23.19      4.79
2015.39178    -17.81      4.70
2015.39452    -24.00      4.40
2015.39726    -16.47      4.41
2015.40000    -18.61      4.51
2015.40274    -21.79      3.95
2015.40548    -23.06      4.63
2015.40822    -21.28      3.80
2015.41096    -16.79      5.05
2015.41370    -19.81      5.24
2015.41644    -20.80      4.69
2015.41918    -19.42      4.99
2015.42192    -19.13      4.85
2015.42466    -20.26      4.85
2015.42740    -16.47      5.28
2015.43014    -16.78      5.16
2015.43288    -20.55      4.90
2015.43562    -18.62      4.92
2015.43836    -20.17      4.71
2015.44110    -26.09      5.00
2015.44384    -18.40      5.56
2015.44658    -20.99      5.04
2015.44932    -22.77      4.99
2015.45205    -20.58      5.59
2015.45479    -18.72      4.90
2015.45753    -25.64      5.10
2015.46027    -22.68      5.10
2015.46301    -20.84      4.95
2015.46575    -25.04      5.11
2015.46849    -24.91      6.38
2015.47123    -18.99      5.39
2015.47397    -20.39      5.18
2015.47671    -22.40      4.94
2015.47945    -24.76      5.92
2015.48219    -19.11      5.36
2015.48493    -22.78      5.04
2015.48767    -21.55      5.01
2015.49041    -18.77      4.67
2015.49315    -20.55      4.87
2015.49589    -17.63      4.71
2015.49863    -19.76      5.83
2015.50137    -19.02      5.18
2015.50411    -20.11      4.71
2015.50685    -21.32      5.24
2015.50959    -18.59      5.56
2015.51233    -20.60      4.97
2015.51507    -26.51      4.82
2015.51781    -22.60      5.25
2015.52055    -23.76      5.12
2015.52329    -22.48      5.01
2015.52603    -26.77      4.69
2015.52877    -22.22      5.10
2015.53151    -23.31      6.83
2015.53425    -27.52      5.17
2015.53699    -21.05      6.47
2015.53973    -26.41      4.54
2015.54247    -24.19      5.70
2015.54521    -19.83      5.64
2015.54795    -22.39      4.83
2015.55068    -21.36      4.48
2015.55342    -23.19      4.98
2015.55616    -20.41      5.19
2015.55890    -22.61      4.27
2015.56164    -21.97      4.85
2015.56438    -22.60      5.02
2015.56712    -29.32      4.50
2015.56986    -22.35      5.19
2015.57260    -24.23      5.16
2015.57534    -28.48      4.79
2015.57808    -24.81      5.20
2015.58082    -25.56      5.65
2015.58356    -23.44      5.53
2015.58630    -29.93      6.07
2015.58904    -28.76      4.82
2015.59178    -29.58      4.74
2015.59452    -24.16      5.34
2015.59726    -24.65      5.12
2015.60000    -26.60      5.28
2015.60274    -29.78      5.23
2015.60548    -25.96      5.46
2015.60822    -24.35      5.34
2015.61096    -24.73      4.71
2015.61370    -24.45      5.08
2015.61644    -24.28      4.76
2015.61918    -25.71      4.33
2015.62192    -27.24      4.88
2015.62466    -27.77      4.61
2015.62740    -24.83      4.78
2015.63014    -26.25      4.60
2015.63288    -19.73      5.84
2015.63562    -28.89      4.63
2015.63836    -30.22      5.34
2015.64110    -28.44      4.70
2015.64384    -27.51      5.03
2015.64658    -26.50      6.24
2015.64932    -23.98      5.52
2015.65205    -32.66      5.63
2015.65479    -29.67      4.55
2015.65753    -27.01      4.63
2015.66027    -24.63      4.50
2015.66301    -26.53      4.29
2015.66575    -25.24      4.69
2015.66849    -28.97      4.55
2015.67123    -24.13      4.49
2015.67397    -23.97      4.30
2015.67671    -26.22      4.52
2015.67945    -26.83      4.39
2015.68219    -22.22      4.81
2015.68493    -26.73      4.98
2015.68767    -30.18      4.44
2015.69041    -28.13      4.38
2015.69315    -23.90      4.31
2015.69589    -27.75      4.58
2015.69863    -28.03      4.58
2015.70137    -26.69      4.27
2015.70411    -26.59      4.85
2015.70685    -25.62      4.27
2015.70959    -29.49      4.86
2015.71233    -27.72      4.23
2015.71507    -26.83      4.29
2015.71781    -27.13      4.02
2015.72055    -29.15      4.04
2015.72329    -25.89      4.24
2015.72603    -31.32      4.32
2015.72877    -29.33      4.25
2015.73151    -34.48      4.61
2015.73425    -26.32      4.41
2015.73699    -27.76      4.09
2015.73973    -26.35      4.63
2015.74247    -29.65      5.47
2015.74521    -20.58      5.07
2015.74795    -28.14      4.88
2015.75068    -32.30      5.47
2015.75342    -21.96      4.38
2015.75616    -26.04      4.26
2015.75890    -25.05      4.17
2015.76164    -29.46      4.04
2015.76438    -23.78      4.33
2015.76712    -26.26      3.90
2015.76986    -25.08      4.64
2015.77260    -26.96      4.09
2015.77534    -24.01      4.12
2015.77808    -27.03      3.97
2015.78082    -25.64      3.93
2015.78356    -20.73      4.05
2015.78630    -25.02      4.03
2015.78904    -31.16      3.75
2015.79178    -27.25      4.10
2015.79452    -25.57      4.33
2015.79726    -24.27      4.19
2015.80000    -23.82      4.79
2015.80274    -26.45      4.08
2015.80548    -25.26      4.52
2015.80822    -19.41      4.31
2015.81096    -24.86      4.26
2015.81370    -21.74      4.48
2015.81644    -27.87      3.82
2015.81918    -24.00      3.90
2015.82192    -22.85      4.03
2015.82466    -24.05      3.94
2015.82740    -22.55      4.24
2015.83014    -29.48      4.66
2015.83288    -22.02      4.89
2015.83562    -23.27      4.43
2015.83836    -27.62      4.56
2015.84110    -23.89      4.73
2015.84384    -27.29      4.29
2015.84658    -25.38      3.84
2015.84932    -24.02      4.32
2015.85205    -21.56      4.68
2015.85479    -27.03      4.00
2015.85753    -29.58      4.80
2015.86027    -27.10      4.15
2015.86301    -28.83      4.07
2015.86575    -28.13      3.50
2015.86849    -21.55      3.67
2015.87123    -25.98      3.92
2015.87397    -23.29      3.73
2015.87671    -24.81      3.62
2015.87945    -25.84      3.55
2015.88219    -26.95      3.99
2015.88493    -31.91      4.50
2015.88767    -31.00      4.46
2015.89041    -27.04      4.09
2015.89315    -27.62      3.18
2015.89589    -28.14      3.55
2015.89863    -20.87      6.66
2015.90137    -27.73      3.94
2015.90411    -30.18      3.80
2015.90685    -30.11      3.79
2015.90959    -28.89      3.70
2015.91233    -29.99      3.65
2015.91507    -27.96      3.79
2015.91781    -29.27      3.97
2015.92055    -30.61      3.81
2015.92329    -31.56      3.72
2015.92603    -26.71      3.77
2015.92877    -28.11      4.33
2015.93151    -31.49      3.79
2015.93425    -30.86      3.77
2015.93699    -27.83      3.47
2015.93973    -29.90      4.17
2015.94247    -28.52      4.08
2015.94795    -25.99      4.25
2015.95068    -31.15      3.82
2015.95342    -26.23      3.83
2015.95616    -29.00      3.13
2015.95890    -29.82      3.20
2015.96164    -31.52      3.40
2015.96438    -30.63      3.10
2015.96712    -31.78      3.23
2015.96986    -25.94      3.76
2015.97260    -29.65      3.39
2015.97534    -30.59      3.21
2015.97808    -29.19      3.21
2015.98082    -26.64      3.49
2015.98356    -29.29      3.34
2015.98630    -29.89      3.15
2015.98904    -30.77      3.63
2015.99178    -30.11      3.14
2015.99452    -29.84      3.11
2015.99726    -32.12      3.08
2016.00000    -29.28      3.12
2016.00273    -27.24      3.01
2016.00546    -30.18      3.81
2016.00820    -31.37      4.03
2016.01093    -30.42      3.52
2016.01366    -27.72      3.74
2016.01639    -28.00      3.74
2016.01913    -31.55      3.45
2016.02186    -31.15      3.25
2016.02459    -29.51      3.18
2016.02732    -30.43      3.27
2016.03005    -29.66      3.44
2016.03279    -29.90      3.78
2016.03552    -28.39      3.74
2016.03825    -30.39      3.33
2016.04098    -22.87      3.67
2016.04372    -33.11      3.97
2016.04645    -26.59      4.05
2016.04918    -30.65      3.39
2016.05191    -29.20      3.69
2016.05464    -30.28      3.36
2016.05738    -28.60      3.00
2016.06011    -29.76      3.11
2016.06284    -29.47      3.42
2016.06557    -27.79      3.72
2016.06831    -24.01      3.42
2016.07104    -28.49      3.48
2016.07377    -31.49      3.30
2016.07650    -30.12      3.50
2016.07923    -28.07      4.63
2016.08197    -25.99      3.34
2016.08470    -29.47      3.13
2016.08743    -28.31      3.33
2016.09016    -30.38      3.23
2016.09290    -27.66      3.08
2016.09563    -28.53      3.64
2016.10383    -35.90      3.29
2016.10656    -35.83      3.18
2016.10929    -40.93      3.11
2016.11202    -38.74      3.23
2016.11475    -40.00      4.47
2016.11749    -38.16      3.84
2016.12022    -44.52      3.46
2016.12295    -38.15      3.75
2016.12568    -42.72      3.31
2016.12842    -42.12      3.26
2016.13115    -42.54      3.21
2016.13388    -44.17      3.15
2016.13661    -43.60      3.18
2016.13934    -45.23      3.19
2016.14208    -43.86      3.41
2016.14481    -44.30      3.15
2016.14754    -43.41      3.20
2016.15027    -45.87      3.37
2016.15301    -43.34      3.16
2016.15574    -43.72      3.20
2016.15847    -43.92      3.60
2016.16120    -46.39      3.70
2016.16393    -45.96      3.50
2016.16667    -46.94      3.41
2016.16940    -48.44      3.71
2016.17213    -45.12      3.80
2016.17486    -48.52      3.65
2016.17760    -47.14      4.06
2016.18033    -49.10      3.38
2016.18306    -46.88      3.56
2016.18579    -44.64      4.25
2016.18852    -47.25      3.98
2016.19126    -44.39      4.04
2016.19399    -51.09      3.72
2016.19672    -46.37      3.73
2016.19945    -47.59      4.37
2016.20219    -48.79      3.96
2016.20492    -46.20      4.06
2016.20765    -47.46      3.39
2016.21038    -46.17      3.69
2016.21311    -49.78      3.47
2016.21585    -46.66      3.62
2016.21858    -47.70      3.37
2016.22131    -49.22      3.61
2016.22404    -48.16      3.55
2016.22678    -46.07      4.65
2016.22951    -50.97      3.17
2016.23224    -51.13      3.53
2016.23497    -49.58      3.22
2016.23770    -47.10      3.43
2016.24044    -51.01      3.79
2016.24317    -48.37      3.45
2016.24590    -47.99      3.80
2016.24863    -48.01      3.87
2016.25137    -48.29      3.36
2016.25410    -47.43      3.92
2016.25683    -49.96      3.38
2016.25956    -51.28      3.20
2016.26230    -48.01      3.40
2016.26503    -51.20      3.24
2016.26776    -48.60      3.23
2016.27049    -47.14      3.52
2016.27322    -48.05      3.67
2016.27596    -50.94      4.49
2016.27869    -51.07      4.09
2016.28142    -51.95      3.73
2016.28415    -53.57      5.06
2016.28689    -52.73      5.70
2016.28962    -52.73      4.10
2016.29235    -44.68      4.53
2016.29508    -44.89      4.37
2016.29781    -48.69      4.41
2016.30055    -50.90      3.81
2016.30328    -51.09      3.91
2016.30601    -48.94      3.95
2016.30874    -49.99      3.48
2016.31148    -48.70      3.79
2016.31421    -51.55      3.78
2016.31694    -52.52      3.99
2016.31967    -54.16      4.07
2016.32240    -51.99      3.99
2016.32514    -54.22      3.93
2016.32787    -52.88      3.78
2016.33060    -55.21      3.51
2016.33333    -52.04      4.48
2016.33607    -51.60      3.93
2016.33880    -53.90      3.91
2016.34153    -50.68      3.61
2016.34426    -55.03      3.76
2016.34699    -50.57      3.82
2016.34973    -49.09      4.18
2016.35246    -51.85      3.93
2016.35519    -52.01      4.09
2016.35792    -51.65      4.92
2016.36066    -59.61      4.85
2016.36339    -55.58      4.44
2016.36612    -53.77      4.73
2016.36885    -53.63      4.61
2016.37158    -50.58      4.35
2016.37432    -59.67      3.98
2016.37705    -54.13      3.69
2016.37978    -52.01      3.89
2016.38251    -54.09      3.73
2016.38525    -53.60      6.10
2016.38798    -54.55      4.39
2016.39071    -51.59      5.03
2016.40437    -58.35      4.46
2016.40710    -55.14      4.16
2016.40984    -55.90      4.09
2016.41257    -53.44      4.40
2016.41530    -55.02      3.92
2016.41803    -53.96      4.04
2016.42077    -53.62      4.48
2016.42350    -54.43      3.98
2016.42623    -51.39      4.34
2016.42896    -54.68      5.08
2016.43169    -54.55      4.55
2016.43443    -48.92      6.00
2016.43716    -49.66      4.90
2016.43989    -55.45      4.18
2016.44262    -55.31      4.71
2016.44536    -52.32      4.45
2016.44809    -57.27      4.76
2016.45082    -53.27      5.54
2016.45355    -50.97      5.25
2016.45628    -52.33      4.30
2016.45902    -53.20      4.04
2016.46175    -53.95      4.32
2016.46448    -56.01      5.39
2016.46721    -56.72      4.83
2016.46995    -58.41      4.24
2016.47268    -55.42      4.22
2016.47541    -54.79      4.34
2016.47814    -55.70      4.66
2016.48087    -60.20      4.81
2016.48361    -55.82      4.58
2016.48634    -53.76      5.26
2016.48907    -59.15      4.31
2016.49180    -53.35      4.72
2016.49454    -56.14      4.73
2016.49727    -55.12      4.76
2016.50000    -56.25      4.34
2016.50273    -52.21      4.18
2016.50546    -64.58      4.30
2016.50820    -57.42      4.59
2016.51093    -60.11      4.65
2016.51366    -55.64      5.01
2016.51639    -60.54      4.42
2016.51913    -60.12      5.41
2016.52186    -56.95      4.80
2016.52459    -59.44      4.94
2016.52732    -54.41      5.78
2016.53005    -61.36      6.08
2016.53279    -59.19      4.75
2016.54918    -59.26      4.07
2016.55191    -58.43      8.64
2016.57104    -56.35      4.67
2016.57377    -59.84      4.65
2016.57650    -60.20      5.06
2016.57923    -61.82      5.11
2016.58197    -56.41      5.09
2016.58470    -63.34      5.20
2016.58743    -57.01      3.98
2016.59016    -57.35      3.95
2016.59290    -56.76      3.98
2016.59563    -59.37      3.83
2016.59836    -57.09      4.83
2016.60109    -58.19      5.69
2016.60383    -56.38      5.74
2016.60656    -54.63      5.02
2016.60929    -55.37      5.38
2016.61202    -56.06      4.79
2016.61475    -58.48      3.91
2016.61749    -57.03      4.20
2016.62022    -54.03      4.31
2016.62295    -64.15      4.68
2016.62568    -60.33      4.66
2016.62842    -57.35      4.72
2016.63115    -61.83      5.90
2016.63388    -61.58      5.46
2016.63661    -57.58      5.13
2016.64208    -57.57      5.13
2016.64481    -59.18      5.21
2016.64754    -62.95      4.84
2016.65027    -62.79      5.00
2016.65301    -58.60      5.52
2016.65574    -64.48      5.74
2016.65847    -59.43      5.61
2016.66120    -64.93      5.98
2016.66393    -60.09      4.81
2016.66667    -62.30      4.78
2016.66940    -62.66      4.80
2016.67213    -60.52      6.60
2016.67486    -56.50      5.36
2016.67760    -61.72      5.00
2016.68033    -61.59      5.92
2016.68306    -60.82      5.56
2016.68579    -63.70      4.55
2016.68852    -57.18      5.17
2016.69126    -59.68      4.69
2016.69399    -61.51      4.35
2016.69672    -55.94      5.62
2016.69945    -65.00      4.90
2016.70219    -61.53      4.87
2016.70492    -65.02      6.56
2016.70765    -67.87      5.50
2016.71038    -73.54      5.97
2016.71311    -74.05      5.83
2016.71585    -71.22      3.95
2016.71858    -72.88      5.40
2016.72131    -64.19      5.26
2016.72404    -64.70      4.92
2016.72678    -60.40      6.61
2016.72951    -65.53      5.56
2016.73224    -64.18      4.68
2016.73497    -66.10      5.62
2016.74317    -61.98      8.36
2016.74590    -65.39      5.80
2016.74863    -67.59      5.09
2016.75137    -63.34      5.36
2016.75410    -67.49      4.74
2016.75683    -66.93      4.98
2016.75956    -70.47      6.55
2016.76230    -64.33      6.08
2016.76503    -68.15      5.36
2016.76776    -59.58      5.28
2016.77049    -66.47      5.42
2016.77322    -64.55      5.06
2016.77596    -67.55      4.95
2016.77869    -60.46      5.19
2016.78142    -66.29      5.29
2016.78415    -70.81      5.43
2016.78689    -65.32      4.70
2016.78962    -67.68      5.50
2016.79235    -64.58      5.92
2016.79508    -66.42      5.04
2016.79781    -65.43      4.66
2016.80055    -72.55      5.37
2016.80328    -66.32      7.19
2016.80601    -58.76      4.93
2016.80874    -63.22      4.57
2016.81148    -66.71      4.66
2016.81421    -64.43      4.22
2016.81694    -60.43      4.64
2016.81967    -65.16      4.99
2016.82240    -63.70      4.19
2016.82514    -63.54      4.72
2016.82787    -64.74      6.76
2016.83607    -66.69      4.91
2016.84153    -67.03      4.85
2016.84699    -65.90      6.98
2016.84973    -69.37      5.15
2016.85519    -67.27      6.43
2016.85792    -66.20      4.29
2016.86339    -67.56      4.85
2016.86612    -65.82      4.55
2016.86885    -69.68      5.40
2016.87158    -70.07      5.72
2016.87432    -73.49      5.57
2016.87705    -64.42      6.17
2016.88251    -66.41      3.72
2016.88525    -67.74      4.34
2016.88798    -65.37      4.07
2016.89071    -66.93      3.99
2016.89344    -70.92      4.05
2016.89617    -67.27      4.34
2016.89891    -72.89      3.95
2016.90164    -68.10      3.84
2016.90437    -67.28      4.17
2016.90710    -70.69      4.55
2016.90984    -69.96      4.67
2016.91257    -67.07      4.26
2016.91530    -66.30      4.61
2016.91803    -71.71      4.38
2016.92077    -68.91      4.19
2016.92350    -69.41      4.13
2016.92623    -70.62      4.37
2016.92896    -77.39      3.80
2016.93169    -77.04      3.60
2016.93443    -71.19      3.91
2016.93716    -70.93      4.20
2016.93989    -75.48      4.17
2016.94262    -77.46      3.67
2016.94536    -70.34      3.96
2016.94809    -67.60      4.24
2016.95082    -73.31      3.89
2016.95355    -72.99      3.87
2016.95628    -76.05      3.29
2016.95902    -72.00      4.05
2016.96175    -71.13      3.83
2016.96448    -70.38      3.87
2016.96721    -70.57      4.10
2016.96995    -69.07      3.98
2016.97268    -76.93      3.64
2016.97541    -74.11      3.50
2016.97814    -69.12      3.88
2016.98087    -77.24      3.34
2016.98361    -76.44      3.20
2016.98634    -78.57      3.75
2016.98907    -71.08      4.19
2016.99180    -78.94      3.50
2016.99454    -75.15      3.85
2016.99727    -77.01      3.62
2017.00000    -72.89      4.04
2017.00274    -77.55      3.59
2017.00548    -73.51      3.76
2017.00822    -77.52      3.30
2017.01096    -76.12      3.77
2017.01370    -73.21      3.77
2017.01644    -73.01      3.47
2017.01918    -68.74      3.50
2017.02192    -70.26      3.73
2017.02466    -70.74      3.92
2017.02740    -68.73      4.42
2017.03014    -68.49      4.20
2017.03288    -70.80      3.71
2017.03562    -73.67      3.42
2017.03836    -78.26      3.10
2017.04110    -74.41      3.74
2017.04384    -73.04      3.52
2017.04658    -73.22      4.09
2017.04932    -73.04      3.69
2017.05205    -72.60      3.64
2017.05479    -75.61      3.49
2017.05753    -72.95      3.78
2017.06027    -76.75      3.79
2017.06301    -73.87      3.48
2017.06575    -70.91      3.49
2017.06849    -69.32      4.12
2017.07123    -74.65      3.59
2017.07397    -74.48      3.82
2017.07671    -72.93      3.70
2017.07945    -71.12      3.80
2017.08219    -73.30      4.31
2017.08493    -71.09      3.94
2017.08767    -75.63      3.79
2017.09041    -74.42      3.59
2017.09315    -68.57      4.01
2017.09589    -69.51      5.01
2017.09863    -70.26      4.35
2017.10137    -73.48      3.73
2017.10411    -74.59      4.10
2017.10685    -72.46      4.23
2017.10959    -81.56      3.04
2017.11233    -75.76      3.30
2017.11507    -76.84      3.41
2017.11781    -75.04      3.41
2017.12055    -78.00      3.56
2017.12329    -76.43      3.58
2017.12603    -74.36      3.78
2017.12877    -76.48      3.49
2017.13151    -77.14      3.60
2017.13425    -75.14      3.90
2017.13699    -74.93      4.12
2017.13973    -77.80      3.85
2017.14247    -75.41      4.12
2017.14521    -75.70      4.31
2017.14795    -78.20      3.75
2017.15068    -74.97      3.99
2017.15616    -79.19      3.63
2017.15890    -76.92      3.48
2017.16164    -77.92      3.53
2017.16438    -80.19      3.67
2017.16712    -81.80      3.42
2017.16986    -83.03      3.31
2017.17260    -82.57      3.21
2017.17534    -80.56      3.41
2017.17808    -82.44      3.28
2017.18082    -83.25      3.08
2017.18356    -79.60      3.59
2017.18630    -81.26      3.43
2017.18904    -85.19      3.54
2017.19178    -79.59      3.28
2017.19452    -83.56      3.09
2017.19726    -84.89      3.49
2017.20000    -85.48      3.40
2017.20274    -78.74      4.33
2017.20548    -76.24      4.40
2017.20822    -85.61      3.25
2017.21096    -83.54      3.62
2017.21370    -84.50      3.98
2017.21644    -84.73      3.48
2017.21918    -82.62      4.44
2017.22192    -74.62      5.41
2017.22466    -84.00      4.03
2017.22740    -78.87      4.67
2017.23014    -82.82      3.89
2017.23288    -79.41      4.34
2017.23562    -78.72      4.62
2017.23836    -79.23      4.41
2017.24110    -81.73      4.13
2017.24384    -82.23      3.97
2017.24658    -78.12      5.84
2017.24932    -81.83      4.89
2017.25205    -75.21      5.59
2017.25479    -71.24      4.52
2017.25753    -73.98      5.09
2017.26027    -74.81      4.40
2017.26301    -76.68      4.82
2017.26575    -84.28      3.81
2017.26849    -78.45      4.81
2017.27123    -82.60      4.76
2017.27397    -81.07      4.61
2017.27671    -83.84      5.52
2017.27945    -86.03      4.60
2017.28219    -84.86      4.74
2017.28493    -81.70      4.29
2017.28767    -80.76      4.47
2017.29041    -82.36      4.34
2017.29315    -88.27      3.97
2017.29589    -83.12      4.18
2017.29863    -84.15      5.49
2017.30137    -83.11      4.89
2017.30411    -79.16      5.01
2017.30685    -86.45      3.96
2017.30959    -86.33      3.50
2017.31233    -82.10      3.53
2017.31507    -78.80      4.04
2017.31781    -80.93      3.97
2017.32055    -78.22      4.54
2017.32329    -75.50      4.64
2017.32603    -79.17      4.20
2017.32877    -77.41      4.26
2017.33151    -83.50      3.83
2017.33425    -81.73      4.12
2017.33699    -83.29      4.06
2017.33973    -79.37      4.15
2017.34247    -81.63      4.21
2017.34521    -80.55      4.46
2017.34795    -82.31      3.91
2017.35068    -80.69      4.26
2017.35342    -82.97      4.40
2017.35616    -82.51      4.96
2017.35890    -81.09      4.27
2017.36164    -82.74      4.08
2017.36438    -83.39      4.27
2017.36712    -82.44      4.24
2017.36986    -82.46      4.13
2017.37260    -84.40      3.99
2017.37534    -88.27      3.75
2017.37808    -79.65      4.50
2017.38082    -81.08      4.35
2017.38356    -83.75      4.13
2017.38630    -80.66      3.72
2017.38904    -80.97      3.97
2017.39178    -81.75      4.11
2017.39452    -85.92      5.10
2017.39726    -79.17      4.68
2017.40000    -82.78      3.71
2017.40274    -84.51      3.61
2017.40548    -85.61      3.81
2017.40822    -86.85      4.12
2017.41096    -86.37      4.85
2017.41370    -82.99      4.22
2017.41644    -77.82      5.69
2017.41918    -80.41      4.65
2017.42192    -80.99      4.87
2017.42466    -82.80      5.36
2017.42740    -79.22      4.13
2017.43014    -82.70      4.12
2017.43288    -85.17      4.79
2017.43562    -84.24      4.91
2017.43836    -78.05      4.49
2017.44110    -83.33      3.87
2017.44384    -89.51      3.61
2017.44658    -83.63      4.91
2017.44932    -78.48      4.72
2017.45205    -81.36      5.18
2017.45479    -81.84      5.46
2017.45753    -80.26      6.01
2017.46301    -81.86      4.96
2017.46575    -79.87      4.51
2017.46849    -83.04      4.78
2017.47123    -79.53      4.45
2017.47397    -81.54      4.06
2017.47671    -79.59      4.33
2017.47945    -77.51      5.00
2017.48219    -86.03      4.34
2017.48493    -81.05      4.12
2017.48767    -84.12      4.47
2017.49041    -85.06      4.70
2017.49315    -81.81      4.63
2017.49589    -82.97      4.72
2017.49863    -85.65      4.32
2017.50137    -83.17      7.86
2017.50411    -78.95      4.92
2017.50685    -88.01      4.78
2017.50959    -83.95      4.70
2017.51233    -82.34      4.83
2017.51507    -86.44      4.25
2017.51781    -85.04      4.73
2017.52055    -84.69      4.23
2017.52603    -84.98      4.65
2017.52877    -79.26      4.52
2017.53151    -83.20      4.82
2017.53425    -85.67      4.67
2017.53699    -82.37      4.75
2017.53973    -85.08      4.68
2017.54247    -84.94      3.65
2017.54521    -83.34      4.21
2017.54795    -83.69      4.20
2017.55068    -83.74      3.98
2017.55616    -84.67      4.19
2017.55890    -85.13      4.43
2017.56164    -82.61      4.94
2017.56438    -79.83      4.92
2017.56712    -84.57      5.67
2017.56986    -85.03      4.76
2017.57260    -84.30      4.91
2017.57534    -83.94      5.97
2017.57808    -86.56      6.46
2017.58082    -83.71      6.34
2017.58356    -86.29      6.17
2017.58630    -83.92      4.75
2017.58904    -82.89      5.08
2017.59178    -83.11      4.75
2017.59452    -83.17      4.68
2017.59726    -84.89      4.74
2017.60000    -79.28      5.03
2017.60274    -82.69      5.11
2017.60548    -83.72      5.05
2017.60822    -82.51      5.23
2017.61096    -83.48      5.22
2017.61370    -83.51      4.53
2017.61644    -83.39      4.35
2017.61918    -86.21      4.35
2017.62192    -78.93      4.70
2017.62466    -85.52      4.75
2017.62740    -84.66      4.42
2017.63014    -83.26      5.08
2017.63288    -85.13      5.53
2017.63562    -80.46      5.23
2017.63836    -85.85      5.92
2017.64110    -85.25      5.67
2017.64384    -83.66      4.19
2017.64658    -85.93      4.44
2017.64932    -86.17      4.75
2017.65205    -87.52      5.27
2017.65479    -83.14      4.43
2017.65753    -85.76      4.99
2017.66027    -87.30      5.17
2017.66301    -84.65      5.15
2017.66575    -85.92      5.17
2017.66849    -89.62      6.26
2017.67123    -87.48      4.76
2017.67397    -88.55      5.00
2017.67671    -82.27      5.12
2017.67945    -83.19      4.61
2017.68219    -88.05      4.30
2017.68493    -86.37      4.54
2017.68767    -84.60      4.31
2017.69041    -90.99      3.98
2017.69315    -92.45      4.41
2017.69589    -86.96      4.90
2017.69863    -87.70      4.75
2017.70137    -88.00      5.19
2017.70411    -86.12      4.63
2017.70685    -92.85      3.74
2017.70959    -95.55      4.50
2017.71233    -86.88      4.40
2017.71507    -91.47      4.27
2017.71781    -90.13      4.97
2017.72055    -86.62      4.07
2017.72329    -87.98      4.01
2017.72603    -87.91      4.98
2017.72877    -89.47      4.16
2017.73151    -89.62      4.17
2017.73425    -91.00      4.70
2017.73699    -92.38      4.21
2017.73973    -87.87      4.03
2017.74247    -95.30      4.58
2017.74521    -86.50      5.65
2017.74795    -88.03      4.39
2017.75068    -89.00      4.51
2017.75342    -89.92      4.71
2017.75616    -86.03      5.01
2017.75890    -90.34      5.40
2017.76164    -88.66      4.36
2017.76438    -84.38      4.83
2017.76712    -92.36      4.93
2017.76986    -85.59      6.25
2017.77260    -88.80      5.46
2017.77534    -86.00      6.03
2017.77808    -90.26      5.00
2017.78082    -89.74      5.11
2017.78630    -89.68      5.05
2017.78904    -93.49      5.39
2017.79178    -88.59      5.27
2017.79452    -85.51      5.08
2017.79726    -90.40      4.04
2017.80000    -87.46      4.53
2017.80274    -89.51      3.57
2017.80548    -88.91      3.55
2017.80822    -91.32      3.57
2017.81096    -88.02      3.63
2017.81370    -91.56      3.58
2017.81644    -89.80      4.06
2017.81918    -89.00      3.98
2017.82192    -88.63      3.66
2017.82466    -91.56      3.67
2017.82740    -88.11      3.86
2017.83014    -87.64      4.18
2017.83288    -88.58      3.89
2017.83562    -86.84      4.00
2017.83836    -86.82      4.20
2017.84110    -92.14      4.44
2017.84384    -92.73      3.94
2017.84658    -88.43      3.70
2017.84932    -92.28      4.18
2017.85205    -91.78      4.56
2017.85479    -90.35      4.10
2017.85753    -89.90      3.81
2017.86301    -90.01      4.17
2017.86575    -90.02      3.68
2017.86849    -89.99      3.74
2017.87123    -90.95      4.16
2017.87397    -93.75      4.22
2017.87671    -90.95      3.94
2017.87945    -92.06      3.82
2017.88219    -93.37      4.17
2017.88493    -93.89      3.60
2017.88767    -92.38      3.74
2017.89041    -91.17      3.91
2017.89315    -92.98      4.03
2017.89589    -93.04      3.99
2017.89863    -91.64      3.77
2017.90137    -90.46      3.88
2017.90411    -90.61      3.77
2017.90685    -90.56      4.04
2017.90959    -91.57      3.59
2017.91233    -93.11      3.92
2017.91507    -92.61      4.01
2017.91781    -93.71      4.30
2017.92055    -89.14      4.14
2017.92329    -93.15      3.91
2017.92603    -93.28      3.79
2017.92877    -93.20      3.58
2017.93151    -91.70      3.96
2017.93425    -92.66      3.86
2017.93699    -93.40      3.52
2017.93973    -93.92      3.78
2017.94247    -93.50      3.62
2017.94521    -92.01      3.59
2017.94795    -92.97      3.63
2017.95342    -94.11      3.74
2017.95616    -93.59      3.78
2017.95890    -95.45      4.01
2017.96164    -96.58      4.19
2017.96438    -96.57      3.93
2017.96712    -96.30      4.38
2017.96986    -95.87      4.32
2017.97260    -94.69      3.71
2017.97534    -94.38      3.69
2017.97808    -97.09      3.74
2017.98082    -94.01      3.70
2017.98356    -96.32      3.52
2017.98630    -94.34      3.58
2017.98904    -96.15      3.46
2017.99178    -93.74      3.81
2017.99452    -91.61      3.60
2017.99726    -91.60      3.71
2018.00000    -94.46      3.55
2018.00274    -95.50      3.70
2018.00548    -95.15      3.59
2018.00822    -97.16      3.62
2018.01096    -92.03      3.85
2018.01370    -98.34      3.79
2018.01644    -97.47      3.65
2018.01918    -92.90      3.60
2018.02192    -96.29      4.02
2018.02466    -94.73      4.05
2018.02740    -95.10      3.59
2018.03014    -94.10      3.65
2018.03288    -96.33      3.61
2018.03562    -97.24      3.51
2018.03836    -93.00      3.87
2018.04110    -96.08      3.74
2018.04384    -95.46      3.80
2018.04658    -96.90      3.80
2018.04932    -94.63      3.87
2018.05205    -96.09      3.94
2018.05479    -94.84      3.74
2018.05753    -94.68      4.18
2018.06027    -97.16      3.87
2018.06301    -96.79      3.60
2018.06575    -96.46      3.78
2018.06849    -94.18      3.87
2018.07123    -94.64      3.82
2018.07397    -94.97      3.80
2018.07671    -97.54      4.07
2018.07945    -99.65      3.44
2018.08219    -92.18      3.37
2018.08493    -95.90      3.34
2018.08767    -97.90      3.57
2018.09041    -97.87      3.56
2018.09315    -98.03      3.33
2018.09589   -100.06      3.31
2018.09863    -95.75      3.67
2018.10137    -98.07      3.71
2018.10411   -100.99      3.70
2018.10685    -96.84      3.54
2018.10959    -97.93      3.63
2018.11233    -97.44      3.67
2018.11507    -96.18      3.46
2018.11781    -97.62      3.53
2018.12055    -96.14      3.66
2018.12329    -95.55      3.61
2018.12603    -95.78      3.79
2018.12877    -95.88      4.49
2018.13151    -96.41      3.68
2018.13425    -98.68      3.64
2018.13699    -97.45      3.62
2018.13973    -96.49      3.96
2018.14247    -96.92      3.82
2018.14521    -94.62      4.01
2018.14795    -96.55      3.83
2018.15068    -95.92      3.98
2018.15342    -98.92      3.92
2018.15616    -97.26      3.80
2018.15890    -93.73      4.25
2018.16164    -99.83      3.99
