2012.00000      5.64      3.00
2012.00273      7.44      2.99
2012.00546      6.73      2.93
2012.00820      7.20      2.88
2012.01093      6.45      2.92
2012.01366      6.89      2.90
2012.01639      7.91      2.98
2012.01913      5.16      2.94
2012.02186      4.75      3.14
2012.02459      5.14      2.97
2012.02732      5.33      3.09
2012.03005      6.54      3.34
2012.03279      6.52      2.89
2012.03552      4.82      2.91
2012.03825      5.19      2.84
2012.04098      6.76      3.08
2012.04372      4.84      3.29
2012.04645      3.94      3.06
2012.04918      4.17      2.98
2012.05191      3.62      3.03
2012.05464      4.47      3.10
2012.05738      5.56      3.04
2012.06011      5.32      3.12
2012.06284      1.52      3.05
2012.06557      4.40      2.96
2012.06831      3.50      2.94
2012.07104      4.70      2.89
2012.07377      3.02      3.07
2012.07650      3.19      2.98
2012.07923      6.80      3.07
2012.08197      5.09      3.19
2012.08470      4.64      2.94
2012.08743      3.75      3.00
2012.09016      3.19      3.01
2012.09290      2.93      2.96
2012.09563      6.10      3.17
2012.09836      5.77      3.60
2012.10109      6.77      4.15
2012.10383      5.74      3.51
2012.10656      5.59      2.91
2012.10929      6.87      2.87
2012.11202      5.55      2.98
2012.11475      7.66      2.99
2012.11749      5.86      3.05
2012.12022      6.09      3.27
2012.12295      9.63      3.32
2012.12568      4.46      3.96
2012.12842      6.32      3.05
2012.13115      2.96      3.04
2012.13388      3.06      3.25
2012.13661      5.36      3.31
2012.13934      6.68      3.32
2012.14208      6.69      3.77
2012.14481      5.80      3.67
2012.14754      6.46      3.48
2012.15027      5.47      3.68
2012.15301      4.69      3.39
2012.15574      4.55      3.19
2012.15847      2.54      3.03
2012.16120      2.80      3.45
2012.16393      4.13      3.16
2012.16667      1.71      3.28
2012.16940      2.04      3.40
2012.17213      2.52      3.31
2012.17486      3.85      3.48
2012.17760      4.72      3.65
2012.18033      1.98      3.48
2012.18306      1.62      3.49
2012.18579      3.93      3.66
2012.18852      5.01      3.58
2012.19126      5.48      3.48
2012.19399      4.45      3.61
2012.19672      3.20      3.94
2012.19945      2.80      3.58
2012.20219      2.71      3.54
2012.20492      0.40      3.56
2012.20765      1.70      3.76
2012.21038      4.37      3.72
2012.21311      2.09      3.40
2012.21585     -0.40      3.45
2012.21858      2.76      3.49
2012.22131     -0.16      3.41
2012.22404      3.15      3.52
2012.22678      3.73      3.81
2012.22951      1.36      3.41
2012.23224      0.15      3.40
2012.23497      0.97      3.60
2012.23770      0.62      3.50
2012.24044      4.79      4.48
2012.24317      3.83      3.42
2012.24590      1.87      3.36
2012.24863      3.21      3.35
2012.25137     -1.24      3.53
2012.25410      2.67      3.64
2012.25683      0.18      3.45
2012.25956      3.96      3.35
2012.26230      2.68      3.22
2012.26503      2.72      3.86
2012.26776      1.04      3.47
2012.27049      2.37      3.30
2012.27322      0.93      3.56
2012.27596      3.70      3.36
2012.27869      2.39      3.34
2012.28142      3.19      3.47
2012.28415      0.46      3.52
2012.28689      2.02      3.20
2012.28962      1.56      3.17
2012.29235      5.41      3.92
2012.29508      4.26      3.71
2012.29781      2.58      3.30
2012.30055      4.57      3.41
2012.30328      4.01      3.95
2012.30601      5.49      3.63
2012.30874      5.74      3.53
2012.31148      6.96      4.15
2012.31421      5.86      3.40
2012.31694      3.82      6.59
2012.31967      3.69      3.82
2012.32240      6.49      4.30
2012.32514      4.09      3.88
2012.32787      6.58      5.02
2012.33060      8.34      4.25
2012.33333      4.25      3.80
2012.33607      3.43      5.48
2012.33880      8.83      4.11
2012.34153      5.53      4.16
2012.34426      6.16      3.35
2012.34699      5.95      3.01
2012.34973      4.45      3.45
2012.35246      6.66      3.39
2012.35519      4.47      3.52
2012.35792      2.17      4.50
2012.36066      3.34      3.28
2012.36339      6.69      3.35
2012.36612      6.77      3.35
2012.36885      4.78      3.43
2012.37158      5.46      3.41
2012.37432      4.98      3.53
2012.37705      2.01      3.87
2012.37978      5.10      3.28
2012.38251      4.76      4.79
2012.38525      5.73      3.73
2012.38798      6.73      3.65
2012.39071      2.87      3.38
2012.39344      6.71      3.57
2012.39617      5.61      3.40
2012.39891      6.38      3.31
2012.40164      6.67      3.86
2012.40437      1.40      4.14
2012.40710      6.05      3.44
2012.40984      3.31      4.53
2012.41257      8.83      3.88
2012.41530      2.49      3.61
2012.41803      4.48      3.15
2012.42077      7.36      3.21
2012.42350      6.14      3.46
2012.42623      1.64      3.31
2012.42896      3.84      3.42
2012.43169      4.90      3.44
2012.43443      5.64      3.85
2012.43716      4.75      4.73
2012.53005      5.82      6.14
2012.53279      3.93      3.88
2012.53552      1.67      4.40
2012.53825      0.54      4.25
2012.54098      4.42      3.58
2012.54372      4.25      3.87
2012.54645      1.30      3.61
2012.54918      4.69      4.10
2012.55191      1.83      3.72
2012.55464     -1.17      3.95
2012.55738      3.79      3.79
2012.56011      2.56      3.58
2012.56284      2.48      3.82
2012.56557      6.03      3.86
2012.56831      6.14      3.53
2012.57104      6.41      3.68
2012.57377      2.84      3.44
2012.57650      4.47      4.04
2012.57923      4.57      3.49
2012.58197      2.27      3.77
2012.58470      4.69      3.95
2012.58743      4.44      4.11
2012.59016      4.78      4.87
2012.59563      5.36      4.50
2012.59836      2.67      4.85
2012.60109      2.13      6.45
2012.60929      4.43      5.11
2012.61202      3.58      4.05
2012.61475      3.79      3.74
2012.61749      6.15      3.69
2012.62022      2.05      3.81
2012.62295      2.57      3.95
2012.62568      0.54      3.64
2012.62842      3.65      3.66
2012.63115      4.80      4.01
2012.63388      9.84      4.30
2012.63661      3.03      3.91
2012.63934      4.72      4.59
2012.64208      7.30      4.05
2012.64481      5.39      4.40
2012.64754      7.63      4.59
2012.65027      4.53      4.08
2012.65301      5.09      4.01
2012.65574      1.91      4.75
2012.65847      0.78      4.61
2012.66120      2.42      4.65
2012.66393      7.97      4.77
2012.66667      7.76      4.48
2012.66940      1.00      4.30
2012.67213      3.04      4.06
2012.67486      1.17      3.98
2012.67760      4.21      3.67
2012.68033      4.78      3.86
2012.68306      2.51      3.78
2012.68579      4.78      3.92
2012.68852      6.40      4.33
2012.69126      0.49      4.17
2012.69399      2.68      4.31
2012.69672      4.40      3.86
2012.69945      4.57      3.85
2012.70219      0.13      5.23
2012.70492     -1.13      4.28
2012.70765      0.41      3.31
2012.71038      0.39      3.41
2012.71311     -0.23      3.39
2012.71585     -0.75      3.71
2012.71858      2.09      3.54
2012.72131     -1.13      3.60
2012.72404      3.11      3.64
2012.72678      1.36      3.51
2012.73224     -0.58      3.90
2012.73497      1.98      3.91
2012.73770      0.02      4.34
2012.74044      2.21      4.21
2012.74317      1.19      4.08
2012.74590      1.49      3.79
2012.74863      0.53      3.55
2012.75137      0.86      3.66
2012.75410      3.22      3.91
2012.75683      3.54      3.94
2012.75956      3.33      3.61
2012.76230      2.90      3.38
2012.76503     -2.82      3.63
2012.76776      1.52      3.48
2012.77049      1.34      3.24
2012.77322     -0.14      3.16
2012.77596     -1.30      3.41
2012.77869      0.81      3.44
2012.78142      1.40      3.47
2012.78415      0.00      3.17
2012.78689     -1.57      3.17
2012.78962     -0.51      3.21
2012.79235      1.66      3.39
2012.79508      2.66      3.62
2012.79781      1.41      3.69
2012.80055     -0.05      3.41
2012.80328     -0.59      3.36
2012.80601      1.80      3.48
2012.80874      1.94      3.30
2012.81148      0.88      3.44
2012.81421      0.12      3.30
2012.81694      0.58      3.63
2012.81967      3.28      3.97
2012.82240      5.60      4.39
2012.82514      0.34      3.30
2012.82787      1.12      3.92
2012.83060     -0.43      3.38
2012.83333      0.67      3.56
2012.83607      0.40      4.24
2012.83880     -0.56      4.25
2012.84153      0.03      4.45
2012.84426      1.47      4.26
2012.84699      0.62      3.65
2012.84973      2.24      3.54
2012.85246      2.15      3.59
2012.85519      1.35      3.42
2012.85792     -0.02      3.46
2012.86066      1.68      3.87
2012.86339      1.44      3.86
2012.86612      2.69      3.55
2012.86885      0.39      3.62
2012.87158     -0.69      3.56
2012.87432     -1.58      3.69
2012.87705      1.23      4.06
2012.87978     -2.24      3.80
2012.88251      0.14      3.97
2012.88525      1.05      3.87
2012.88798      1.42      3.69
2012.89071      1.02      4.17
2012.89344     -2.77      4.05
2012.89617     -1.82      4.09
2012.89891     -1.03      3.09
2012.90164     -1.68      3.33
2012.90437      3.23      3.38
2012.90710     -0.50      3.22
2012.90984     -1.00      3.45
2012.91257      0.39      3.18
2012.91530      0.24      3.24
2012.91803     -0.82      4.04
2012.92077     -0.68      3.77
2012.92350      1.30      3.79
2012.92623     -0.11      3.43
2012.92896     -1.59      4.19
2012.93169     -1.45      3.75
2012.93443      1.21      3.56
2012.93716      0.82      3.73
2012.93989      3.35      3.69
2012.94262      0.47      3.33
2012.94536      2.41      3.26
2012.94809      2.26      3.38
2012.95082      2.49      3.44
2012.95355      1.51      3.00
2012.95628      2.57      3.29
2012.95902      0.77      3.23
2012.96175      2.13      3.17
2012.96448     -0.93      3.07
2012.96721      0.87      2.98
2012.96995     -0.02      2.95
2012.97268      1.80      2.99
2012.97541      0.91      3.12
2012.97814     -1.84      3.07
2012.98087     -1.30      2.96
2012.98361      0.34      2.98
2012.98634      0.99      3.00
2012.98907     -0.28      3.15
2012.99180      1.98      3.12
2012.99454     -0.08      3.82
2012.99727      1.51      3.19
2013.00000      0.26      2.88
2013.00274     -2.09      3.25
2013.00548      0.59      3.36
2013.00822     -0.10      3.18
2013.01096      0.96      3.04
2013.01370     -2.25      3.27
2013.01644     -0.49      3.38
2013.01918     -1.92      3.37
2013.02192      0.39      3.40
2013.02466      0.15      3.08
2013.02740      0.72      3.24
2013.03014      0.48      3.23
2013.03288     -1.38      3.87
2013.03562      2.50      3.57
2013.03836      0.48      3.00
2013.04110     -1.52      2.88
2013.04384     -0.82      3.14
2013.04658     -0.87      2.92
2013.04932     -0.76      2.92
2013.05205     -0.22      2.96
2013.05479     -1.85      3.10
2013.05753     -1.09      2.82
2013.06027     -1.54      2.96
2013.06301     -1.32      3.05
2013.06575     -1.04      2.98
2013.06849     -0.87      3.00
2013.07123     -1.57      2.94
2013.07397     -1.17      3.03
2013.07671     -3.44      2.82
2013.07945     -3.09      2.89
2013.08219     -2.63      3.27
2013.08493     -3.21      3.18
2013.08767     -0.93      3.64
2013.09041     -1.37      3.49
2013.09315     -2.06      3.13
2013.09589     -3.00      3.19
2013.09863     -5.13      3.56
2013.10137     -2.27      3.28
2013.10411     -1.75      3.14
2013.10685     -2.79      3.03
2013.10959     -4.69      3.19
2013.11233     -1.30      3.26
2013.11507     -2.45      3.09
2013.11781     -2.67      3.12
2013.12055     -2.59      3.46
2013.12329     -3.76      3.25
2013.12603     -3.41      3.53
2013.12877     -2.74      3.09
2013.13151     -1.63      3.22
2013.13425     -3.12      3.33
2013.13699     -3.73      3.36
2013.13973     -6.88      3.89
2013.14247     -2.00      3.41
2013.14521     -2.05      3.86
2013.14795     -2.72      3.38
2013.15342     -2.26      3.32
2013.15616     -4.49      3.34
2013.15890     -2.73      3.25
2013.16164     -4.13      3.22
2013.16438     -3.24      3.77
2013.16712     -4.54      3.38
2013.16986     -3.72      3.27
2013.17260     -3.09      3.25
2013.17534     -4.55      3.97
2013.17808     -4.94      3.63
2013.18082     -2.70      4.00
2013.18356     -6.11      3.36
2013.18630     -2.35      3.66
2013.18904     -6.02      3.99
2013.19178     -6.55      3.80
2013.19452     -4.83      3.73
2013.19726     -4.24      4.08
2013.20000     -4.34      3.55
2013.20274     -3.92      3.51
2013.20548     -4.39      3.66
2013.20822     -2.84      4.08
2013.21096     -5.55      3.63
2013.21370     -4.38      3.74
2013.21644     -7.79      4.14
2013.21918     -7.84      3.98
2013.22192     -5.72      3.74
2013.22466     -7.10      4.02
2013.22740     -4.02      4.60
2013.23014     -5.48      3.50
2013.23288     -7.34      4.02
2013.23562     -6.65      3.54
2013.23836     -6.14      4.09
2013.24110     -6.17      3.91
2013.24384     -4.76      3.51
2013.24658     -3.35      3.54
2013.24932     -5.10      3.62
2013.25205     -8.45      3.78
2013.25479     -8.47      4.41
2013.25753     -1.48      4.28
2013.26027     -5.99      5.75
2013.26301     -3.22      4.06
2013.26575     -5.22      3.67
2013.26849     -5.72      3.60
2013.27123     -4.01      4.28
2013.27397     -3.74      3.76
2013.27671     -2.52      3.81
2013.27945     -6.24      4.12
2013.28219     -4.32      3.77
2013.28493     -2.17      3.76
2013.28767     -5.45      3.84
2013.29041     -1.32      3.96
2013.29315     -3.15      4.16
2013.29589     -3.67      4.05
2013.29863     -4.69      4.06
2013.30137     -3.90      4.14
2013.30411     -5.49      3.54
2013.30685     -4.91      3.58
2013.31233     -3.10      3.65
2013.31507     -2.62      4.00
2013.31781     -3.43      3.81
2013.32055     -3.47      4.37
2013.32329     -2.23      3.96
2013.32603     -1.94      3.51
2013.32877     -5.02      4.25
2013.33151     -2.17      4.04
2013.33425     -2.45      4.25
2013.33699     -2.34      4.10
2013.33973     -3.37      3.83
2013.34247     -2.64      4.44
2013.34521     -3.79      5.27
2013.34795     -4.01      4.05
2013.35068     -4.35      3.90
2013.35342     -3.16      4.03
2013.35616     -5.88      4.84
2013.35890     -6.19      4.19
2013.36164     -5.98      4.20
2013.36438     -1.70      4.60
2013.36712     -0.29      4.93
2013.36986     -4.83      5.30
2013.37260     -4.49      6.32
2013.37534      2.39      4.93
2013.37808      2.15      5.69
2013.38082     -4.71      5.35
2013.38356     -2.00      5.48
2013.38630     -2.35      4.05
2013.38904     -4.43      4.65
2013.39178      1.36      4.47
2013.39452     -2.50      4.50
2013.39726     -1.91      4.43
2013.40000     -3.15      4.02
2013.40274     -0.50      4.22
2013.40548     -3.42      3.96
2013.40822     -0.07      4.05
2013.41096     -5.78      4.86
2013.41370     -7.78      4.58
2013.41644     -4.81      4.21
2013.41918     -4.52      4.17
2013.42192     -3.46      4.50
2013.42466     -2.76      4.12
2013.42740     -2.25      4.52
2013.43014     -4.09      4.51
2013.43288     -9.81      4.53
2013.43562     -4.31      4.86
2013.43836     -5.11      4.54
2013.44110     -7.22      4.32
2013.44384     -2.81      4.66
2013.44658     -2.93      5.42
2013.44932      2.55      4.78
2013.45205     -4.23      4.11
2013.45479     -7.19      3.85
2013.45753     -5.85      4.47
2013.46027     -2.23      5.06
2013.46301     -4.54      4.58
2013.46575     -3.21      4.47
2013.46849     -5.50      4.38
2013.47123     -4.63      4.38
2013.47397     -4.59      4.10
2013.47671     -0.26      5.04
2013.47945     -3.45      4.21
2013.48219     -0.12      4.31
2013.48493     -5.16      4.10
2013.48767     -2.93      3.68
2013.49041     -2.51      3.73
2013.49315      0.45      4.63
2013.49589     -2.71      4.28
2013.49863     -1.82      4.02
2013.50137     -5.20      4.45
2013.50411     -1.26      4.71
2013.50685     -3.14      4.28
2013.50959     -5.64      5.13
2013.51233      0.99      4.30
2013.51507     -5.45      4.53
2013.51781     -6.41      4.31
2013.52055     -4.08      4.49
2013.52329     -1.84      4.53
2013.52603     -4.97      4.05
2013.52877     -4.30      4.76
2013.53151     -5.20      7.42
2013.53425     -0.22      4.16
2013.53699     -1.82      3.97
2013.53973     -2.04      4.50
2013.54247     -2.67      4.41
2013.54521     -0.49      3.88
2013.54795     -1.93      3.80
2013.55616     -2.89      4.49
2013.55890     -5.36      4.30
2013.56164      1.12      5.09
2013.56438     -6.12      4.94
2013.56712     -6.70      4.34
2013.56986     -3.87      4.60
2013.57260     -4.58      4.96
2013.57534      0.19      4.54
2013.57808     -0.48      4.09
2013.58082     -2.41      4.68
2013.58356     -0.57      3.93
2013.58630     -3.31      3.90
2013.58904     -5.33      4.58
2013.59178     -8.10      4.45
2013.59452     -3.77      4.40
2013.59726     -2.78      4.11
2013.60000     -5.42      4.29
2013.60274     -6.35      3.67
2013.60548     -3.73      4.79
2013.60822      2.79      5.29
2013.61096     -5.94      4.40
2013.61370     -1.59      4.17
2013.61644     -2.36      4.07
2013.61918     -1.88      3.85
2013.62192     -1.39      4.43
2013.62466     -4.50      4.70
2013.62740      1.08      4.97
2013.63014     -5.03      4.34
2013.63288     -8.83      5.06
2013.63562     -2.51      4.73
2013.63836     -4.53      5.46
2013.64110     -1.51      6.15
2013.64384     -0.12      4.64
2013.64658      0.84      4.96
2013.64932     -1.09      5.23
2013.65479     -4.93      4.75
2013.65753     -1.29      5.13
2013.66027     -2.00      7.13
2013.66301     -2.55      5.75
2013.66575     -5.76      5.13
2013.66849     -4.78      5.01
2013.67123     -2.52      4.12
2013.67671     -7.05      4.24
2013.68219     -5.67      3.59
2013.68493     -2.68      3.65
2013.68767     -4.91      3.92
2013.69041     -3.86      4.63
2013.69315     -2.94      4.30
2013.69589     -2.68      4.37
2013.69863     -3.79      4.05
2013.70137     -0.67      4.43
2013.70411     -4.87      4.04
2013.70685     -4.68      4.94
2013.70959     -8.51      4.74
2013.71233     -5.02      4.60
2013.71507     -4.51      4.42
2013.71781     -9.43      4.35
2013.72055     -1.05      4.25
2013.72329     -1.88      5.11
2013.72603     -4.01      4.26
2013.72877     -2.96      4.73
2013.73151     -4.32      4.22
2013.73425     -3.03      4.60
2013.73699     -5.54      4.22
2013.73973     -4.01      3.87
2013.74247     -1.76      3.65
2013.74521     -4.23      4.14
2013.74795     -7.68      4.12
2013.75068     -4.72      3.98
2013.75342     -2.51      4.16
2013.75616     -8.40      3.86
2013.75890     -4.08      3.94
2013.76164     -4.81      3.97
2013.76438     -3.53      3.93
2013.76712     -3.35      3.55
2013.76986     -4.67      3.78
2013.77260     -2.97      4.03
2013.77534      2.23      5.14
2013.77808     -2.53      4.46
2013.78082     -2.84      4.32
2013.78356     -3.89      4.43
2013.78630     -3.68      4.10
2013.78904     -1.27      3.98
2013.79178     -4.33      3.65
2013.79452     -1.25      3.54
2013.79726      2.27      6.32
2013.80000     -0.63      3.68
2013.80274     -4.14      3.50
2013.80548     -0.56      3.51
2013.80822     -4.26      3.74
2013.81096     -0.64      3.66
2013.81370     -2.56      3.46
2013.81644     -1.59      3.88
2013.81918     -3.34      3.61
2013.82192     -4.34      3.71
2013.82466     -2.07      3.66
2013.82740     -1.87      3.53
2013.83014     -4.14      3.77
2013.83288     -2.34      4.21
2013.83562     -5.31      4.16
2013.83836     -2.50      4.21
2013.84110     -2.52      3.96
2013.84384     -1.29      3.90
2013.84658     -2.34      3.57
2013.84932     -3.52      3.39
2013.85205     -4.61      3.51
2013.85479     -1.33      3.88
2013.85753     -2.12      3.79
2013.86027     -2.42      3.65
2013.86301     -4.76      3.60
2013.86575     -2.83      3.63
2013.86849     -1.09      3.54
2013.87123     -0.36      3.68
2013.87397     -4.90      3.40
2013.87671     -2.76      3.62
2013.87945     -1.08      3.49
2013.88219     -2.58      3.44
2013.88493     -2.97      3.42
2013.88767     -2.31      3.51
2013.89041     -4.18      3.40
2013.89315     -2.78      3.40
2013.89589     -4.59      3.48
2013.89863     -5.12      4.04
2013.90137     -6.85      3.43
2013.90411     -4.17      3.57
2013.90685     -5.73      3.50
2013.90959     -5.82      3.43
2013.91233     -7.58      3.24
2013.91507     -5.86      3.38
2013.91781     -7.00      3.32
2013.92055     -3.50      3.18
2013.92329     -5.49      3.01
2013.92603     -4.96      3.15
2013.92877     -6.02      3.22
2013.93151     -6.06      3.19
2013.93425     -4.95      3.13
2013.93699     -5.81      3.78
2013.93973     -5.28      3.45
2013.94247     -7.70      3.31
2013.94521     -4.62      3.55
2013.94795     -9.44      3.28
2013.95068     -3.95      3.46
2013.95342     -6.24      3.57
2013.95616     -5.53      3.67
2013.95890     -7.33      3.95
2013.96164     -8.09      3.78
2013.96438     -7.30      3.54
2013.96712     -6.57      3.60
2013.96986     -6.45      4.13
2013.97260     -2.19      3.23
2013.97534     -8.74      3.35
2013.97808     -4.58      3.26
2013.98082     -8.26      3.43
2013.98356     -8.67      3.38
2013.98630     -8.06      3.27
2013.98904     -6.57      6.96
2013.99726     -6.55      3.46
2014.00000     -4.81      3.37
2014.00274     -6.15      3.38
2014.00548     -5.27      3.55
2014.00822     -4.43      3.41
2014.01096     -4.64      3.53
2014.01370     -6.88      3.38
2014.01644     -7.05      3.18
2014.01918     -5.70      3.33
2014.02192     -5.43      3.49
2014.02466     -6.76      3.42
2014.02740     -7.32      3.45
2014.03014     -7.28      3.36
2014.03288     -7.16      3.30
2014.03562     -6.96      3.18
2014.03836    -10.50      3.44
2014.04110     -8.11      3.26
2014.04384     -9.39      3.34
2014.04658     -6.09      3.33
2014.04932     -7.52      3.32
2014.05205     -4.83      3.22
2014.05479     -5.37      3.63
2014.05753     -9.33      3.43
2014.06027     -7.65      3.81
2014.06301    -11.11      3.58
2014.06575     -7.59      3.45
2014.06849     -7.97      3.70
2014.07123     -7.51      3.62
2014.07397    -10.47      4.01
2014.07671     -6.74      3.79
2014.07945     -8.18      4.85
2014.08219     -4.66      3.92
2014.08493     -6.25      3.69
2014.08767     -5.06      3.92
2014.09041     -4.16      4.40
2014.09315     -6.66      4.09
2014.09589     -8.31      3.88
2014.09863     -4.27      3.91
2014.10137     -8.03      4.22
2014.10411     -5.71      3.67
2014.10685     -4.31      3.65
2014.10959     -6.30      3.76
2014.11233     -4.16      3.97
2014.11507     -3.46      3.42
2014.11781     -5.34      3.50
2014.12055     -5.34      3.70
2014.12329     -5.49      3.66
2014.12603     -5.74      3.54
2014.12877     -5.21      3.51
2014.13151     -3.97      3.61
2014.13425     -6.33      3.93
2014.13699     -4.87      3.52
2014.13973     -4.05      3.52
2014.14247     -6.01      3.47
2014.14521     -5.54      3.52
2014.14795     -2.89      3.60
2014.15068     -4.10      3.66
2014.15342     -4.29      3.67
2014.15616     -3.94      3.73
2014.15890     -5.64      3.93
2014.16164     -3.43      4.09
2014.16438     -2.61      3.83
2014.16712     -7.11      3.33
2014.16986     -0.83      3.71
2014.17260     -3.27      3.57
2014.17534     -9.29      4.17
2014.17808     -6.55      3.86
2014.18082     -8.15      4.09
2014.18356     -3.74      4.13
2014.18630     -4.15      3.99
2014.18904     -6.57      3.72
2014.19178     -4.09      3.81
2014.19452     -5.99      4.53
2014.19726     -7.42      4.09
2014.20000     -8.55      4.73
2014.20274     -4.14      3.81
2014.20548     -5.76      4.30
2014.20822     -6.68      3.75
2014.21096     -4.16      3.53
2014.21370     -4.12      3.75
2014.21644     -6.09      3.88
2014.21918     -5.16      3.57
2014.22192     -6.05      3.60
2014.22466     -6.64      3.29
2014.22740     -4.65      3.72
2014.23014     -2.45      3.76
2014.23288     -0.86      3.92
2014.23562     -2.96      3.85
2014.23836     -3.39      3.91
2014.24110     -1.60      4.60
2014.24384     -1.52      3.89
2014.24658     -4.23      5.26
2014.24932     -1.70      4.24
2014.25205      0.38      3.86
2014.25479     -4.10      4.44
2014.25753     -3.10      4.41
2014.26027     -3.36      3.60
2014.26301     -4.35      3.77
2014.26575     -3.37      3.46
2014.26849     -2.81      3.90
2014.27123     -1.74      3.93
2014.27397      0.23      4.84
2014.27671     -0.93      4.25
2014.27945     -0.65      3.99
2014.28219      1.97      4.07
2014.28493     -0.10      3.91
2014.28767     -4.65      4.26
2014.29041     -0.72      3.87
2014.29315     -1.19      4.04
2014.29589     -5.55      4.01
2014.29863     -2.26      4.05
2014.30137      0.12      3.73
2014.30411     -2.64      3.68
2014.30685     -2.33      3.80
2014.30959     -5.40      4.12
2014.31233     -1.38      3.98
2014.31507      0.71      3.80
2014.31781     -0.68      4.32
2014.32055      3.24      4.33
2014.32329     -5.06      3.85
2014.32603     -2.68      3.84
2014.32877     -1.09      4.55
2014.33151     -1.13      4.23
2014.33425     -0.57      3.74
2014.33699     -0.71      3.94
2014.33973     -1.53      3.73
2014.34247     -3.67      3.79
2014.34521     -1.74      3.79
2014.34795      0.15      3.81
2014.35068      0.26      3.83
2014.35342     -2.98      3.89
2014.35616      0.83      3.85
2014.35890     -0.90      3.98
2014.36164     -2.73      4.19
2014.36438     -1.74      4.83
2014.36712      0.64      4.44
2014.36986     -3.36      4.97
2014.37260      0.12      4.68
2014.37534      1.63      4.51
2014.37808      0.40      5.69
2014.38082     -1.27      5.38
2014.38356      4.29      5.66
2014.38630     -6.30      4.55
2014.38904     -2.03      4.19
2014.39178     -2.04      4.56
2014.39452      4.16      4.33
2014.39726     -0.39      4.30
2014.40000      2.69      4.81
2014.40274      3.87      4.92
2014.40548      2.67      4.82
2014.40822      2.36      4.51
2014.41096      2.11      4.28
2014.41370     -1.82      4.02
2014.41644     -3.34      4.41
2014.41918      0.27      4.62
2014.42192      0.54      4.75
2014.42466      3.19      5.02
2014.42740     -2.06      4.43
2014.43014     -1.22      3.88
2014.43288      0.68      4.86
2014.43562     -1.77      5.15
2014.43836     -3.53      4.30
2014.44110     -2.00      3.92
2014.44384     -2.41      4.18
2014.44658     -3.38      4.15
2014.44932     -2.60      3.97
2014.45205     -2.79      3.94
2014.45479     -2.50      4.07
2014.45753     -0.78      4.21
2014.46027     -1.83      4.03
2014.46301     -3.46      3.84
2014.46575     -1.09      4.11
2014.46849     -0.35      4.21
2014.47123     -0.11      4.27
2014.47397      0.24      4.51
2014.47671     -1.59      5.35
2014.47945     -0.71      4.36
2014.48219     -0.90      4.41
2014.48493     -4.96      4.08
2014.48767     -1.16      3.80
2014.49041     -0.42      5.36
2014.49315     -4.36      4.36
2014.49589     -4.72      4.23
2014.49863     -3.05      4.43
2014.50137      0.05      3.98
2014.50411     -1.39      4.56
2014.50685      0.05      4.61
2014.50959     -2.54      4.71
2014.51233      1.71      4.32
2014.51507     -3.25      4.60
2014.51781     -5.56      4.59
2014.52055     -2.32      6.43
2014.52329     -0.85      4.47
2014.52603     -3.62      4.37
2014.52877     -0.46      4.10
2014.53151     -2.72      3.85
2014.53425     -2.67      4.15
2014.53699      1.94      4.63
2014.53973     -0.47      4.77
2014.54247     -3.70      5.69
2014.54521      3.95      5.36
2014.54795      1.71      5.82
2014.55068     -0.88      4.91
2014.55342     -2.24      4.54
2014.55616      1.21      5.19
2014.55890     -3.20      5.57
2014.56164     -0.77      5.23
2014.56438      2.71      4.55
2014.56712      1.08      5.12
2014.56986     -1.62      4.48
2014.57260     -3.77      5.97
2014.57534     -3.06      5.12
2014.57808     -1.78      4.76
2014.58082     -0.30      5.93
2014.58356     -0.52      5.17
2014.58630     -0.71      5.06
2014.58904     -7.06      6.11
2014.59178     -2.35      5.08
2014.59452     -5.08      5.20
2014.59726     -1.04      6.45
2014.60000     -9.54      9.17
2014.60274      1.33      6.60
2014.60548     -5.87      6.93
2014.60822     -7.93      6.24
2014.61096     -4.86      5.16
2014.61370     -3.63      5.47
2014.61644      0.24      5.83
2014.61918     -7.36      4.47
2014.62192     -6.82      4.47
2014.62466     -3.86      4.52
2014.62740     -2.61      4.55
2014.63014     -4.48      4.58
2014.63288     -7.09      4.76
2014.63562     -4.20      5.54
2014.63836     -2.24      4.95
2014.64110     -5.55      6.17
2014.64384     -6.64      4.83
2014.64658     -6.57      5.07
2014.64932     -7.97      5.61
2014.65205     -7.07      5.00
2014.65479     -6.47      5.25
2014.65753     -6.88      5.22
2014.66027     -5.76      4.40
2014.66301     -2.04      4.20
2014.66575     -3.64      4.58
2014.66849     -6.68      5.43
2014.67123     -7.06      4.69
2014.67397     -8.60      4.21
2014.67671     -3.07      4.81
2014.67945     -6.88      4.34
2014.68219     -3.72      6.67
2014.68493     -3.97      4.64
2014.68767      1.71      5.09
2014.69041     -6.87      4.41
2014.69315     -3.36      5.23
2014.69589     -3.18      4.40
2014.69863     -4.80      5.05
2014.70137     -5.94      4.46
2014.70411     -3.82      5.06
2014.70685     -6.70      4.92
2014.70959     -5.16      4.46
2014.71233     -4.17      4.07
2014.71507     -1.20      4.64
2014.71781      3.05      4.44
2014.72055      1.44      5.41
2014.72329      0.45      4.29
2014.72603      2.61      4.53
2014.72877     -1.96      4.46
2014.73151      0.38      4.24
2014.73425      0.14      5.15
2014.73699     -0.06      3.80
2014.73973      2.04      3.65
2014.74247     -0.15      4.21
2014.74521      1.93      4.12
2014.74795      1.12      5.37
2014.75068      0.82      4.66
2014.75342     -4.86      4.69
2014.75616      2.80      4.70
2014.75890      2.09      4.82
2014.76164     -0.49      3.90
2014.76438      3.24      3.87
2014.76712      1.60      4.07
2014.76986     -1.87      3.73
2014.77260      0.81      3.99
2014.77534      0.56      3.96
2014.77808      2.72      4.12
2014.78082     -1.67      4.41
2014.78356      0.99      4.82
2014.78630     -1.08      4.73
2014.78904     -1.63      4.68
2014.79178      1.04      4.42
2014.79452     -2.44      4.27
2014.79726      2.73      4.05
2014.80000      2.43      4.59
2014.80274     -3.68      4.44
2014.80548      1.35      3.97
2014.80822      1.60      4.06
2014.81096      0.89      4.21
2014.81370      1.56      3.99
2014.81644     -3.01      5.36
2014.81918     -0.73      4.88
2014.82192     -2.02      4.51
2014.82466      1.05      4.22
2014.82740      1.79      4.48
2014.83014      2.66      4.40
2014.83288      1.03      4.34
2014.83562      4.93      4.19
2014.83836     -2.81      5.18
2014.84110      4.70      4.55
2014.84384     -1.61      4.36
2014.84658     -1.82      4.19
2014.84932      3.12      4.33
2014.85205      3.52      4.89
2014.85479      5.32      4.89
2014.85753      5.45      3.99
2014.86027      2.33      3.91
2014.86301      1.42      4.26
2014.86575      3.14      3.76
2014.86849      2.41      3.60
2014.87123      2.40      3.55
2014.87397     -0.13      3.55
2014.87671     -3.16      3.87
2014.87945      2.50      3.98
2014.88219     -1.27      3.63
2014.88493      5.27      3.60
2014.88767      1.88      3.67
2014.89041      1.82      3.94
2014.89315      4.64      3.61
2014.89589      1.35      3.65
2014.89863     -0.67      3.59
2014.90137      3.96      3.67
2014.90411      3.97      3.88
2014.90685      3.17      4.08
2014.90959      0.27      4.02
2014.91233     -0.15      4.19
2014.91507      3.36      4.04
2014.91781      0.69      3.69
2014.92055     -0.41      3.58
2014.92329      0.92      3.65
2014.92603      1.37      3.82
2014.92877     -2.82      3.71
2014.93151      3.36      3.45
2014.93425      0.15      3.67
2014.93699     -2.30      3.65
2014.93973      1.00      3.60
2014.94247     -0.57      3.61
2014.94521     -0.88      3.55
2014.94795      3.56      3.63
2014.95068      1.16      3.41
2014.95342      2.95      3.08
2014.95616      2.15      3.38
2014.95890      1.00      3.55
2014.96164      3.21      3.62
2014.96438      3.54      3.71
2014.96712      1.57      4.14
2014.96986      2.26      3.78
2014.97260      0.68      3.31
2014.97534     -0.45      3.32
2014.97808      2.17      3.53
2014.98082      4.51      3.79
2014.98356      3.95      4.00
2014.98630      3.14      3.61
2014.98904      2.84      3.77
2014.99178      2.53      3.52
2014.99452      2.10      3.41
2014.99726      1.96      3.31
2015.00000      2.02      3.30
2015.00274     -1.13      3.44
2015.00548      0.62      3.46
2015.00822     -0.11      3.36
2015.01096      1.48      3.24
2015.01370      0.27      3.40
2015.01644      0.70      3.57
2015.01918      0.01      3.51
2015.02192      3.26      3.97
2015.02466     -0.93      3.51
2015.02740      0.51      3.46
2015.03014      0.42      3.38
2015.03288      0.64      3.34
2015.03562     -3.54      3.99
2015.03836     -2.29      3.40
2015.04110     -1.02      3.48
2015.04384      1.55      3.47
2015.04658      0.74      3.41
2015.04932      2.02      3.36
2015.05205      0.79      4.07
2015.05479      1.63      3.58
2015.05753      0.84      3.78
2015.06027     -0.77      3.51
2015.06301      5.41      3.97
2015.06575      2.60      3.51
2015.06849     -0.20      3.28
2015.07123     -1.06      3.32
2015.07397     -1.03      3.32
2015.07671     -1.03      3.17
2015.07945      0.59      3.60
2015.08219      0.04      3.46
2015.08493      4.77      3.51
2015.08767      1.99      3.39
2015.09041      1.90      3.30
2015.09315      1.64      3.73
2015.09589      0.22      3.49
2015.09863      0.13      3.49
2015.10137     -0.02      3.36
2015.10411     -0.26      3.42
2015.10685      0.33      3.31
2015.10959      1.09      3.40
2015.11233     -0.22      3.43
2015.11507      1.93      3.74
2015.11781      0.67      3.42
2015.12055      3.48      3.97
2015.12329      5.14      3.61
2015.12603      4.33      4.65
2015.12877      7.89      4.03
2015.13151      1.77      3.47
2015.13425      1.60      3.44
2015.13699      2.10      3.31
2015.13973      3.25      3.51
2015.14247      5.89      4.55
2015.14521      2.09      3.85
2015.14795      4.47      4.59
2015.15068      5.93      3.69
2015.15342      4.44      4.24
2015.15616      5.98      4.13
2015.15890      2.99      3.87
2015.16164      5.26      4.06
2015.16438      1.25      3.41
2015.16712      3.22      3.75
2015.16986     -0.68      3.63
2015.17260      7.68      4.59
2015.17534      1.50      3.77
2015.17808      3.49      4.10
2015.18082      0.48      3.29
2015.18356      2.87      4.09
2015.18630      5.79      4.30
2015.18904      0.90      4.09
2015.19178      6.34      4.30
2015.19452      1.93      3.83
2015.19726      1.74      3.73
2015.20000      5.30      4.26
2015.20274      0.55      3.41
2015.20548      4.28      4.15
2015.20822      1.49      4.10
2015.21096      4.97      3.90
2015.21370      3.19      4.04
2015.21644      2.17      3.46
2015.21918      0.86      3.98
2015.22192      5.50      3.99
2015.22466      9.80      4.92
2015.22740      5.35      4.51
2015.23014      4.02      4.39
2015.23288      6.20      4.38
2015.23562      4.05      3.72
2015.23836      7.52      4.10
2015.24110      7.80      4.09
2015.24384      2.77      3.89
2015.24658      0.98      3.76
2015.24932      2.10      4.31
2015.25205      4.66      4.29
2015.25479      5.44      4.10
2015.25753      9.01      5.04
2015.26027     10.09      5.11
2015.26301      6.60      5.71
2015.26575      2.58      4.39
2015.26849      4.32      3.89
2015.27123     -0.14      3.73
2015.27397      2.86      4.30
2015.27671      6.79      4.69
2015.27945      8.38      4.64
2015.28219      0.53      4.12
2015.28493      3.07      3.92
2015.28767      5.91      4.90
2015.29041      8.78      5.16
2015.29315      9.11      5.14
2015.29589      6.69      4.70
2015.29863      6.88      4.73
2015.30137      6.74      4.85
2015.30411      6.02      5.05
2015.30685      7.15      4.87
2015.30959      8.59      4.84
2015.31233      4.91      4.53
2015.31507      0.27      3.80
2015.31781      9.74      4.45
2015.32055      6.56      4.47
2015.32329      9.78      4.93
2015.32877      7.11      4.40
2015.33151      4.78      4.18
2015.33425     10.12      4.70
2015.33699      8.10      5.13
2015.33973     -0.49      5.00
2015.34247      9.23      5.03
2015.34521      2.68      4.16
2015.34795      5.28      4.43
2015.35068     -0.90      4.52
2015.35342      8.24      4.95
2015.35616     -1.05      4.88
2015.35890      7.25      5.08
2015.36164      9.26      6.15
2015.36438      1.52      4.12
2015.36712      9.05      4.73
2015.36986     10.49      5.23
2015.37260      8.66      4.64
2015.37534      8.19      5.51
2015.37808      3.60      4.27
2015.38082      2.47      4.20
2015.38356      5.71      5.11
2015.38630      7.28      4.52
2015.38904      3.16      4.79
2015.39178      8.55      4.70
2015.39452      2.37      4.40
2015.39726      9.91      4.41
2015.40000      7.78      4.51
2015.40274      4.61      3.95
2015.40548      3.35      4.63
2015.40822      5.14      3.80
2015.41096      9.64      5.05
2015.41370      6.63      5.24
2015.41644      5.65      4.69
2015.41918      7.04      4.99
2015.42192      7.34      4.85
2015.42466      6.22      4.85
2015.42740     10.02      5.28
2015.43014      9.72      5.16
2015.43288      5.96      4.90
2015.43562      7.90      4.92
2015.43836      6.36      4.71
2015.44110      0.45      5.00
2015.44384      8.15      5.56
2015.44658      5.57      5.04
2015.44932      3.80      4.99
2015.45205      6.00      5.59
2015.45479      7.87      4.90
2015.45753      0.96      5.10
2015.46027      3.92      5.10
2015.46301      5.77      4.95
2015.46575      1.58      5.11
2015.46849      1.72      6.38
2015.47123      7.65      5.39
2015.47397      6.26      5.18
2015.47671      4.26      4.94
2015.47945      1.91      5.92
2015.48219      7.57      5.36
2015.48493      3.91      5.04
2015.48767      5.15      5.01
2015.49041      7.94      4.67
2015.49315      6.17      4.87
2015.49589      9.10      4.71
2015.49863      6.98      5.83
2015.50137      7.73      5.18
2015.50411      6.65      4.71
2015.50685      5.45      5.24
2015.50959      8.19      5.56
2015.51233      6.19      4.97
2015.51507      0.29      4.82
2015.51781      4.21      5.25
2015.52055      3.06      5.12
2015.52329      4.35      5.01
2015.52603      0.07      4.69
2015.52877      4.63      5.10
2015.53151      3.55      6.83
2015.53425     -0.65      5.17
2015.53699      5.83      6.47
2015.53973      0.48      4.54
2015.54247      2.71      5.70
2015.54521      7.08      5.64
2015.54795      4.52      4.83
2015.55068      5.56      4.48
2015.55342      3.74      4.98
2015.55616      6.53      5.19
2015.55890      4.34      4.27
2015.56164      4.99      4.85
2015.56438      4.37      5.02
2015.56712     -2.34      4.50
2015.56986      4.64      5.19
2015.57260      2.77      5.16
2015.57534     -1.47      4.79
2015.57808      2.21      5.20
2015.58082      1.47      5.65
2015.58356      3.60      5.53
2015.58630     -2.88      6.07
2015.58904     -1.70      4.82
2015.59178     -2.51      4.74
2015.59452      2.92      5.34
2015.59726      2.44      5.12
2015.60000      0.50      5.28
2015.60274     -2.67      5.23
2015.60548      1.16      5.46
2015.60822      2.78      5.34
2015.61096      2.41      4.71
2015.61370      2.70      5.08
2015.61644      2.88      4.76
2015.61918      1.46      4.33
2015.62192     -0.06      4.88
2015.62466     -0.58      4.61
2015.62740      2.37      4.78
2015.63014      0.96      4.60
2015.63288      7.48      5.84
2015.63562     -1.67      4.63
2015.63836     -2.99      5.34
2015.64110     -1.20      4.70
2015.64384     -0.26      5.03
2015.64658      0.76      6.24
2015.64932      3.29      5.52
2015.65205     -5.38      5.63
2015.65479     -2.38      4.55
2015.65753      0.29      4.63
2015.66027      2.68      4.50
2015.66301      0.79      4.29
2015.66575      2.09      4.69
2015.66849     -1.63      4.55
2015.67123      3.22      4.49
2015.67397      3.39      4.30
2015.67671      1.15      4.52
2015.67945      0.55      4.39
2015.68219      5.17      4.81
2015.68493      0.67      4.98
2015.68767     -2.77      4.44
2015.69041     -0.71      4.38
2015.69315      3.53      4.31
2015.69589     -0.31      4.58
2015.69863     -0.58      4.58
2015.70137      0.77      4.27
2015.70411      0.88      4.85
2015.70685      1.86      4.27
2015.70959     -2.00      4.86
2015.71233     -0.22      4.23
2015.71507      0.68      4.29
2015.71781      0.38      4.02
2015.72055     -1.63      4.04
2015.72329      1.64      4.24
2015.72603     -3.78      4.32
2015.72877     -1.78      4.25
2015.73151     -6.92      4.61
2015.73425      1.25      4.41
2015.73699     -0.18      4.09
2015.73973      1.24      4.63
2015.74247     -2.05      5.47
2015.74521      7.03      5.07
2015.74795     -0.52      4.88
2015.75068     -4.67      5.47
2015.75342      5.68      4.38
2015.75616      1.61      4.26
2015.75890      2.61      4.17
2015.76164     -1.79      4.04
2015.76438      3.90      4.33
2015.76712      1.43      3.90
2015.76986      2.62      4.64
2015.77260      0.75      4.09
2015.77534      3.71      4.12
2015.77808      0.70      3.97
2015.78082      2.10      3.93
2015.78356      7.02      4.05
2015.78630      2.74      4.03
2015.78904     -3.39      3.75
2015.79178      0.53      4.10
2015.79452      2.22      4.33
2015.79726      3.53      4.19
2015.80000      3.99      4.79
2015.80274      1.36      4.08
2015.80548      2.56      4.52
2015.80822      8.42      4.31
2015.81096      2.98      4.26
2015.81370      6.11      4.48
2015.81644     -0.01      3.82
2015.81918      3.87      3.90
2015.82192      5.03      4.03
2015.82466      3.84      3.94
2015.82740      5.35      4.24
2015.83014     -1.57      4.66
2015.83288      5.90      4.89
2015.83562      4.66      4.43
2015.83836      0.32      4.56
2015.84110      4.06      4.73
2015.84384      0.67      4.29
2015.84658      2.59      3.84
2015.84932      3.96      4.32
2015.85205      6.43      4.68
2015.85479      0.97      4.00
2015.85753     -1.57      4.80
2015.86027      0.92      4.15
2015.86301     -0.80      4.07
2015.86575     -0.09      3.50
2015.86849      6.50      3.67
2015.87123      2.08      3.92
2015.87397      4.78      3.73
2015.87671      3.27      3.62
2015.87945      2.25      3.55
2015.88219      1.15      3.99
2015.88493     -3.80      4.50
2015.88767     -2.89      4.46
2015.89041      1.08      4.09
2015.89315      0.51      3.18
2015.89589      0.00      3.55
2015.89863      7.28      6.66
2015.90137      0.43      3.94
2015.90411     -2.01      3.80
2015.90685     -1.93      3.79
2015.90959     -0.70      3.70
2015.91233     -1.79      3.65
2015.91507      0.25      3.79
2015.91781     -1.05      3.97
2015.92055     -2.38      3.81
2015.92329     -3.32      3.72
2015.92603      1.54      3.77
2015.92877      0.15      4.33
2015.93151     -3.22      3.79
2015.93425     -2.58      3.77
2015.93699      0.46      3.47
2015.93973     -1.60      4.17
2015.94247     -0.21      4.08
2015.94795      2.34      4.25
2015.95068     -2.81      3.82
2015.95342      2.12      3.83
2015.95616     -0.64      3.13
2015.95890     -1.45      3.20
2015.96164     -3.14      3.40
2015.96438     -2.24      3.10
2015.96712     -3.38      3.23
2015.96986      2.47      3.76
2015.97260     -1.23      3.39
2015.97534     -2.17      3.21
2015.97808     -0.76      3.21
2015.98082      1.80      3.49
2015.98356     -0.84      3.34
2015.98630     -1.43      3.15
2015.98904     -2.30      3.63
2015.99178     -1.63      3.14
2015.99452     -1.35      3.11
2015.99726     -3.62      3.08
2016.00000     -0.77      3.12
2016.00273      1.28      3.01
2016.00546     -1.65      3.81
2016.00820     -2.83      4.03
2016.01093     -1.87      3.52
2016.01366      0.84      3.74
2016.01639      0.57      3.74
2016.01913     -2.97      3.45
2016.02186     -2.56      3.25
2016.02459     -0.91      3.18
2016.02732     -1.82      3.27
2016.03005     -1.04      3.44
2016.03279     -1.27      3.78
2016.03552      0.25      3.74
2016.03825     -1.74      3.33
2016.04098      5.79      3.67
2016.04372     -4.44      3.97
2016.04645      2.09      4.05
2016.04918     -1.96      3.39
2016.05191     -0.50      3.69
2016.05464     -1.58      3.36
2016.05738      0.11      3.00
2016.06011     -1.04      3.11
2016.06284     -0.74      3.42
2016.06557      0.95      3.72
2016.06831      4.74      3.42
2016.07104      0.27      3.48
2016.07377     -2.72      3.30
2016.07650     -1.34      3.50
2016.07923      0.72      4.63
2016.08197      2.81      3.34
2016.08470     -0.66      3.13
2016.08743      0.51      3.33
2016.09016     -1.55      3.23
2016.09290      1.18      3.08
2016.09563      0.32      3.64
2016.10383     -7.02      3.29
2016.10656     -6.94      3.18
2016.10929    -12.03      3.11
2016.11202     -9.83      3.23
2016.11475    -11.08      4.47
2016.11749     -9.23      3.84
2016.12022    -15.58      3.46
2016.12295     -9.20      3.75
2016.12568    -13.76      3.31
2016.12842    -13.15      3.26
2016.13115    -13.56      3.21
2016.13388    -15.19      3.15
2016.13661    -14.61      3.18
2016.13934    -16.23      3.19
2016.14208    -14.85      3.41
2016.14481    -15.28      3.15
2016.14754    -14.38      3.20
2016.15027    -16.83      3.37
2016.15301    -14.29      3.16
2016.15574    -14.66      3.20
2016.15847    -14.85      3.60
2016.16120    -17.31      3.70
2016.16393    -16.87      3.50
2016.16667    -17.84      3.41
2016.16940    -19.33      3.71
2016.17213    -16.00      3.80
2016.17486    -19.39      3.65
2016.17760    -18.00      4.06
2016.18033    -19.95      3.38
2016.18306    -17.72      3.56
2016.18579    -15.47      4.25
2016.18852    -18.07      3.98
2016.19126    -15.20      4.04
2016.19399    -21.89      3.72
2016.19672    -17.16      3.73
2016.19945    -18.37      4.37
2016.20219    -19.56      3.96
2016.20492    -16.96      4.06
2016.20765    -18.21      3.39
2016.21038    -16.91      3.69
2016.21311    -20.52      3.47
2016.21585    -17.39      3.62
2016.21858    -18.42      3.37
2016.22131    -19.93      3.61
2016.22404    -18.86      3.55
2016.22678    -16.76      4.65
2016.22951    -21.65      3.17
2016.23224    -21.80      3.53
2016.23497    -20.24      3.22
2016.23770    -17.75      3.43
2016.24044    -21.65      3.79
2016.24317    -19.00      3.45
2016.24590    -18.61      3.80
2016.24863    -18.62      3.87
2016.25137    -18.89      3.36
2016.25410    -18.02      3.92
2016.25683    -20.54      3.38
2016.25956    -21.85      3.20
2016.26230    -18.57      3.40
2016.26503    -21.75      3.24
2016.26776    -19.14      3.23
2016.27049    -17.67      3.52
2016.27322    -18.57      3.67
2016.27596    -21.45      4.49
2016.27869    -21.57      4.09
2016.28142    -22.44      3.73
2016.28415    -24.05      5.06
2016.28689    -23.20      5.70
2016.28962    -23.19      4.10
2016.29235    -15.14      4.53
2016.29508    -15.34      4.37
2016.29781    -19.13      4.41
2016.30055    -21.33      3.81
2016.30328    -21.51      3.91
2016.30601    -19.35      3.95
2016.30874    -20.39      3.48
2016.31148    -19.09      3.79
2016.31421    -21.93      3.78
2016.31694    -22.89      3.99
2016.31967    -24.52      4.07
2016.32240    -22.34      3.99
2016.32514    -24.56      3.93
2016.32787    -23.21      3.78
2016.33060    -25.53      3.51
2016.33333    -22.35      4.48
2016.33607    -21.90      3.93
2016.33880    -24.19      3.91
2016.34153    -20.96      3.61
2016.34426    -25.30      3.76
2016.34699    -20.83      3.82
2016.34973    -19.34      4.18
2016.35246    -22.09      3.93
2016.35519    -22.24      4.09
2016.35792    -21.87      4.92
2016.36066    -29.82      4.85
2016.36339    -25.78      4.44
2016.36612    -23.96      4.73
2016.36885    -23.82      4.61
2016.37158    -20.76      4.35
2016.37432    -29.84      3.98
2016.37705    -24.29      3.69
2016.37978    -22.16      3.89
2016.38251    -24.23      3.73
2016.38525    -23.73      6.10
2016.38798    -24.67      4.39
2016.39071    -21.70      5.03
2016.40437    -28.41      4.46
2016.40710    -25.19      4.16
2016.40984    -25.94      4.09
2016.41257    -23.47      4.40
2016.41530    -25.04      3.92
2016.41803    -23.97      4.04
2016.42077    -23.62      4.48
2016.42350    -24.42      3.98
2016.42623    -21.37      4.34
2016.42896    -24.65      5.08
2016.43169    -24.51      4.55
2016.43443    -18.87      6.00
2016.43716    -19.60      4.90
2016.43989    -25.38      4.18
2016.44262    -25.23      4.71
2016.44536    -22.23      4.45
2016.44809    -27.18      4.76
2016.45082    -23.17      5.54
2016.45355    -20.86      5.25
2016.45628    -22.21      4.30
2016.45902    -23.07      4.04
2016.46175    -23.81      4.32
2016.46448    -25.86      5.39
2016.46721    -26.56      4.83
2016.46995    -28.24      4.24
2016.47268    -25.24      4.22
2016.47541    -24.60      4.34
2016.47814    -25.50      4.66
2016.48087    -29.99      4.81
2016.48361    -25.60      4.58
2016.48634    -23.53      5.26
2016.48907    -28.91      4.31
2016.49180    -23.10      4.72
2016.49454    -25.88      4.73
2016.49727    -24.85      4.76
2016.50000    -25.97      4.34
2016.50273    -21.92      4.18
2016.50546    -34.28      4.30
2016.50820    -27.11      4.59
2016.51093    -29.79      4.65
2016.51366    -25.31      5.01
2016.51639    -30.20      4.42
2016.51913    -29.77      5.41
2016.52186    -26.59      4.80
2016.52459    -29.07      4.94
2016.52732    -24.04      5.78
2016.53005    -30.98      6.08
2016.53279    -28.80      4.75
2016.54918    -28.81      4.07
2016.55191    -27.97      8.64
2016.57104    -25.82      4.67
2016.57377    -29.30      4.65
2016.57650    -29.65      5.06
2016.57923    -31.26      5.11
2016.58197    -25.84      5.09
2016.58470    -32.76      5.20
2016.58743    -26.42      3.98
2016.59016    -26.75      3.95
2016.59290    -26.15      3.98
2016.59563    -28.75      3.83
2016.59836    -26.46      4.83
2016.60109    -27.55      5.69
2016.60383    -25.73      5.74
2016.60656    -23.98      5.02
2016.60929    -24.71      5.38
2016.61202    -25.39      4.79
2016.61475    -27.80      3.91
2016.61749    -26.34      4.20
2016.62022    -23.33      4.31
2016.62295    -33.44      4.68
2016.62568    -29.61      4.66
2016.62842    -26.62      4.72
2016.63115    -31.09      5.90
2016.63388    -30.83      5.46
2016.63661    -26.82      5.13
2016.64208    -26.79      5.13
2016.64481    -28.39      5.21
2016.64754    -32.15      4.84
2016.65027    -31.98      5.00
2016.65301    -27.78      5.52
2016.65574    -33.65      5.74
2016.65847    -28.59      5.61
2016.66120    -34.08      5.98
2016.66393    -29.23      4.81
2016.66667    -31.43      4.78
2016.66940    -31.78      4.80
2016.67213    -29.63      6.60
2016.67486    -25.60      5.36
2016.67760    -30.81      5.00
2016.68033    -30.67      5.92
2016.68306    -29.89      5.56
2016.68579    -32.77      4.55
2016.68852    -26.24      5.17
2016.69126    -28.73      4.69
2016.69399    -30.55      4.35
2016.69672    -24.97      5.62
2016.69945    -34.02      4.90
2016.70219    -30.54      4.87
2016.70492    -34.02      6.56
2016.70765    -36.86      5.50
2016.71038    -42.52      5.97
2016.71311    -43.02      5.83
2016.71585    -40.18      3.95
2016.71858    -41.83      5.40
2016.72131    -33.13      5.26
2016.72404    -33.63      4.92
2016.72678    -29.32      6.61
2016.72951    -34.44      5.56
2016.73224    -33.08      4.68
2016.73497    -34.99      5.62
2016.74317    -30.84      8.36
2016.74590    -34.24      5.80
2016.74863    -36.43      5.09
2016.75137    -32.17      5.36
2016.75410    -36.31      4.74
2016.75683    -35.74      4.98
2016.75956    -39.27      6.55
2016.76230    -33.12      6.08
2016.76503    -36.94      5.36
2016.76776    -28.36      5.28
2016.77049    -35.24      5.42
2016.77322    -33.31      5.06
2016.77596    -36.30      4.95
2016.77869    -29.20      5.19
2016.78142    -35.02      5.29
2016.78415    -39.53      5.43
2016.78689    -34.03      4.70
2016.78962    -36.38      5.50
2016.79235    -33.27      5.92
2016.79508    -35.10      5.04
2016.79781    -34.10      4.66
2016.80055    -41.21      5.37
2016.80328    -34.97      7.19
2016.80601    -27.40      4.93
2016.80874    -31.85      4.57
2016.81148    -35.33      4.66
2016.81421    -33.04      4.22
2016.81694    -29.03      4.64
2016.81967    -33.75      4.99
2016.82240    -32.28      4.19
2016.82514    -32.11      4.72
2016.82787    -33.30      6.76
2016.83607    -35.22      4.91
2016.84153    -35.55      4.85
2016.84699    -34.40      6.98
2016.84973    -37.86      5.15
2016.85519    -35.74      6.43
2016.85792    -34.66      4.29
2016.86339    -36.00      4.85
2016.86612    -34.25      4.55
2016.86885    -38.10      5.40
2016.87158    -38.48      5.72
2016.87432    -41.89      5.57
2016.87705    -32.81      6.17
2016.88251    -34.78      3.72
2016.88525    -36.10      4.34
2016.88798    -33.72      4.07
2016.89071    -35.27      3.99
2016.89344    -39.25      4.05
2016.89617    -35.59      4.34
2016.89891    -41.20      3.95
2016.90164    -36.40      3.84
2016.90437    -35.57      4.17
2016.90710    -38.97      4.55
2016.90984    -38.23      4.67
2016.91257    -35.33      4.26
2016.91530    -34.55      4.61
2016.91803    -39.95      4.38
2016.92077    -37.15      4.19
2016.92350    -37.64      4.13
2016.92623    -38.84      4.37
2016.92896    -45.60      3.80
2016.93169    -45.24      3.60
2016.93443    -39.38      3.91
2016.93716    -39.11      4.20
2016.93989    -43.65      4.17
2016.94262    -45.62      3.67
2016.94536    -38.49      3.96
2016.94809    -35.74      4.24
2016.95082    -41.44      3.89
2016.95355    -41.11      3.87
2016.95628    -44.16      3.29
2016.95902    -40.10      4.05
2016.96175    -39.22      3.83
2016.96448    -38.46      3.87
2016.96721    -38.64      4.10
2016.96995    -37.13      3.98
2016.97268    -44.98      3.64
2016.97541    -42.15      3.50
2016.97814    -37.15      3.88
2016.98087    -45.26      3.34
2016.98361    -44.45      3.20
2016.98634    -46.57      3.75
2016.98907    -39.07      4.19
2016.99180    -46.92      3.50
2016.99454    -43.12      3.85
2016.99727    -44.97      3.62
2017.00000    -40.85      4.04
2017.00274    -45.50      3.59
2017.00548    -41.45      3.76
2017.00822    -45.45      3.30
2017.01096    -44.04      3.77
2017.01370    -41.12      3.77
2017.01644    -40.91      3.47
2017.01918    -36.63      3.50
2017.02192    -38.14      3.73
2017.02466    -38.61      3.92
2017.02740    -36.59      4.42
2017.03014    -36.34      4.20
2017.03288    -38.64      3.71
2017.03562    -41.50      3.42
2017.03836    -46.08      3.10
2017.04110    -42.22      3.74
2017.04384    -40.84      3.52
2017.04658    -41.01      4.09
2017.04932    -40.82      3.69
2017.05205    -40.37      3.64
2017.05479    -43.37      3.49
2017.05753    -40.70      3.78
2017.06027    -44.49      3.79
2017.06301    -41.60      3.48
2017.06575    -38.63      3.49
2017.06849    -37.03      4.12
2017.07123    -42.35      3.59
2017.07397    -42.17      3.82
2017.07671    -40.61      3.70
2017.07945    -38.79      3.80
2017.08219    -40.96      4.31
2017.08493    -38.75      3.94
2017.08767    -43.28      3.79
2017.09041    -42.06      3.59
2017.09315    -36.20      4.01
2017.09589    -37.13      5.01
2017.09863    -37.87      4.35
2017.10137    -41.08      3.73
2017.10411    -42.18      4.10
2017.10685    -40.04      4.23
2017.10959    -49.13      3.04
2017.11233    -43.32      3.30
2017.11507    -44.39      3.41
2017.11781    -42.58      3.41
2017.12055    -45.53      3.56
2017.12329    -43.95      3.58
2017.12603    -41.87      3.78
2017.12877    -43.98      3.49
2017.13151    -44.63      3.60
2017.13425    -42.62      3.90
2017.13699    -42.40      4.12
2017.13973    -45.26      3.85
2017.14247    -42.86      4.12
2017.14521    -43.14      4.31
2017.14795    -45.63      3.75
2017.15068    -42.39      3.99
2017.15616    -46.59      3.63
2017.15890    -44.31      3.48
2017.16164    -45.30      3.53
2017.16438    -47.56      3.67
2017.16712    -49.16      3.42
2017.16986    -50.39      3.31
2017.17260    -49.92      3.21
2017.17534    -47.90      3.41
2017.17808    -49.77      3.28
2017.18082    -50.57      3.08
2017.18356    -46.91      3.59
2017.18630    -48.56      3.43
2017.18904    -52.48      3.54
2017.19178    -46.87      3.28
2017.19452    -50.83      3.09
2017.19726    -52.15      3.49
2017.20000    -52.73      3.40
2017.20274    -45.98      4.33
2017.20548    -43.47      4.40
2017.20822    -52.83      3.25
2017.21096    -50.75      3.62
2017.21370    -51.70      3.98
2017.21644    -51.92      3.48
2017.21918    -49.80      4.44
2017.22192    -41.79      5.41
2017.22466    -51.16      4.03
2017.22740    -46.02      4.67
2017.23014    -49.96      3.89
2017.23288    -46.54      4.34
2017.23562    -45.84      4.62
2017.23836    -46.34      4.41
2017.24110    -48.83      4.13
2017.24384    -49.32      3.97
2017.24658    -45.20      5.84
2017.24932    -48.90      4.89
2017.25205    -42.27      5.59
2017.25479    -38.30      4.52
2017.25753    -41.03      5.09
2017.26027    -41.85      4.40
2017.26301    -43.71      4.82
2017.26575    -51.30      3.81
2017.26849    -45.46      4.81
2017.27123    -49.60      4.76
2017.27397    -48.06      4.61
2017.27671    -50.82      5.52
2017.27945    -53.00      4.60
2017.28219    -51.82      4.74
2017.28493    -48.65      4.29
2017.28767    -47.70      4.47
2017.29041    -49.29      4.34
2017.29315    -55.19      3.97
2017.29589    -50.03      4.18
2017.29863    -51.05      5.49
2017.30137    -50.00      4.89
2017.30411    -46.04      5.01
2017.30685    -53.32      3.96
2017.30959    -53.19      3.50
2017.31233    -48.95      3.53
2017.31507    -45.64      4.04
2017.31781    -47.76      3.97
2017.32055    -45.04      4.54
2017.32329    -42.31      4.64
2017.32603    -45.97      4.20
2017.32877    -44.20      4.26
2017.33151    -50.28      3.83
2017.33425    -48.50      4.12
2017.33699    -50.05      4.06
2017.33973    -46.12      4.15
2017.34247    -48.38      4.21
2017.34521    -47.29      4.46
2017.34795    -49.04      3.91
2017.35068    -47.41      4.26
2017.35342    -49.68      4.40
2017.35616    -49.21      4.96
2017.35890    -47.78      4.27
2017.36164    -49.42      4.08
2017.36438    -50.06      4.27
2017.36712    -49.10      4.24
2017.36986    -49.11      4.13
2017.37260    -51.04      3.99
2017.37534    -54.90      3.75
2017.37808    -46.27      4.50
2017.38082    -47.69      4.35
2017.38356    -50.35      4.13
2017.38630    -47.25      3.72
2017.38904    -47.55      3.97
2017.39178    -48.32      4.11
2017.39452    -52.48      5.10
2017.39726    -45.72      4.68
2017.40000    -49.32      3.71
2017.40274    -51.04      3.61
2017.40548    -52.13      3.81
2017.40822    -53.36      4.12
2017.41096    -52.87      4.85
2017.41370    -49.48      4.22
2017.41644    -44.30      5.69
2017.41918    -46.88      4.65
2017.42192    -47.45      4.87
2017.42466    -49.25      5.36
2017.42740    -45.67      4.13
2017.43014    -49.14      4.12
2017.43288    -51.60      4.79
2017.43562    -50.66      4.91
2017.43836    -44.46      4.49
2017.44110    -49.73      3.87
2017.44384    -55.90      3.61
2017.44658    -50.01      4.91
2017.44932    -44.85      4.72
2017.45205    -47.72      5.18
2017.45479    -48.19      5.46
2017.45753    -46.60      6.01
2017.46301    -48.18      4.96
2017.46575    -46.18      4.51
2017.46849    -49.34      4.78
2017.47123    -45.82      4.45
2017.47397    -47.82      4.06
2017.47671    -45.86      4.33
2017.47945    -43.77      5.00
2017.48219    -52.28      4.34
2017.48493    -47.29      4.12
2017.48767    -50.35      4.47
2017.49041    -51.28      4.70
2017.49315    -48.02      4.63
2017.49589    -49.17      4.72
2017.49863    -51.84      4.32
2017.50137    -49.35      7.86
2017.50411    -45.12      4.92
2017.50685    -54.17      4.78
2017.50959    -50.10      4.70
2017.51233    -48.49      4.83
2017.51507    -52.58      4.25
2017.51781    -51.17      4.73
2017.52055    -50.81      4.23
2017.52603    -51.08      4.65
2017.52877    -45.35      4.52
2017.53151    -49.28      4.82
2017.53425    -51.74      4.67
2017.53699    -48.43      4.75
2017.53973    -51.13      4.68
2017.54247    -50.98      3.65
2017.54521    -49.37      4.21
2017.54795    -49.71      4.20
2017.55068    -49.75      3.98
2017.55616    -50.66      4.19
2017.55890    -51.11      4.43
2017.56164    -48.58      4.94
2017.56438    -45.79      4.92
2017.56712    -50.52      5.67
2017.56986    -50.97      4.76
2017.57260    -50.23      4.91
2017.57534    -49.86      5.97
2017.57808    -52.47      6.46
2017.58082    -49.61      6.34
2017.58356    -52.18      6.17
2017.58630    -49.80      4.75
2017.58904    -48.76      5.08
2017.59178    -48.97      4.75
2017.59452    -49.02      4.68
2017.59726    -50.74      4.74
2017.60000    -45.12      5.03
2017.60274    -48.52      5.11
2017.60548    -49.54      5.05
2017.60822    -48.32      5.23
2017.61096    -49.28      5.22
2017.61370    -49.30      4.53
2017.61644    -49.17      4.35
2017.61918    -51.98      4.35
2017.62192    -44.69      4.70
2017.62466    -51.27      4.75
2017.62740    -50.40      4.42
2017.63014    -48.99      5.08
2017.63288    -50.85      5.53
2017.63562    -46.17      5.23
2017.63836    -51.55      5.92
2017.64110    -50.94      5.67
2017.64384    -49.34      4.19
2017.64658    -51.60      4.44
2017.64932    -51.83      4.75
2017.65205    -53.17      5.27
2017.65479    -48.78      4.43
2017.65753    -51.39      4.99
2017.66027    -52.92      5.17
2017.66301    -50.26      5.15
2017.66575    -51.52      5.17
2017.66849    -55.21      6.26
2017.67123    -53.06      4.76
2017.67397    -54.12      5.00
2017.67671    -47.83      5.12
2017.67945    -48.74      4.61
2017.68219    -53.59      4.30
2017.68493    -51.91      4.54
2017.68767    -50.13      4.31
2017.69041    -56.51      3.98
2017.69315    -57.96      4.41
2017.69589    -52.46      4.90
2017.69863    -53.19      4.75
2017.70137    -53.48      5.19
2017.70411    -51.59      4.63
2017.70685    -58.31      3.74
2017.70959    -61.00      4.50
2017.71233    -52.32      4.40
2017.71507    -56.90      4.27
2017.71781    -55.55      4.97
2017.72055    -52.03      4.07
2017.72329    -53.38      4.01
2017.72603    -53.30      4.98
2017.72877    -54.85      4.16
2017.73151    -54.99      4.17
2017.73425    -56.36      4.70
2017.73699    -57.73      4.21
2017.73973    -53.21      4.03
2017.74247    -60.63      4.58
2017.74521    -51.82      5.65
2017.74795    -53.34      4.39
2017.75068    -54.30      4.51
2017.75342    -55.21      4.71
2017.75616    -51.31      5.01
2017.75890    -55.61      5.40
2017.76164    -53.92      4.36
2017.76438    -49.63      4.83
2017.76712    -57.60      4.93
2017.76986    -50.83      6.25
2017.77260    -54.03      5.46
2017.77534    -51.22      6.03
2017.77808    -55.47      5.00
2017.78082    -54.94      5.11
2017.78630    -54.86      5.05
2017.78904    -58.66      5.39
2017.79178    -53.75      5.27
2017.79452    -50.66      5.08
2017.79726    -55.54      4.04
2017.80000    -52.59      4.53
2017.80274    -54.63      3.57
2017.80548    -54.02      3.55
2017.80822    -56.42      3.57
2017.81096    -53.11      3.63
2017.81370    -56.64      3.58
2017.81644    -54.87      4.06
2017.81918    -54.06      3.98
2017.82192    -53.68      3.66
2017.82466    -56.60      3.67
2017.82740    -53.14      3.86
2017.83014    -52.66      4.18
2017.83288    -53.59      3.89
2017.83562    -51.84      4.00
2017.83836    -51.81      4.20
2017.84110    -57.12      4.44
2017.84384    -57.70      3.94
2017.84658    -53.39      3.70
2017.84932    -57.23      4.18
2017.85205    -56.72      4.56
2017.85479    -55.29      4.10
2017.85753    -54.83      3.81
2017.86301    -54.92      4.17
2017.86575    -54.92      3.68
2017.86849    -54.88      3.74
2017.87123    -55.83      4.16
2017.87397    -58.62      4.22
2017.87671    -55.81      3.94
2017.87945    -56.91      3.82
2017.88219    -58.21      4.17
2017.88493    -58.72      3.60
2017.88767    -57.20      3.74
2017.89041    -55.98      3.91
2017.89315    -57.78      4.03
2017.89589    -57.83      3.99
2017.89863    -56.42      3.77
2017.90137    -55.23      3.88
2017.90411    -55.37      3.77
2017.90685    -55.31      4.04
2017.90959    -56.31      3.59
2017.91233    -57.84      3.92
2017.91507    -57.33      4.01
2017.91781    -58.42      4.30
2017.92055    -53.84      4.14
2017.92329    -57.84      3.91
2017.92603    -57.96      3.79
2017.92877    -57.87      3.58
2017.93151    -56.36      3.96
2017.93425    -57.31      3.86
2017.93699    -58.04      3.52
2017.93973    -58.56      3.78
2017.94247    -58.13      3.62
2017.94521    -56.63      3.59
2017.94795    -57.58      3.63
2017.95342    -58.70      3.74
2017.95616    -58.17      3.78
2017.95890    -60.02      4.01
2017.96164    -61.14      4.19
2017.96438    -61.12      3.93
2017.96712    -60.84      4.38
2017.96986    -60.40      4.32
2017.97260    -59.21      3.71
2017.97534    -58.89      3.69
2017.97808    -61.59      3.74
2017.98082    -58.50      3.70
2017.98356    -60.80      3.52
2017.98630    -58.81      3.58
2017.98904    -60.61      3.46
2017.99178    -58.19      3.81
2017.99452    -56.05      3.60
2017.99726    -56.03      3.71
2018.00000    -58.88      3.55
2018.00274    -59.91      3.70
2018.00548    -59.55      3.59
2018.00822    -61.55      3.62
2018.01096    -56.41      3.85
2018.01370    -62.71      3.79
2018.01644    -61.83      3.65
2018.01918    -57.25      3.60
2018.02192    -60.63      4.02
2018.02466    -59.07      4.05
2018.02740    -59.43      3.59
2018.03014    -58.42      3.65
2018.03288    -60.64      3.61
2018.03562    -61.54      3.51
2018.03836    -57.29      3.87
2018.04110    -60.36      3.74
2018.04384    -59.73      3.80
2018.04658    -61.16      3.80
2018.04932    -58.88      3.87
2018.05205    -60.33      3.94
2018.05479    -59.07      3.74
2018.05753    -58.90      4.18
2018.06027    -61.37      3.87
2018.06301    -60.99      3.60
2018.06575    -60.65      3.78
2018.06849    -58.36      3.87
2018.07123    -58.81      3.82
2018.07397    -59.13      3.80
2018.07671    -61.69      4.07
2018.07945    -63.79      3.44
2018.08219    -56.31      3.37
2018.08493    -60.02      3.34
2018.08767    -62.01      3.57
2018.09041    -61.97      3.56
2018.09315    -62.12      3.33
2018.09589    -64.14      3.31
2018.09863    -59.82      3.67
2018.10137    -62.13      3.71
2018.10411    -65.04      3.70
2018.10685    -60.88      3.54
2018.10959    -61.96      3.63
2018.11233    -61.47      3.67
2018.11507    -60.20      3.46
2018.11781    -61.63      3.53
2018.12055    -60.14      3.66
2018.12329    -59.54      3.61
2018.12603    -59.76      3.79
2018.12877    -59.85      4.49
2018.13151    -60.37      3.68
2018.13425    -62.63      3.64
2018.13699    -61.39      3.62
2018.13973    -60.42      3.96
2018.14247    -60.84      3.82
2018.14521    -58.53      4.01
2018.14795    -60.45      3.83
2018.15068    -59.81      3.98
2018.15342    -62.80      3.92
2018.15616    -61.13      3.80
2018.15890    -57.59      4.25
2018.16164    -63.68      3.99
