2012.00000     -2.11     10.59
2012.00273     -2.08     10.47
2012.00546     -2.97     10.46
2012.00820      0.64     10.07
2012.01093      2.11     10.50
2012.01366     -2.31     10.34
2012.01639     -2.67     10.48
2012.01913     -4.36     10.32
2012.02186     -4.37     10.68
2012.02459     -6.16     10.49
2012.02732     -3.72     10.84
2012.03005     -5.11     11.37
2012.03279     -0.93     10.12
2012.03552     -0.37     10.00
2012.03825      1.69     10.19
2012.04098      1.02     10.81
2012.04372      3.42     11.43
2012.04645      2.38     10.60
2012.04918      3.46     10.13
2012.05191      2.55     10.47
2012.05464      8.62     10.49
2012.05738      3.77     10.51
2012.06011      2.25     11.00
2012.06284      2.23     10.56
2012.06557      7.49     10.19
2012.06831      4.66      9.81
2012.07104      2.91      9.71
2012.07377     11.32     10.49
2012.07650      6.68     10.45
2012.07923      5.47     10.26
2012.08197      4.96     10.56
2012.08470     10.51      9.78
2012.08743      6.21      9.91
2012.09016      6.96     10.10
2012.09290     10.84      9.60
2012.09563     10.50     10.30
2012.09836      6.42     12.66
2012.10109      3.96     15.96
2012.10383     11.86     11.84
2012.10656     11.38      9.57
2012.10929      8.41      9.70
2012.11202     14.87     10.20
2012.11475      4.54     10.21
2012.11749      6.59     10.43
2012.12022     13.83     11.21
2012.12295      7.80     11.44
2012.12568      5.46     14.74
2012.12842      3.74     11.03
2012.13115      8.73     10.13
2012.13388      9.41     11.02
2012.13661     11.69     11.74
2012.13934     13.10     11.67
2012.14208      6.74     13.53
2012.14481      7.15     12.85
2012.14754     15.62     12.16
2012.15027     18.45     12.98
2012.15301      9.72     11.76
2012.15574      4.82     10.73
2012.15847      4.09     10.13
2012.16120      8.48     12.16
2012.16393      3.93     10.46
2012.16667      8.62     10.79
2012.16940     -1.70     11.42
2012.17213      4.10     11.88
2012.17486      6.44     12.09
2012.17760     -3.17     12.58
2012.18033      1.20     11.87
2012.18306      6.91     11.40
2012.18579      2.05     12.27
2012.18852      7.21     11.50
2012.19126      8.52     11.06
2012.19399     -3.04     11.36
2012.19672      3.90     12.43
2012.19945     -3.81     10.90
2012.20219     -5.26     10.41
2012.20492     -6.53     11.06
2012.20765     -6.55     12.62
2012.21038     -7.73     12.00
2012.21311     -7.26     11.39
2012.21585     -5.85     10.97
2012.21858      0.55     11.73
2012.22131     -5.57     11.28
2012.22404      3.62     11.12
2012.22678     -4.33     13.17
2012.22951     -2.34     11.73
2012.23224      0.73     12.38
2012.23497     -0.97     12.35
2012.23770     -8.45     11.57
2012.24044    -18.61     17.59
2012.24317      4.74     11.97
2012.24590      1.10     11.09
2012.24863    -10.89     11.47
2012.25137     -1.53     12.21
2012.25410      2.90     13.11
2012.25683      0.74     11.86
2012.25956      4.76     11.00
2012.26230      0.14     11.29
2012.26503      4.30     12.55
2012.26776      1.66     12.10
2012.27049      2.10     10.86
2012.27322     -2.73     11.69
2012.27596     -1.77     11.65
2012.27869     -2.95     11.60
2012.28142     -4.47     12.37
2012.28415     -0.02     12.65
2012.28689      0.77     11.33
2012.28962      3.14     11.64
2012.29235      3.58     13.88
2012.29508     -1.12     12.93
2012.29781     -7.57     11.65
2012.30055     -5.84     11.86
2012.30328     -7.92     13.80
2012.30601     -1.38     13.53
2012.30874      4.27     11.25
2012.31148      2.36     14.58
2012.31421      2.64     11.92
2012.31967     -0.18     14.09
2012.32240     -9.36     15.37
2012.32514     -2.16     12.44
2012.32787    -16.89     18.27
2012.33060     10.34     14.92
2012.33333     -7.74     14.20
2012.33880     -7.24     15.30
2012.34153      1.66     15.14
2012.34426     -2.23     11.70
2012.34699      1.73     10.41
2012.34973     -1.73     11.75
2012.35246      4.22     11.73
2012.35519    -10.20     12.94
2012.35792    -15.20     16.24
2012.36066     -2.54     11.45
2012.36339      0.43     11.74
2012.36612     -3.22     11.80
2012.36885      6.60     12.18
2012.37158     -1.89     12.37
2012.37432     -0.56     12.67
2012.37705      0.41     14.42
2012.37978      5.70     11.76
2012.38251     -2.95     18.77
2012.38525      3.51     13.65
2012.38798     -9.34     13.21
2012.39071      0.08     11.94
2012.39344     -1.73     12.55
2012.39617      8.17     12.30
2012.39891      4.03     12.11
2012.40164     -2.79     14.11
2012.40437      1.42     16.01
2012.40710      2.89     12.64
2012.40984     -3.73     18.06
2012.41257     -3.84     14.65
2012.41530     -2.65     12.71
2012.41803      1.63     11.12
2012.42077     -7.73     10.95
2012.42350     11.83     12.29
2012.42623      0.12     10.86
2012.42896     -2.00     11.02
2012.43169     -8.07     12.24
2012.43443     -7.65     14.87
2012.43716      7.55     18.61
2012.53279      4.66     13.20
2012.53552     15.99     16.34
2012.54098      2.52     13.46
2012.54372    -10.94     13.84
2012.54645      1.74     13.14
2012.54918      8.16     15.34
2012.55191    -13.80     13.86
2012.55464      7.77     14.74
2012.55738     -0.57     14.11
2012.56011     -0.92     13.19
2012.56284      6.42     14.44
2012.56557      3.90     14.09
2012.56831      0.35     12.90
2012.57104      5.78     13.59
2012.57377      3.59     12.25
2012.57650      5.19     14.89
2012.57923      6.16     12.92
2012.58197      7.18     14.24
2012.58470      3.43     15.01
2012.58743      6.71     14.96
2012.59016      1.87     18.30
2012.59563     -2.42     16.57
2012.59836      4.58     19.16
2012.61202     10.15     15.64
2012.61475      5.92     13.71
2012.61749      8.50     13.48
2012.62022      9.60     14.42
2012.62295     -0.84     14.85
2012.62568      7.05     13.53
2012.62842      3.09     13.86
2012.63115      7.45     15.57
2012.63388      1.93     15.93
2012.63661      2.22     14.74
2012.63934      7.02     18.33
2012.64208      6.94     15.40
2012.64481      0.08     17.85
2012.64754     -0.08     18.71
2012.65027      6.75     16.08
2012.65301      3.89     15.80
2012.65574     -3.94     18.04
2012.65847     -5.74     17.46
2012.66120      8.25     17.44
2012.66393    -13.33     18.51
2012.66667      1.51     16.17
2012.66940     -6.08     16.15
2012.67213     -1.43     15.62
2012.67486     -4.48     15.34
2012.67760      0.74     13.25
2012.68033     -9.15     14.13
2012.68306      4.46     13.58
2012.68579     -8.05     13.26
2012.68852     -3.54     15.93
2012.69126     -5.56     14.79
2012.69399     -9.32     15.67
2012.69672     -3.45     13.86
2012.69945     -7.77     13.99
2012.70219    -12.95     19.78
2012.70492     -0.41     15.68
2012.70765     -0.09     12.04
2012.71038     -4.33     12.14
2012.71311     -0.84     12.33
2012.71585     -6.35     13.13
2012.71858     -4.48     12.21
2012.72131    -12.15     12.27
2012.72404     -6.23     11.78
2012.72678      2.31     11.63
2012.73224     -3.14     13.61
2012.73497      7.30     13.86
2012.73770     -0.52     15.66
2012.74044     -4.32     14.60
2012.74317     -6.44     12.88
2012.74590     -9.23     12.56
2012.74863     -7.84     12.18
2012.75137      3.79     12.58
2012.75410     -8.82     13.40
2012.75683     -9.26     14.37
2012.75956     -5.26     12.61
2012.76230     -6.74     12.14
2012.76503     -3.05     12.77
2012.76776      1.97     12.13
2012.77049     -1.09     11.80
2012.77322      3.69     11.65
2012.77596      4.76     11.92
2012.77869     -1.33     12.13
2012.78142     -1.11     12.23
2012.78415      1.34     11.56
2012.78689     -0.22     11.75
2012.78962     -0.74     11.42
2012.79235     -1.79     11.62
2012.79508     -4.11     12.47
2012.79781      3.31     12.92
2012.80055     -2.12     12.00
2012.80328     -2.16     11.75
2012.80601     -3.57     11.93
2012.80874     -0.22     11.66
2012.81148     -3.58     12.42
2012.81421     -1.69     11.83
2012.81694      4.27     13.24
2012.81967      1.91     14.03
2012.82240     -0.07     15.47
2012.82514     -7.25     11.67
2012.82787     -5.67     13.90
2012.83060     -1.97     12.13
2012.83333      0.50     12.92
2012.83607     -3.10     14.36
2012.83880     -1.58     15.37
2012.84153     -0.01     15.21
2012.84426      0.08     14.67
2012.84699     -2.40     12.85
2012.84973      0.51     12.52
2012.85246     -4.32     12.76
2012.85519      1.12     11.92
2012.85792      5.50     11.88
2012.86066     -0.60     12.83
2012.86339      0.69     12.63
2012.86612      5.86     11.84
2012.86885     -2.24     12.06
2012.87158     -8.22     11.97
2012.87432     -5.43     12.63
2012.87705      0.49     13.66
2012.87978     -0.74     13.11
2012.88251      1.33     12.88
2012.88525      1.11     12.53
2012.88798     -6.39     12.47
2012.89071      3.96     14.65
2012.89344     -0.70     13.66
2012.89617     -2.32     14.68
2012.89891     -1.87     11.21
2012.90164      1.47     11.67
2012.90437     -6.30     12.98
2012.90710     -4.35     11.60
2012.90984     -4.10     12.18
2012.91257     -2.39     12.04
2012.91530      1.29     12.23
2012.91803      2.27     14.17
2012.92077     -2.82     13.37
2012.92350     -3.94     13.30
2012.92623      1.98     12.61
2012.92896     -1.43     15.41
2012.93169     -3.10     13.11
2012.93443      7.69     12.48
2012.93716     -0.25     13.51
2012.93989     -0.76     12.80
2012.94262     -5.22     11.57
2012.94536     -4.01     11.45
2012.94809      0.60     12.22
2012.95082      0.84     12.14
2012.95355      0.71     11.41
2012.95628      1.24     11.50
2012.95902      0.52     11.72
2012.96175     -0.71     11.62
2012.96448     -0.16     11.01
2012.96721     -1.01     10.72
2012.96995      2.95     10.95
2012.97268      3.70     11.05
2012.97541     -2.16     11.93
2012.97814     -0.23     11.18
2012.98087     -0.36     10.90
2012.98361     -2.28     10.72
2012.98634     -0.83     11.26
2012.98907     -3.29     11.43
2012.99180     -2.04     11.61
2012.99454     -0.29     15.14
2012.99727     -9.72     11.53
2013.00000     -3.19     10.84
2013.00274      0.07     11.23
2013.00548     -0.96     12.31
2013.00822     -3.37     11.28
2013.01096      0.71     10.80
2013.01370     -2.14     10.95
2013.01644      2.72     11.32
2013.01918      4.03     11.67
2013.02192      5.04     12.38
2013.02466     -2.84     11.18
2013.02740     -0.58     11.39
2013.03014      0.06     11.87
2013.03288      7.20     14.96
2013.03562      6.86     13.28
2013.03836      0.43     11.04
2013.04110      1.65     10.54
2013.04384      6.02     11.62
2013.04658      0.64     10.63
2013.04932      1.36     10.23
2013.05205     -0.35     10.83
2013.05479      0.28     10.73
2013.05753      1.13     10.44
2013.06027      0.37     10.75
2013.06301      2.52     10.94
2013.06575      1.49     11.25
2013.06849      1.09     10.77
2013.07123      2.66     10.59
2013.07397     -2.47     10.69
2013.07671      1.62     10.33
2013.07945      3.77     10.47
2013.08219      2.88     11.30
2013.08493      1.28     11.42
2013.08767      6.45     14.02
2013.09041      2.90     13.37
2013.09315      7.58     11.13
2013.09589      2.53     11.36
2013.09863      6.95     13.51
2013.10137      8.52     11.23
2013.10411      4.66     11.45
2013.10685      3.64     10.93
2013.10959      4.81     11.19
2013.11233     11.49     11.88
2013.11507      1.64     11.39
2013.11781      0.42     11.67
2013.12055     -0.82     12.42
2013.12329      4.21     12.10
2013.12603      5.04     12.70
2013.12877     -0.25     11.19
2013.13151      1.06     11.47
2013.13425     -1.88     11.91
2013.13699     -3.21     11.99
2013.13973      0.87     13.17
2013.14247     -4.72     11.85
2013.14521     -6.74     12.06
2013.14795     -2.60     11.87
2013.15342     -3.23     11.35
2013.15616     -0.78     12.27
2013.15890     -3.39     11.83
2013.16164      2.47     11.39
2013.16438      1.21     12.53
2013.16712     -0.81     12.03
2013.16986      0.47     11.04
2013.17260     -7.19     11.03
2013.17534     -4.33     13.24
2013.17808     -5.46     12.77
2013.18082     -8.28     12.96
2013.18356    -10.61     11.97
2013.18630     -4.33     12.19
2013.18904     -6.61     12.51
2013.19178     -7.22     12.43
2013.19452     -1.68     12.46
2013.19726      0.97     13.74
2013.20000     -6.46     12.46
2013.20274     -3.10     11.66
2013.20548     -5.29     12.30
2013.20822     -2.68     14.70
2013.21096      1.95     13.08
2013.21370      3.15     13.20
2013.21644      4.77     13.99
2013.21918      6.92     13.37
2013.22192      2.90     13.13
2013.22466     -0.45     15.10
2013.22740      5.87     16.86
2013.23014     -0.44     12.14
2013.23288      0.66     14.67
2013.23562     -1.49     12.58
2013.23836     -0.24     14.62
2013.24110      7.03     12.81
2013.24384      3.28     11.87
2013.24658     -3.02     12.47
2013.24932      0.10     11.93
2013.25205      1.77     12.90
2013.25479      2.65     14.19
2013.25753     14.82     16.32
2013.26027      4.54     19.83
2013.26301      2.42     13.95
2013.26575     -1.74     12.16
2013.26849     -0.50     12.85
2013.27123      4.07     14.54
2013.27397     -6.91     13.21
2013.27671     -0.35     12.17
2013.27945     -3.48     13.48
2013.28219      1.82     12.34
2013.28493     -1.64     11.66
2013.28767      0.36     12.67
2013.29041      4.15     13.45
2013.29315      2.52     14.08
2013.29589      4.90     14.23
2013.29863      5.24     13.47
2013.30137     -3.35     15.08
2013.30411     -4.39     11.87
2013.30685     -0.54     11.56
2013.31233     -3.23     12.59
2013.31507     -6.09     13.94
2013.31781      0.96     13.35
2013.32055    -11.09     14.69
2013.32329     -0.08     12.52
2013.32603     -1.97     12.14
2013.32877     -1.86     14.15
2013.33151      0.48     13.22
2013.33425     -2.51     13.32
2013.33699     -1.39     13.02
2013.33973      1.40     13.50
2013.34247      2.43     14.74
2013.34521      2.36     17.62
2013.34795      7.11     13.29
2013.35068     -1.13     12.47
2013.35342      7.73     13.51
2013.35616     -2.47     15.26
2013.35890      0.70     14.05
2013.36164      4.34     14.83
2013.36438     -4.08     16.27
2013.36712      2.72     15.53
2013.36986     -3.82     19.29
2013.37534      9.21     17.61
2013.37808     14.22     19.23
2013.38082     -1.12     18.34
2013.38630      5.92     14.09
2013.38904      3.05     16.43
2013.39178      4.76     16.07
2013.39452     -1.89     16.20
2013.39726      9.85     16.15
2013.40000      2.14     13.93
2013.40274      4.37     14.92
2013.40548      5.93     14.31
2013.40822     -5.41     14.16
2013.41096     -3.37     16.59
2013.41370      4.05     14.36
2013.41644      7.77     14.20
2013.41918      2.87     14.72
2013.42192      4.12     14.84
2013.42466      4.89     14.46
2013.42740      3.70     15.05
2013.43014      1.07     15.65
2013.43288      4.77     14.97
2013.43562     -5.09     17.10
2013.43836     -6.68     16.29
2013.44110     -0.39     15.69
2013.44384      2.79     17.12
2013.44658    -15.52     18.51
2013.44932      1.42     16.11
2013.45205     -3.85     14.02
2013.45479      2.48     13.18
2013.45753     -5.48     16.46
2013.46027     -5.24     17.90
2013.46301    -10.27     16.95
2013.46575      0.24     16.39
2013.46849    -13.45     15.99
2013.47123      0.49     15.15
2013.47397      4.88     14.68
2013.47671     -2.06     18.76
2013.47945      3.16     15.30
2013.48219      3.75     15.22
2013.48493     -5.69     14.29
2013.48767      1.31     12.68
2013.49041      5.02     12.75
2013.49315      4.11     16.84
2013.49589     17.33     14.39
2013.49863      7.22     13.78
2013.50137      4.43     15.24
2013.50411     11.96     16.20
2013.50685     11.81     15.87
2013.50959     10.39     17.45
2013.51233      4.72     15.34
2013.51507      3.45     16.33
2013.51781      8.39     15.49
2013.52055      6.83     17.01
2013.52329      0.58     16.17
2013.52603     -2.91     14.93
2013.52877     -0.70     17.39
2013.53425      7.68     14.51
2013.53699      2.21     14.06
2013.53973     -0.83     15.70
2013.54247     -1.66     15.06
2013.54521     10.54     13.37
2013.54795      7.25     12.64
2013.55616      0.31     15.97
2013.55890      9.05     14.99
2013.56438     10.33     17.98
2013.56712      3.26     15.61
2013.56986      3.25     15.98
2013.57260     13.13     17.68
2013.57534      7.11     15.20
2013.57808      4.38     14.15
2013.58082      4.32     15.68
2013.58356      6.62     13.02
2013.58630      2.16     12.96
2013.58904     -3.90     15.85
2013.59178     11.84     15.27
2013.59452      0.02     15.59
2013.59726      4.90     14.21
2013.60000     -1.44     15.69
2013.60274     -4.02     12.63
2013.60548      3.67     15.70
2013.60822     -8.68     17.37
2013.61096    -18.03     15.35
2013.61370      3.72     14.02
2013.61644      2.77     13.98
2013.61918      3.01     13.70
2013.62192      6.49     16.10
2013.62466     -1.19     16.08
2013.62740      2.21     16.83
2013.63014     -2.70     14.57
2013.63288     -8.48     17.65
2013.63562     -2.40     16.37
2013.63836     -3.69     18.27
2013.64384      5.61     15.60
2013.64658      7.73     15.87
2013.64932      1.62     18.19
2013.65479      9.13     15.15
2013.65753     11.67     19.31
2013.66575     -6.76     17.97
2013.66849      6.73     17.04
2013.67123      0.73     13.65
2013.67671     -3.51     14.32
2013.68219      0.24     12.67
2013.68493     -5.56     12.84
2013.68767     -6.11     13.80
2013.69041    -19.15     17.10
2013.69315     -5.41     15.77
2013.69589     -5.79     15.81
2013.69863      5.20     14.58
2013.70137     -5.74     14.93
2013.70411     -1.80     14.56
2013.70685     -0.58     17.91
2013.70959     -1.68     17.37
2013.71233      6.48     17.26
2013.71507      7.80     16.41
2013.71781     -3.09     16.12
2013.72055     -5.07     16.11
2013.72329     -5.62     19.70
2013.72603     -1.61     15.94
2013.72877     15.44     17.30
2013.73151     -0.40     14.65
2013.73425     -0.27     15.64
2013.73699    -13.17     15.11
2013.73973     -2.43     13.02
2013.74247      3.07     12.64
2013.74521     -6.59     14.58
2013.74795     -2.02     15.19
2013.75068      0.68     14.01
2013.75342     -3.20     14.62
2013.75616      2.62     13.62
2013.75890     -1.02     12.98
2013.76164     -2.23     14.77
2013.76438    -11.29     13.65
2013.76712      2.72     12.53
2013.76986      5.75     13.55
2013.77260     -2.61     14.08
2013.77534      6.65     17.73
2013.77808     -3.17     14.99
2013.78082     -1.78     14.97
2013.78356     -5.67     15.16
2013.78630    -10.80     13.93
2013.78904     -5.88     13.26
2013.79178      0.85     12.24
2013.79452      6.30     12.17
2013.80000     -3.20     12.33
2013.80274      1.57     11.78
2013.80548     -1.07     11.67
2013.80822      1.39     12.61
2013.81096      1.57     12.24
2013.81370     -1.38     11.81
2013.81644     -3.32     13.10
2013.81918      0.31     11.98
2013.82192      3.83     12.66
2013.82466     -2.96     12.27
2013.82740     -0.46     12.62
2013.83014      2.45     12.75
2013.83288     -6.28     15.79
2013.83562      3.93     15.47
2013.83836     -0.74     14.14
2013.84110     -3.01     12.88
2013.84384     -7.34     12.65
2013.84658     -6.06     12.37
2013.84932     -1.49     11.82
2013.85205      1.43     12.51
2013.85479     -4.69     14.45
2013.85753     -6.85     13.60
2013.86027     -5.65     12.24
2013.86301     -5.93     12.31
2013.86575      1.65     12.46
2013.86849     -2.80     12.09
2013.87123     -2.78     12.32
2013.87397     -1.47     11.84
2013.87671      2.74     12.70
2013.87945     -2.74     11.96
2013.88219     -9.41     11.82
2013.88493    -11.25     11.58
2013.88767    -13.79     12.16
2013.89041     -6.98     11.65
2013.89315     -3.86     11.90
2013.89589     -4.18     11.94
2013.89863     -8.91     14.05
2013.90137     -0.88     11.91
2013.90411     -6.69     11.71
2013.90685     -2.82     11.87
2013.90959     -7.42     11.67
2013.91233     -5.82     10.97
2013.91507     -1.15     11.73
2013.91781     -5.95     11.53
2013.92055     -7.42     11.52
2013.92329     -5.55     10.86
2013.92603     -7.01     11.42
2013.92877     -7.19     11.32
2013.93151     -5.58     11.28
2013.93425     -4.82     11.18
2013.93699     -1.51     13.30
2013.93973     -7.28     12.18
2013.94247     -2.22     11.58
2013.94521     -4.95     12.30
2013.94795     -1.13     11.40
2013.95068     -7.42     12.26
2013.95342     -1.79     12.31
2013.95616     -6.64     12.82
2013.95890     -7.04     13.64
2013.96164      0.35     12.98
2013.96438     -5.09     12.93
2013.96712    -13.97     12.94
2013.96986    -15.65     16.70
2013.97260     -9.39     11.12
2013.97534    -15.08     11.56
2013.97808    -17.53     11.75
2013.98082     -9.35     12.28
2013.98356     -4.37     11.79
2013.98630     -6.63     11.62
2013.99726     -8.01     12.21
2014.00000     -9.03     11.46
2014.00274     -7.48     11.44
2014.00548      1.02     12.66
2014.00822     -3.98     12.26
2014.01096     -6.48     12.33
2014.01370     -2.24     11.63
2014.01644     -1.81     11.37
2014.01918     -1.42     11.53
2014.02192     -4.70     11.85
2014.02466     -2.01     11.59
2014.02740      1.76     11.58
2014.03014     -4.19     11.58
2014.03288     -1.96     11.67
2014.03562     -3.45     11.27
2014.03836     -2.45     11.68
2014.04110     -4.87     11.24
2014.04384     -4.05     11.33
2014.04658     -0.95     11.67
2014.04932     -5.71     11.50
2014.05205     -6.72     11.22
2014.05479     -5.83     12.46
2014.05753     -3.44     11.53
2014.06027     -9.70     11.72
2014.06301     -0.79     11.61
2014.06575     -8.98     11.47
2014.06849     -3.26     11.74
2014.07123     -0.55     12.00
2014.07397     -6.92     13.49
2014.07671    -10.08     12.55
2014.07945      0.90     13.90
2014.08219     -8.98     13.33
2014.08493     -0.38     12.84
2014.08767      2.59     13.64
2014.09041      4.64     15.26
2014.09315     -7.24     13.86
2014.09589     -4.34     13.66
2014.09863     -7.67     13.05
2014.10137     -1.94     14.52
2014.10411     -0.56     12.22
2014.10685     -4.62     12.34
2014.10959      0.21     13.04
2014.11233     -2.37     13.37
2014.11507     -6.94     11.58
2014.11781     -8.85     11.73
2014.12055    -11.94     12.20
2014.12329     -4.08     11.87
2014.12603    -14.50     11.70
2014.12877    -11.42     11.66
2014.13151     -4.37     11.96
2014.13425     -5.69     13.15
2014.13699     -7.55     12.01
2014.13973     -7.50     11.77
2014.14247     -7.42     11.79
2014.14521     -7.26     12.20
2014.14795     -4.42     12.32
2014.15068    -14.09     12.24
2014.15342     -4.31     12.70
2014.15616     -9.53     12.86
2014.15890      2.97     13.86
2014.16164      0.92     13.18
2014.16438     -3.79     14.00
2014.16712     -1.72     12.52
2014.16986    -10.88     12.57
2014.17260     -6.25     12.17
2014.17534    -12.96     13.17
2014.17808    -13.43     12.54
2014.18082     -6.38     13.70
2014.18904     -9.63     12.95
2014.19178     -5.42     13.56
2014.19452    -10.15     16.61
2014.19726     -9.31     15.66
2014.20000    -13.50     18.49
2014.20274    -13.90     13.45
2014.20548     -9.06     16.23
2014.20822     -1.91     13.05
2014.21096     -7.58     12.56
2014.21370     -5.66     13.56
2014.21644     -5.79     13.98
2014.21918     -3.28     12.21
2014.22192     -9.87     12.33
2014.22466     -4.07     12.20
2014.22740     -5.79     12.73
2014.23014     -6.53     12.58
2014.23288     -9.42     13.41
2014.23562      3.60     14.55
2014.23836     -1.73     13.88
2014.24110    -12.73     15.60
2014.24384     -0.78     14.41
2014.24658     -6.96     18.64
2014.24932     -7.63     13.29
2014.25205      6.30     14.36
2014.25479     -7.47     15.55
2014.25753     -9.83     15.28
2014.26027     -7.80     12.71
2014.26301     -7.70     12.89
2014.26575     -7.03     12.01
2014.26849     -4.82     12.97
2014.27123     -5.16     12.26
2014.27397    -10.51     16.20
2014.27671    -10.65     13.11
2014.27945     -6.98     12.63
2014.28219     -2.03     12.96
2014.28493     -0.46     12.44
2014.28767     -4.43     13.16
2014.29041    -10.38     12.89
2014.29315     -9.32     12.73
2014.29589     -0.85     13.84
2014.29863     -5.59     13.14
2014.30137    -13.42     12.37
2014.30411    -13.80     12.25
2014.30685     -3.14     12.54
2014.30959     -6.75     13.59
2014.31233     -9.57     12.60
2014.31507     -5.19     12.76
2014.31781     -0.76     13.80
2014.32055     -5.65     14.26
2014.32329     -6.65     12.33
2014.32603    -15.14     12.83
2014.32877    -18.12     13.77
2014.33151     -2.74     13.35
2014.33425      5.17     12.12
2014.33699     -5.28     12.99
2014.33973     -4.98     12.91
2014.34247    -10.36     12.70
2014.34521     -4.48     12.67
2014.34795     -5.61     12.32
2014.35068     -3.87     12.70
2014.35342     -4.98     13.45
2014.35616     -5.79     12.72
2014.35890      0.46     13.37
2014.36164     -2.48     14.14
2014.36438    -16.62     15.83
2014.36712     -8.35     14.98
2014.36986     -9.80     18.23
2014.37260    -13.05     14.99
2014.37534     -9.90     14.18
2014.37808    -14.72     15.23
2014.38082     -8.21     18.43
2014.38630     -2.70     15.41
2014.38904     -8.65     14.81
2014.39178      2.50     15.29
2014.39452      3.54     13.90
2014.39726     -3.90     13.18
2014.40000     -8.57     17.72
2014.40274      1.31     15.46
2014.40548    -13.56     18.12
2014.40822     -2.63     14.66
2014.41096     -9.35     13.87
2014.41370    -11.40     13.11
2014.41644    -16.01     14.53
2014.41918    -13.26     15.76
2014.42192     -8.44     17.23
2014.42466     -5.00     16.35
2014.42740     -8.87     15.57
2014.43014     -3.32     13.58
2014.43288     -0.05     14.13
2014.43562    -18.91     15.08
2014.43836     -9.88     14.02
2014.44110     -1.66     12.44
2014.44384     -6.86     13.71
2014.44658      1.49     13.80
2014.44932      0.42     13.43
2014.45205     -2.85     13.36
2014.45479      6.34     14.15
2014.45753     -0.31     15.05
2014.46027      4.01     13.55
2014.46301      1.30     12.75
2014.46575      5.98     14.16
2014.46849      6.15     14.02
2014.47123      4.13     14.63
2014.47397      6.52     15.21
2014.47945     -2.32     16.17
2014.48219     -9.96     16.36
2014.48493      1.51     14.66
2014.48767      6.63     13.15
2014.49041      8.46     19.97
2014.49315      3.76     15.09
2014.49589     -3.40     14.44
2014.49863     -6.19     14.51
2014.50137     -3.00     12.92
2014.50411     -0.81     15.13
2014.50685     -4.21     15.90
2014.50959      0.96     16.37
2014.51233    -10.07     15.56
2014.51507     -1.23     16.54
2014.51781    -13.84     16.44
2014.52329     -2.10     15.33
2014.52603     -4.28     13.84
2014.52877      0.34     13.02
2014.53151     -2.00     13.22
2014.53425     -1.81     15.00
2014.53699     10.04     15.43
2014.53973      6.52     15.42
2014.54521      8.20     16.72
2014.55068     -1.75     16.12
2014.55342     -1.41     16.38
2014.55616     -1.73     18.14
2014.56438     -2.62     16.21
2014.56712     -1.21     18.18
2014.56986      0.22     16.44
2014.57534     -1.26     15.48
2014.57808      5.47     17.50
2014.58356      3.21     19.67
2014.58630      7.46     18.29
2014.58904    -11.85     19.22
2014.59178      0.23     14.69
2014.59452      3.02     16.41
2014.59726     -8.21     19.30
2014.61918    -12.14     15.38
2014.62192      4.49     14.43
2014.62466      7.08     15.38
2014.62740     -1.37     15.27
2014.63014     13.51     17.20
2014.63288     12.42     17.48
2014.63562      1.52     16.24
2014.63836      2.58     14.88
2014.64384     -0.22     15.16
2014.64658      7.51     15.34
2014.64932      4.70     18.99
2014.65205      9.74     14.91
2014.65479      2.60     15.89
2014.65753      3.73     16.26
2014.66027     -3.67     15.44
2014.66301     -3.82     15.72
2014.66575     11.83     17.57
2014.66849     -3.17     18.61
2014.67123      3.39     15.37
2014.67397      0.13     15.29
2014.67671     18.68     17.24
2014.67945     12.67     14.18
2014.68219     12.66     20.05
2014.68493      9.57     15.35
2014.68767     -0.67     17.03
2014.69041     -5.13     15.27
2014.69315      6.90     18.33
2014.69589     15.03     14.43
2014.70137      3.86     15.47
2014.70411      5.28     16.86
2014.70685     13.33     17.95
2014.70959      0.65     14.53
2014.71233     12.40     15.32
2014.71507      4.41     18.25
2014.71781     14.51     17.04
2014.72055      2.84     18.86
2014.72329      4.82     14.29
2014.72603      1.50     15.79
2014.72877     13.10     14.47
2014.73151      3.75     14.93
2014.73425    -14.01     18.88
2014.73699      5.39     13.24
2014.73973     -3.49     12.98
2014.74247     -0.33     13.74
2014.74521     -2.84     13.40
2014.74795      9.21     16.88
2014.75068      1.99     15.69
2014.75342     -0.32     16.68
2014.75616     -6.16     14.49
2014.75890     -8.00     14.14
2014.76164     -7.91     12.75
2014.76438     10.30     13.54
2014.76712      6.39     12.92
2014.76986      1.38     12.70
2014.77260      6.81     12.93
2014.77534      1.89     13.26
2014.77808    -11.36     12.87
2014.78082      6.36     12.77
2014.78356      3.40     12.50
2014.78630      4.43     12.70
2014.78904     -2.10     13.60
2014.79178      6.45     12.46
2014.79452     10.12     13.11
2014.79726      9.64     12.14
2014.80000      9.37     13.42
2014.80274      9.84     12.75
2014.80548      6.53     12.28
2014.80822      4.15     12.06
2014.81096     10.26     12.10
2014.81370     10.35     11.93
2014.81644     11.72     12.58
2014.81918      4.87     13.08
2014.82192      8.33     13.46
2014.82466      7.68     12.00
2014.82740      9.57     12.03
2014.83014     16.66     12.55
2014.83288      3.13     12.79
2014.83562      8.39     12.24
2014.83836      0.50     13.04
2014.84110      6.32     12.06
2014.84384      7.29     12.04
2014.84658     11.35     12.77
2014.84932     11.89     12.22
2014.85205      7.23     13.65
2014.85479     12.70     13.24
2014.85753      7.53     12.34
2014.86027     10.44     12.15
2014.86301      7.01     12.76
2014.86575      1.82     11.74
2014.86849     10.78     12.09
2014.87123     12.11     12.24
2014.87397     10.30     12.09
2014.87671      4.15     13.06
2014.87945      2.03     13.53
2014.88219      8.27     11.62
2014.88493      4.99     11.44
2014.88767     15.40     11.82
2014.89041      7.37     12.56
2014.89315     10.05     11.85
2014.89589      9.99     12.40
2014.89863      5.80     11.62
2014.90137      4.12     12.35
2014.90411      3.31     12.01
2014.90685     10.88     12.70
2014.90959      9.48     12.22
2014.91233     10.73     12.95
2014.91507      8.81     13.18
2014.91781      5.60     12.43
2014.92055      5.42     11.96
2014.92329      9.50     12.62
2014.92603      2.88     12.89
2014.92877      3.54     11.74
2014.93151      8.36     11.65
2014.93425     11.02     12.02
2014.93699      4.23     12.10
2014.93973     11.28     11.62
2014.94247      9.34     11.39
2014.94521      1.66     11.58
2014.94795     -2.68     11.76
2014.95068      5.54     11.29
2014.95342      8.42     11.09
2014.95616      3.91     11.43
2014.95890      7.11     11.56
2014.96164     14.87     12.03
2014.96438     18.00     12.06
2014.96712     12.90     12.78
2014.96986      4.52     11.94
2014.97260      7.11     11.07
2014.97534      5.62     11.22
2014.97808     11.36     11.45
2014.98082     11.73     12.13
2014.98356     10.73     12.49
2014.98630      5.56     11.55
2014.98904      4.12     11.72
2014.99178      2.99     11.36
2014.99452     13.30     10.83
2014.99726     11.71     11.15
2015.00000     10.53     11.45
2015.00274      7.34     11.41
2015.00548      7.90     11.18
2015.00822      9.11     11.31
2015.01096      9.19     10.94
2015.01370      6.15     10.76
2015.01644     10.18     11.28
2015.01918      4.98     11.24
2015.02192      9.06     11.59
2015.02466      2.04     11.58
2015.02740      2.07     11.03
2015.03014     10.42     11.46
2015.03288      9.55     11.24
2015.03562      9.22     13.49
2015.03836      2.01     11.32
2015.04110      6.79     10.87
2015.04384      2.58     11.53
2015.04658      3.47     11.21
2015.04932      7.60     11.47
2015.05205     12.21     14.18
2015.05479     12.66     12.39
2015.05753      6.83     12.39
2015.06027      3.31     11.34
2015.06301      4.82     11.45
2015.06575      8.45     11.89
2015.06849     11.41     11.38
2015.07123      7.01     11.51
2015.07397      4.94     11.17
2015.07671     10.16     10.78
2015.07945      3.34     11.03
2015.08219      6.28     10.85
2015.08493      4.80     10.84
2015.08767      8.34     10.80
2015.09041      7.68     10.82
2015.09315      7.32     11.26
2015.09589      7.66     11.19
2015.09863      9.78     11.03
2015.10137     11.42     11.34
2015.10411      6.06     11.47
2015.10685      6.70     11.05
2015.10959      7.11     10.84
2015.11233      8.22     11.24
2015.11507      5.46     11.69
2015.11781     16.16     11.32
2015.12055      1.66     12.30
2015.12329      9.55     12.66
2015.12603      3.42     15.63
2015.12877     15.70     12.70
2015.13151     13.89     11.82
2015.13425      7.34     11.40
2015.13699      9.82     11.32
2015.13973     11.17     11.71
2015.14247     10.30     14.89
2015.14521     13.22     12.16
2015.14795      3.80     12.61
2015.15068     17.08     11.90
2015.15342      7.32     12.40
2015.15616      3.38     12.99
2015.15890      9.05     12.10
2015.16164      7.07     12.21
2015.16438      2.06     11.44
2015.16712      7.84     12.17
2015.16986      3.96     11.92
2015.17260     10.50     12.29
2015.17534      9.08     12.33
2015.17808      5.64     12.31
2015.18082      3.37     11.33
2015.18356      5.72     12.57
2015.18630     10.74     12.93
2015.18904      2.91     12.36
2015.19178      5.00     12.11
2015.19452      5.21     12.43
2015.19726     -0.10     12.54
2015.20000      4.49     13.05
2015.20274      9.04     12.86
2015.20548      4.70     14.01
2015.20822      7.45     12.84
2015.21096     17.29     12.31
2015.21370      5.79     12.49
2015.21644      8.77     11.54
2015.21918      6.94     12.23
2015.22192      5.88     12.00
2015.22466     -1.36     13.35
2015.22740     -1.34     12.55
2015.23014      2.68     11.57
2015.23288      3.41     11.79
2015.23562      7.04     11.54
2015.23836     11.52     12.12
2015.24110      7.19     12.04
2015.24384      9.09     12.07
2015.24658     10.70     12.08
2015.24932      9.02     13.17
2015.25205     10.47     13.10
2015.25479      4.96     13.15
2015.25753     10.79     14.78
2015.26027     10.80     14.84
2015.26301      5.78     19.03
2015.26575      8.03     13.68
2015.26849      6.62     12.74
2015.27123      0.70     11.93
2015.27397      7.18     11.47
2015.27671      0.41     12.95
2015.27945     10.99     12.65
2015.28219     12.41     12.85
2015.28493      8.41     11.75
2015.28767      5.47     13.03
2015.29041      8.99     13.79
2015.29315      9.00     14.52
2015.29589      0.45     13.39
2015.29863      3.06     13.30
2015.30137      2.14     15.20
2015.30411      9.06     14.74
2015.30685      2.50     12.37
2015.30959      5.64     12.51
2015.31233     10.44     12.15
2015.31507      4.55     12.14
2015.31781     10.57     11.79
2015.32055     10.93     12.02
2015.32329      9.90     12.64
2015.32603      6.92     13.46
2015.32877      3.64     14.11
2015.33151      6.01     12.57
2015.33425     -0.63     13.80
2015.33699     -0.90     14.42
2015.33973     -6.87     16.04
2015.34247      1.62     13.68
2015.34521      1.88     14.08
2015.34795      1.76     13.25
2015.35068     -2.64     13.37
2015.35342      7.74     14.12
2015.35616     -0.28     15.46
2015.35890      5.59     14.84
2015.36164      1.98     16.21
2015.36438      6.12     13.09
2015.36712      3.69     13.13
2015.36986     -3.70     13.90
2015.37260     10.99     15.78
2015.37534     -2.68     14.33
2015.37808     -8.98     13.21
2015.38082     -0.97     14.87
2015.38356     -8.71     18.91
2015.38630     -6.25     13.85
2015.38904     -1.32     15.53
2015.39178     -5.21     14.25
2015.39452     -5.00     15.32
2015.39726     -6.11     13.11
2015.40000      1.44     14.11
2015.40274     -2.09     13.20
2015.40548      5.92     15.66
2015.40822     -3.48     13.14
2015.41096      0.45     15.99
2015.41370     -9.83     15.49
2015.41644     -3.06     13.94
2015.41918     -0.84     13.61
2015.42192     -7.29     13.49
2015.42466      0.08     13.59
2015.42740     -4.44     15.06
2015.43014    -11.45     16.03
2015.43288     -6.15     14.97
2015.43562     -0.11     13.60
2015.43836      4.20     13.57
2015.44110      5.91     13.55
2015.44384     -2.30     13.84
2015.44658      9.77     13.17
2015.44932      8.97     15.17
2015.45205     -1.33     15.56
2015.45479      2.22     14.44
2015.45753      0.92     14.47
2015.46027     -3.28     14.71
2015.46301     -5.60     13.95
2015.46575      0.43     15.41
2015.47123     -0.65     16.29
2015.47397      4.61     14.43
2015.47671      0.03     15.77
2015.47945     18.62     17.30
2015.48219     -2.65     15.93
2015.48493      6.28     16.12
2015.48767      2.41     14.56
2015.49041     -6.13     13.87
2015.49315     -3.82     15.94
2015.49589      1.95     14.78
2015.50137     -0.60     15.59
2015.50411     -8.32     14.41
2015.50685     -5.28     16.29
2015.50959     -5.46     18.66
2015.51233      7.33     15.58
2015.51507      6.80     15.03
2015.51781     16.40     17.32
2015.52055     -5.10     16.91
2015.52329    -15.51     14.75
2015.52603     -6.48     14.83
2015.52877     -9.06     16.32
2015.53425     -9.00     18.03
2015.53973    -14.40     14.59
2015.54247      6.11     20.00
2015.54521     12.40     19.72
2015.54795     -0.48     16.34
2015.55068    -10.04     13.95
2015.55342     -6.42     14.97
2015.55616     -1.31     17.19
2015.55890     -4.05     13.84
2015.56164    -14.61     15.44
2015.56438    -11.28     15.64
2015.56712    -16.39     15.71
2015.56986      1.21     17.82
2015.57260     -7.46     17.22
2015.57534     -8.95     15.30
2015.57808     -5.59     14.77
2015.58082    -12.03     17.52
2015.58356    -14.81     18.72
2015.58630     -0.23     16.98
2015.58904      2.01     15.76
2015.59178     -2.55     15.66
2015.59452    -13.87     17.74
2015.59726     -7.86     15.93
2015.60000     -6.99     17.95
2015.60274      0.51     18.32
2015.60822      2.09     18.36
2015.61096    -10.56     15.17
2015.61370     -7.93     17.32
2015.61644     -9.51     14.08
2015.61918     -2.28     13.47
2015.62192    -11.25     14.76
2015.62466      1.75     14.83
2015.62740     -0.64     15.44
2015.63014     -0.18     15.19
2015.63562      1.76     15.24
2015.63836     -4.52     18.83
2015.64110     -3.75     14.86
2015.64384    -11.26     16.83
2015.64932     -2.59     19.73
2015.65479     -4.50     14.66
2015.65753      4.41     15.56
2015.66027      8.60     14.43
2015.66301     -1.29     14.17
2015.66575    -13.24     15.64
2015.66849     -9.37     13.65
2015.67123     -5.72     14.68
2015.67397     -0.92     13.17
2015.67671     -4.46     13.56
2015.67945      0.35     13.26
2015.68219     12.35     15.43
2015.68493      4.61     15.85
2015.68767      2.59     15.22
2015.69041      3.94     14.00
2015.69315      3.15     13.85
2015.69589     -3.91     13.54
2015.69863      1.96     13.94
2015.70137     -5.57     14.32
2015.70411     -1.13     13.81
2015.70685     -1.22     14.02
2015.70959      3.96     16.23
2015.71233     -3.93     12.71
2015.71507     -1.94     12.94
2015.71781      9.04     12.27
2015.72055     -6.83     11.52
2015.72329      2.19     13.35
2015.72603      5.17     12.55
2015.72877      7.45     12.31
2015.73151     -2.25     13.30
2015.73425      2.29     12.83
2015.73699     -1.02     12.82
2015.73973      6.30     13.73
2015.74247     -3.00     16.69
2015.74521     -0.35     15.75
2015.74795      2.41     14.81
2015.75068      4.27     16.94
2015.75342     -3.01     14.18
2015.75616     -4.14     12.67
2015.75890    -13.59     13.24
2015.76164     -4.17     13.44
2015.76438     -4.85     13.16
2015.76712    -11.74     12.39
2015.76986    -15.22     16.63
2015.77260     -8.37     12.18
2015.77534     -7.45     12.66
2015.77808    -10.66     11.93
2015.78082    -12.17     11.95
2015.78356     -4.14     13.48
2015.78630     -9.47     12.77
2015.78904     -6.20     12.01
2015.79178     -1.76     13.14
2015.79452      4.22     13.94
2015.79726      4.42     13.31
2015.80000     -5.84     13.99
2015.80274      8.06     13.46
2015.80548     -4.94     14.53
2015.80822    -12.12     14.13
2015.81096     -9.02     13.94
2015.81370    -17.12     14.84
2015.81644      3.12     13.51
2015.81918     -8.70     12.42
2015.82192     -0.87     12.56
2015.82466     -8.23     11.94
2015.82740     -7.48     12.36
2015.83014     -0.87     15.17
2015.83288     -4.59     14.95
2015.83562     -1.83     13.13
2015.83836     -0.38     13.85
2015.84110     -2.40     14.30
2015.84384      3.08     13.06
2015.84658      5.48     12.40
2015.84932     -0.85     13.06
2015.85205     -0.96     13.30
2015.85479     -0.73     12.91
2015.85753      0.14     14.08
2015.86027      0.08     12.92
2015.86301      2.69     12.84
2015.86575      4.13     12.14
2015.86849      3.73     12.64
2015.87123      9.75     14.09
2015.87397     -5.23     13.26
2015.87671      5.81     12.41
2015.87945     -0.82     12.16
2015.88219      1.25     12.52
2015.88493      4.06     14.85
2015.88767    -15.00     17.23
2015.89041    -13.42     15.04
2015.89315      0.48     11.86
2015.89589     -2.51     13.36
2015.89863    -12.55     14.45
2015.90137      1.21     13.35
2015.90411      1.26     11.95
2015.90685     -0.76     11.97
2015.90959     -2.50     11.81
2015.91233     -1.49     12.36
2015.91507     -5.43     11.27
2015.91781     -2.09     11.65
2015.92055     -5.62     12.11
2015.92329     -9.40     11.35
2015.92603     -0.50     12.82
2015.92877     -7.79     14.84
2015.93151     -5.40     12.89
2015.93425     -6.96     12.06
2015.93699     -3.31     11.26
2015.93973    -13.19     14.56
2015.94247     -9.92     12.94
2015.94795     -8.62     11.63
2015.95068     -1.31     12.36
2015.95342     -8.27     11.35
2015.95616      4.48     10.86
2015.95890    -11.02     11.13
2015.96164     -2.83     10.76
2015.96438     -0.43     10.33
2015.96712     -8.29     11.70
2015.96986     -5.48     12.25
2015.97260     -4.59     12.29
2015.97534     -1.32     11.18
2015.97808     -5.33     11.02
2015.98082     -6.02     11.37
2015.98356     -5.02     11.23
2015.98630     -3.25     10.75
2015.98904      0.52     11.70
2015.99178     -1.09     10.80
2015.99452     -2.20     10.29
2015.99726     -2.86     10.47
2016.00000     -6.21     10.50
2016.00273     -1.64     10.57
2016.00546      1.51     13.50
2016.00820      0.81     14.74
2016.01093      4.73     11.64
2016.01366     -5.91     14.10
2016.01639     -6.88     13.68
2016.01913     -3.82     12.72
2016.02186     -2.77     11.42
2016.02459     -7.04     11.14
2016.02732     -0.51     11.81
2016.03005     -0.84     12.58
2016.03279     -8.69     13.69
2016.03552      1.50     13.47
2016.03825     -9.13     11.54
2016.04098    -11.62     12.98
2016.04372      0.54     13.80
2016.04645    -11.26     14.99
2016.04918     -6.22     11.30
2016.05191     -6.04     11.67
2016.05464     -6.06     11.67
2016.05738     -5.75     11.34
2016.06011     -0.13     11.34
2016.06284     -7.95     11.62
2016.06557     -3.43     11.24
2016.06831    -15.11     11.40
2016.07104    -11.28     11.39
2016.07377     -2.76     11.82
2016.07650      0.53     12.64
2016.07923     -2.69     16.06
2016.08197     11.66     12.24
2016.08470     -1.24     11.26
2016.08743      4.02     12.81
2016.09016      2.05     11.26
2016.09290      4.96     11.25
2016.09563     -1.95     14.14
2016.10383      6.22     11.48
2016.10656      5.17     11.15
2016.10929      4.17     11.13
2016.11202     10.69     11.58
2016.11475      9.62     17.57
2016.11749     18.33     14.53
2016.12022      9.14     12.33
2016.12295     15.69     12.83
2016.12568      9.74     11.72
2016.12842     13.02     11.21
2016.13115     15.13     11.13
2016.13388     11.06     10.84
2016.13661     11.19     11.16
2016.13934     11.16     11.38
2016.14208     10.22     11.15
2016.14481      9.09     11.03
2016.14754     16.27     11.20
2016.15027      4.46     10.79
2016.15301      0.94     10.74
2016.15574      5.99     11.21
2016.15847      7.75     11.26
2016.16120     11.37     12.45
2016.16393      6.62     11.80
2016.16667      5.20     12.15
2016.16940     10.15     12.23
2016.17213     12.52     11.72
2016.17486     13.36     11.78
2016.17760     16.42     14.04
2016.18033     15.84     11.06
2016.18306     13.45     11.43
2016.18579     19.02     13.05
2016.18852     15.46     13.77
2016.19126      5.48     13.01
2016.19399      5.02     11.21
2016.19672     12.04     11.50
2016.19945      5.43     14.42
2016.20219      8.38     11.55
2016.20492      4.92     11.57
2016.20765      7.37     11.04
2016.21038      7.49     11.82
2016.21311     17.61     12.96
2016.21585     12.63     12.58
2016.21858     11.54     11.75
2016.22131     21.24     11.87
2016.22404     11.95     11.66
2016.22678      8.57     15.60
2016.22951     10.14     11.06
2016.23224      9.49     11.36
2016.23497     22.32     11.17
2016.23770     14.68     11.25
2016.24044     15.00     11.24
2016.24317     15.90     11.41
2016.24590     11.00     11.76
2016.24863     11.67     11.94
2016.25137     22.14     12.30
2016.25410     23.19     13.85
2016.25683     22.27     13.00
2016.25956     23.51     12.05
2016.26230     15.26     11.70
2016.26503     24.88     12.14
2016.26776     25.81     12.55
2016.27049     19.04     13.21
2016.27322     29.06     13.97
2016.27596      6.97     18.33
2016.27869     17.62     16.23
2016.28142     24.59     15.05
2016.28962     16.63     16.71
2016.29235     21.34     16.15
2016.29508     12.47     14.92
2016.29781     13.75     17.03
2016.30055     21.69     14.36
2016.30328     14.22     14.66
2016.30601     16.72     14.80
2016.30874     11.86     13.62
2016.31148     19.44     14.68
2016.31421     17.25     15.19
2016.31694     18.89     15.59
2016.31967     15.22     15.91
2016.32240      8.44     15.79
2016.32514     13.50     15.32
2016.32787     11.23     14.26
2016.33060     11.24     13.40
2016.33333     19.62     15.05
2016.33607     10.97     15.10
2016.33880     19.61     14.76
2016.34153     12.01     13.78
2016.34426     20.18     14.61
2016.34699     14.71     14.84
2016.34973     14.47     14.49
2016.35246     19.95     14.30
2016.35519     11.77     14.64
2016.35792     18.43     19.35
2016.36066     10.34     19.03
2016.36339      7.74     16.84
2016.36612     13.74     18.51
2016.36885     14.03     17.67
2016.37158     15.71     15.66
2016.37432     14.23     15.14
2016.37705     10.48     12.50
2016.37978     15.01     13.56
2016.38251      6.17     13.41
2016.38798      1.94     16.59
2016.39071      3.25     19.34
2016.40437     18.31     16.89
2016.40710     18.02     15.10
2016.40984     19.68     14.89
2016.41257     22.25     16.19
2016.41530     17.00     14.01
2016.41803     13.54     14.77
2016.42077      9.82     16.80
2016.42350     10.67     14.22
2016.42623     20.83     15.93
2016.43169     21.72     16.40
2016.43716      9.58     18.96
2016.43989     16.41     15.38
2016.44262     14.66     17.13
2016.44536     13.39     16.39
2016.44809     31.45     18.64
2016.45628     10.39     15.51
2016.45902     11.15     14.60
2016.46175     16.76     15.89
2016.46721     14.64     17.90
2016.46995      2.58     16.27
2016.47268     19.90     15.47
2016.47541     13.93     16.70
2016.47814     14.37     17.13
2016.48087      6.40     18.34
2016.48361     10.80     16.55
2016.48907      9.85     17.07
2016.49180     24.16     18.11
2016.49454     -2.02     18.24
2016.49727     -4.04     18.85
2016.50000      0.69     17.21
2016.50273      8.44     16.18
2016.50546      8.26     17.37
2016.50820     17.56     17.16
2016.51093     14.75     17.50
2016.51366     11.56     19.86
2016.51639     17.92     17.26
2016.52186     16.95     18.77
2016.52459     12.44     19.94
2016.53279     23.25     18.14
2016.54918     12.44     16.01
2016.57104     13.69     17.75
2016.57377     15.86     18.06
2016.58197     26.65     20.04
2016.58743     16.48     14.48
2016.59016     15.08     15.07
2016.59290     17.46     14.47
2016.59563     13.28     13.86
2016.59836      9.72     18.58
2016.60656     12.03     19.85
2016.61202      4.87     18.82
2016.61475     19.30     14.69
2016.61749     19.90     15.03
2016.62022     14.62     15.86
2016.62295     16.14     18.60
2016.62568     11.98     18.26
2016.62842     12.56     18.03
2016.63388     16.96     19.84
2016.63661     21.62     18.20
2016.64208     26.08     18.65
2016.64481     13.35     17.10
2016.64754      9.60     18.74
2016.65027     21.72     16.80
2016.66393     12.09     16.26
2016.66667     25.48     16.41
2016.66940     13.87     17.54
2016.67486     20.49     19.03
2016.67760     14.38     17.75
2016.68579     17.79     16.66
2016.68852      2.87     18.17
2016.69126     16.89     15.92
2016.69399     19.17     16.42
2016.69945      5.45     18.60
2016.70219     21.67     17.22
2016.71585     13.50     15.65
2016.72131      9.27     18.99
2016.72404      6.21     17.92
2016.72951     11.23     19.92
2016.73224     19.48     16.90
2016.73497     12.70     19.36
2016.74863     12.92     18.22
2016.75137      2.41     18.90
2016.75410     18.55     18.05
2016.75683     17.13     17.19
2016.76776     15.77     19.06
2016.77049     14.01     18.34
2016.77322     -0.63     18.86
2016.77596     14.64     18.72
2016.77869     25.78     19.40
2016.78142      7.55     19.13
2016.78689     19.12     17.61
2016.79235      5.76     19.61
2016.79508     25.54     19.21
2016.79781     14.44     17.04
2016.80601     20.05     18.74
2016.80874      8.72     16.66
2016.81148     26.36     16.44
2016.81421     18.32     15.27
2016.81694     14.97     15.40
2016.81967      7.99     18.99
2016.82240     18.73     14.35
2016.82514     22.95     15.65
2016.83607     12.86     16.54
2016.84153      7.84     18.07
2016.84973      7.93     20.04
2016.85792     11.24     16.41
2016.86339      7.18     18.96
2016.86612     15.92     17.48
2016.87158     16.52     19.13
2016.88251     17.68     13.25
2016.88525     16.68     15.01
2016.88798     16.79     14.08
2016.89071     19.90     13.44
2016.89344     12.98     13.58
2016.89617     12.48     14.45
2016.89891     16.68     13.15
2016.90164      2.60     12.99
2016.90437     15.17     15.29
2016.90710     24.63     16.56
2016.90984     17.76     15.92
2016.91257     10.93     14.48
2016.91530     10.76     15.40
2016.91803     11.69     14.76
2016.92077      8.30     13.45
2016.92350      7.69     12.78
2016.92623     10.73     14.50
2016.92896     11.73     14.08
2016.93169     16.49     13.59
2016.93443     13.85     13.22
2016.93716     16.13     14.38
2016.93989     10.63     14.30
2016.94262     10.61     13.99
2016.94536      7.87     13.79
2016.94809      6.13     13.87
2016.95082      4.96     13.26
2016.95355      9.19     12.83
2016.95628     11.08     11.38
2016.95902     14.18     12.26
2016.96175      5.42     12.57
2016.96448      9.97     12.78
2016.96721     17.29     12.93
2016.96995      8.87     13.24
2016.97268     11.36     12.99
2016.97541     11.47     12.91
2016.97814     12.20     12.41
2016.98087     11.81     12.06
2016.98361     10.60     11.86
2016.98634     14.96     13.38
2016.98907      6.53     14.41
2016.99180     11.26     13.15
2016.99454     16.43     12.95
2016.99727     13.76     13.26
2017.00000     13.18     12.95
2017.00274      9.84     12.27
2017.00548     11.44     12.59
2017.00822     15.17     11.88
2017.01096     14.80     11.81
2017.01370     14.85     11.89
2017.01644     12.10     12.17
2017.01918     15.49     12.57
2017.02192     14.04     12.70
2017.02466      4.26     12.64
2017.02740     15.75     13.02
2017.03014     14.01     13.18
2017.03288     22.06     13.08
2017.03562     13.32     12.14
2017.03836     16.30     11.52
2017.04110     14.74     11.77
2017.04384     15.19     12.23
2017.04658      8.44     12.41
2017.04932     20.70     12.31
2017.05205     12.26     12.47
2017.05479     12.48     12.10
2017.05753     11.24     12.75
2017.06027     14.65     12.50
2017.06301     13.77     11.68
2017.06575     17.55     11.99
2017.06849     13.82     12.54
2017.07123     24.73     12.38
2017.07397     24.33     12.83
2017.07671     20.83     12.25
2017.07945     26.64     12.72
2017.08219     20.47     14.29
2017.08493     15.35     13.96
2017.08767     15.74     12.81
2017.09041     16.85     11.70
2017.09315     13.62     14.18
2017.09589     22.95     14.36
2017.09863     11.91     13.84
2017.10137     17.01     12.44
2017.10411     15.73     13.11
2017.10685     17.36     13.21
2017.10959     21.86     11.06
2017.11233     14.79     11.37
2017.11507     15.99     11.21
2017.11781     14.33     11.23
2017.12055     15.23     12.04
2017.12329     11.22     11.89
2017.12603     13.31     11.57
2017.12877     20.43     11.87
2017.13151     13.58     12.26
2017.13425     15.90     13.36
2017.13699     15.55     14.25
2017.13973     19.48     12.90
2017.14247     23.78     13.91
2017.14521     21.49     14.57
2017.14795     22.04     12.57
2017.15068     19.15     12.16
2017.15616     16.11     12.11
2017.15890     17.13     11.68
2017.16164     20.38     11.67
2017.16438     13.44     12.14
2017.16712     17.96     11.78
2017.16986     17.64     11.34
2017.17260     13.41     11.41
2017.17534     21.51     12.55
2017.17808     14.35     11.92
2017.18082     17.20     11.58
2017.18356     14.29     12.25
2017.18630     16.65     12.03
2017.18904     20.54     13.66
2017.19178     11.98     11.83
2017.19452     16.07     11.56
2017.19726     15.60     12.69
2017.20000     16.32     12.07
2017.20274      8.93     12.41
2017.20548     19.72     12.69
2017.20822     15.59     11.88
2017.21096     16.96     12.83
2017.21370     17.44     13.07
2017.21644     12.57     12.68
2017.21918     17.27     14.02
2017.22192     13.61     16.94
2017.22466     21.48     13.82
2017.22740     18.34     13.42
2017.23014     15.37     13.70
2017.23288     11.35     13.65
2017.23562     16.64     13.83
2017.23836     10.90     14.20
2017.24110     11.30     13.43
2017.24384     17.98     13.98
2017.24658     20.10     17.79
2017.24932     -0.23     14.37
2017.25205      8.75     17.98
2017.25479     11.43     13.46
2017.25753     12.34     13.39
2017.26027     17.45     13.09
2017.26301     24.93     14.61
2017.26575     16.45     14.14
2017.26849     25.84     16.00
2017.27123     12.00     15.66
2017.27397     19.05     14.59
2017.27671      7.02     19.59
2017.27945     20.90     17.85
2017.28219      7.82     14.39
2017.28493      9.81     13.60
2017.28767      4.41     14.23
2017.29041      6.43     13.98
2017.29315     15.38     14.28
2017.29589     16.96     15.09
2017.30137      2.74     16.39
2017.30411     14.50     19.08
2017.30685     21.81     14.92
2017.30959     17.16     13.26
2017.31233      2.05     12.31
2017.31507     13.06     13.32
2017.31781     10.09     13.31
2017.32055      5.51     13.82
2017.32329      3.14     13.17
2017.32603      5.38     13.53
2017.32877     15.63     14.36
2017.33151     15.62     12.72
2017.33425      5.25     14.50
2017.33699      9.64     13.48
2017.33973     13.99     13.39
2017.34247     16.39     14.87
2017.34521     14.55     15.63
2017.34795     14.36     13.19
2017.35068      7.15     14.01
2017.35342     14.53     15.39
2017.35616     11.68     17.43
2017.35890     10.52     14.90
2017.36164     10.43     15.06
2017.36438     12.08     14.34
2017.36712     18.07     14.42
2017.36986     10.29     13.64
2017.37260     11.26     14.32
2017.37534      2.82     14.14
2017.37808     10.69     16.98
2017.38082     20.41     13.95
2017.38356     16.98     13.89
2017.38630     13.68     13.93
2017.38904     10.17     12.85
2017.39178     14.23     14.97
2017.39452     16.46     18.84
2017.39726     13.67     17.97
2017.40000     12.12     13.04
2017.40274      1.94     12.61
2017.40548      4.61     14.18
2017.40822      6.63     15.01
2017.41096      7.97     18.61
2017.41370     16.28     15.43
2017.41918      3.53     17.83
2017.42192     24.33     18.95
2017.42466      7.12     20.12
2017.42740      8.71     14.76
2017.43014     18.07     14.45
2017.43288     17.05     17.86
2017.43562      2.44     19.40
2017.43836     10.51     16.64
2017.44110      4.97     15.51
2017.44384      4.81     14.33
2017.44658     11.12     19.37
2017.44932     11.93     18.02
2017.45205     14.91     19.98
2017.46301     15.50     19.69
2017.46575     10.24     17.85
2017.46849      4.07     18.23
2017.47123     11.01     15.51
2017.47397      9.56     14.67
2017.47671      4.19     16.32
2017.47945     12.71     19.68
2017.48219      9.64     14.96
2017.48493     13.89     13.87
2017.48767      8.14     14.94
2017.49041     13.77     17.06
2017.49315     11.68     17.16
2017.49589     14.30     17.15
2017.49863     11.23     15.53
2017.50411     19.48     18.80
2017.50959     16.40     17.07
2017.51233      5.62     17.85
2017.51507     20.80     15.26
2017.51781      7.90     18.22
2017.52055     -7.36     17.17
2017.52603      0.98     17.04
2017.52877     12.56     18.60
2017.53151     18.34     18.68
2017.53425      6.44     17.23
2017.53699      3.42     18.51
2017.53973      7.55     18.05
2017.54247     15.64     13.86
2017.54521     17.00     15.19
2017.54795     13.08     14.71
2017.55068     15.09     14.83
2017.55616     19.46     14.80
2017.55890     11.68     15.26
2017.56164     10.63     18.77
2017.56438      5.14     18.60
2017.56986      3.76     17.70
2017.57260     10.35     18.04
2017.58630      2.19     16.51
2017.58904     -6.52     18.63
2017.59178      8.77     17.67
2017.59452     18.41     16.51
2017.59726     10.31     16.49
2017.60000     10.02     17.78
2017.60274     11.82     16.62
2017.60548     13.92     18.12
2017.60822      3.43     18.83
2017.61096      9.38     16.40
2017.61370     16.59     16.09
2017.61644      9.75     14.21
2017.61918      3.25     15.23
2017.62192     11.28     15.97
2017.62466     11.35     16.51
2017.62740     11.53     15.51
2017.63014      9.08     18.13
2017.63288     13.03     19.84
2017.63562      3.64     18.65
2017.64384     14.16     14.95
2017.64658      0.82     15.36
2017.64932     17.40     16.33
2017.65205      9.00     16.85
2017.65479     -5.41     15.81
2017.65753      3.75     16.88
2017.66027     12.28     18.67
2017.66301      3.58     19.22
2017.66575     11.84     16.78
2017.67123      6.91     17.48
2017.67397      6.50     18.67
2017.67671     20.23     20.04
2017.67945      7.79     16.83
2017.68219      5.07     14.85
2017.68493     -0.16     15.20
2017.68767      9.32     14.87
2017.69041      5.89     14.07
2017.69315      4.89     15.91
2017.69589      4.46     16.65
2017.69863      7.12     16.49
2017.70137      8.28     19.77
2017.70411     17.56     16.75
2017.70685      6.52     14.62
2017.70959      7.27     15.90
2017.71233     12.06     16.36
2017.71507      2.39     15.61
2017.71781      8.15     18.92
2017.72055      5.76     14.58
2017.72329      2.80     14.24
2017.72603      4.59     15.77
2017.72877     -0.34     14.51
2017.73151      6.50     15.52
2017.73425      9.54     16.75
2017.73699      6.88     14.80
2017.73973     10.39     14.47
2017.74247     10.67     16.70
2017.74795     10.51     15.59
2017.75068      2.29     15.99
2017.75342     14.70     17.65
2017.75616     19.06     19.16
2017.76164     -4.80     15.45
2017.76438     13.61     17.15
2017.76712      0.50     19.05
2017.77808     14.97     18.88
2017.78082      8.30     19.26
2017.78630     17.58     19.14
2017.79178     -0.93     19.87
2017.79452      0.41     18.41
2017.79726      0.55     15.57
2017.80000     -3.80     15.21
2017.80274     -0.46     13.04
2017.80548      6.71     13.17
2017.80822     -2.51     13.26
2017.81096      4.28     13.84
2017.81370     -1.80     13.79
2017.81644      6.46     13.98
2017.81918      2.45     13.84
2017.82192     -2.09     13.49
2017.82466     -3.84     13.55
2017.82740     -7.55     13.80
2017.83014     -1.14     13.71
2017.83288      8.17     13.09
2017.83562     10.53     13.73
2017.83836     11.38     15.07
2017.84110      7.11     14.47
2017.84384      2.10     13.94
2017.84658      6.75     13.46
2017.84932     12.82     14.14
2017.85205      7.89     14.50
2017.85479     12.99     13.39
2017.85753     13.94     13.36
2017.86301      6.06     15.08
2017.86575      5.07     12.67
2017.86849     12.28     12.86
2017.87123      6.87     13.69
2017.87397     12.77     13.26
2017.87671     11.38     13.24
2017.87945      3.96     13.46
2017.88219      0.88     14.48
2017.88493      8.61     12.43
2017.88767      3.83     12.27
2017.89041      4.90     12.91
2017.89315     12.15     13.06
2017.89589      4.63     13.84
2017.89863      6.39     12.62
2017.90137      6.68     12.68
2017.90411      3.22     12.78
2017.90685      7.66     12.93
2017.90959      1.98     12.38
2017.91233      5.16     13.22
2017.91507      7.23     13.17
2017.91781      7.12     15.52
2017.92055      6.96     14.54
2017.92329      6.37     13.43
2017.92603      0.59     13.05
2017.92877      5.69     12.46
2017.93151      7.40     13.39
2017.93425     11.66     13.29
2017.93699      2.19     12.06
2017.93973      3.64     13.07
2017.94247      8.18     12.43
2017.94521      8.20     12.61
2017.94795      3.60     12.41
2017.95342      3.64     12.82
2017.95616      3.56     12.69
2017.95890     -6.80     13.81
2017.96164     -6.11     14.08
2017.96438      8.73     13.87
2017.96712      4.37     15.60
2017.96986      5.09     15.91
2017.97260      4.08     12.35
2017.97534      4.52     11.81
2017.97808      9.74     12.18
2017.98082      4.26     13.27
2017.98356      9.37     11.99
2017.98630      2.22     12.00
2017.98904      8.16     12.36
2017.99178      3.02     13.47
2017.99452      1.77     12.54
2017.99726      6.42     12.72
2018.00000      5.46     12.44
2018.00274      3.88     12.83
2018.00548      6.61     12.39
2018.00822     -1.02     12.76
2018.01096      3.72     13.57
2018.01370      6.40     13.14
2018.01644      9.11     12.76
2018.01918      6.15     12.57
2018.02192      9.00     14.43
2018.02466      8.59     14.31
2018.02740      4.77     12.95
2018.03014      1.66     13.03
2018.03288     -0.90     12.35
2018.03562      3.54     12.09
2018.03836      7.33     13.36
2018.04110      9.63     12.70
2018.04384      9.01     13.10
2018.04658     13.17     13.50
2018.04932     10.86     13.31
2018.05205      8.16     13.59
2018.05479      8.58     12.70
2018.05753      5.23     14.65
2018.06027      8.02     13.82
2018.06301      4.84     12.82
2018.06575     10.46     13.02
2018.06849     -1.90     13.39
2018.07123      4.47     13.54
2018.07397      0.90     13.77
2018.07671      1.13     15.33
2018.07945      5.14     13.24
2018.08219     -1.65     12.58
2018.08493     -2.27     13.16
2018.08767      4.08     12.71
2018.09041      0.37     12.58
2018.09315      0.66     12.08
2018.09589      5.63     11.98
2018.09863      8.65     12.81
2018.10137      3.71     13.27
2018.10411     11.38     13.21
2018.10685     12.23     12.71
2018.10959      5.39     12.86
2018.11233     12.97     13.20
2018.11507      7.12     12.50
2018.11781      2.60     12.45
2018.12055      6.74     12.44
2018.12329      3.14     12.60
2018.12603      3.91     13.65
2018.12877      4.25     17.11
2018.13151     -1.55     12.98
2018.13425      3.28     12.97
2018.13699      8.41     12.82
2018.13973     -2.00     14.49
2018.14247      6.17     13.67
2018.14521      1.81     13.89
2018.14795      1.16     13.17
2018.15068      0.99     13.68
2018.15342      8.45     13.79
2018.15616      1.33     12.68
2018.15890      1.95     14.80
2018.16164     -4.02     15.54
