2012.00000     -0.76     10.59
2012.00273     -0.72     10.47
2012.00546     -1.60     10.46
2012.00820      2.02     10.07
2012.01093      3.51     10.50
2012.01366     -0.90     10.34
2012.01639     -1.25     10.48
2012.01913     -2.93     10.32
2012.02186     -2.93     10.68
2012.02459     -4.70     10.49
2012.02732     -2.25     10.84
2012.03005     -3.63     11.37
2012.03279      0.56     10.12
2012.03552      1.13     10.00
2012.03825      3.20     10.19
2012.04098      2.55     10.81
2012.04372      4.96     11.43
2012.04645      3.93     10.60
2012.04918      5.02     10.13
2012.05191      4.12     10.47
2012.05464     10.21     10.49
2012.05738      5.37     10.51
2012.06011      3.86     11.00
2012.06284      3.85     10.56
2012.06557      9.12     10.19
2012.06831      6.30      9.81
2012.07104      4.57      9.71
2012.07377     12.99     10.49
2012.07650      8.36     10.45
2012.07923      7.16     10.26
2012.08197      6.66     10.56
2012.08470     12.23      9.78
2012.08743      7.94      9.91
2012.09016      8.70     10.10
2012.09290     12.59      9.60
2012.09563     12.26     10.30
2012.09836      8.20     12.66
2012.10109      5.75     15.96
2012.10383     13.66     11.84
2012.10656     13.19      9.57
2012.10929     10.23      9.70
2012.11202     16.70     10.20
2012.11475      6.39     10.21
2012.11749      8.45     10.43
2012.12022     15.70     11.21
2012.12295      9.68     11.44
2012.12568      7.35     14.74
2012.12842      5.65     11.03
2012.13115     10.65     10.13
2012.13388     11.34     11.02
2012.13661     13.63     11.74
2012.13934     15.05     11.67
2012.14208      8.70     13.53
2012.14481      9.13     12.85
2012.14754     17.61     12.16
2012.15027     20.45     12.98
2012.15301     11.73     11.76
2012.15574      6.84     10.73
2012.15847      6.13     10.13
2012.16120     10.53     12.16
2012.16393      5.99     10.46
2012.16667     10.69     10.79
2012.16940      0.38     11.42
2012.17213      6.19     11.88
2012.17486      8.55     12.09
2012.17760     -1.05     12.58
2012.18033      3.33     11.87
2012.18306      9.05     11.40
2012.18579      4.20     12.27
2012.18852      9.38     11.50
2012.19126     10.70     11.06
2012.19399     -0.85     11.36
2012.19672      6.10     12.43
2012.19945     -1.60     10.90
2012.20219     -3.03     10.41
2012.20492     -4.29     11.06
2012.20765     -4.30     12.62
2012.21038     -5.47     12.00
2012.21311     -4.99     11.39
2012.21585     -3.57     10.97
2012.21858      2.85     11.73
2012.22131     -3.26     11.28
2012.22404      5.94     11.12
2012.22678     -2.00     13.17
2012.22951      0.00     11.73
2012.23224      3.09     12.38
2012.23497      1.40     12.35
2012.23770     -6.07     11.57
2012.24044    -16.22     17.59
2012.24317      7.14     11.97
2012.24590      3.51     11.09
2012.24863     -8.46     11.47
2012.25137      0.91     12.21
2012.25410      5.35     13.11
2012.25683      3.20     11.86
2012.25956      7.23     11.00
2012.26230      2.63     11.29
2012.26503      6.80     12.55
2012.26776      4.17     12.10
2012.27049      4.62     10.86
2012.27322     -0.20     11.69
2012.27596      0.78     11.65
2012.27869     -0.39     11.60
2012.28142     -1.90     12.37
2012.28415      2.56     12.65
2012.28689      3.36     11.33
2012.28962      5.74     11.64
2012.29235      6.20     13.88
2012.29508      1.51     12.93
2012.29781     -4.93     11.65
2012.30055     -3.19     11.86
2012.30328     -5.26     13.80
2012.30601      1.30     13.53
2012.30874      6.96     11.25
2012.31148      5.06     14.58
2012.31421      5.35     11.92
2012.31967      2.55     14.09
2012.32240     -6.61     15.37
2012.32514      0.60     12.44
2012.32787    -14.12     18.27
2012.33060     13.12     14.92
2012.33333     -4.95     14.20
2012.33880     -4.42     15.30
2012.34153      4.49     15.14
2012.34426      0.61     11.70
2012.34699      4.58     10.41
2012.34973      1.13     11.75
2012.35246      7.10     11.73
2012.35519     -7.31     12.94
2012.35792    -12.30     16.24
2012.36066      0.37     11.45
2012.36339      3.35     11.74
2012.36612     -0.28     11.80
2012.36885      9.55     12.18
2012.37158      1.07     12.37
2012.37432      2.41     12.67
2012.37705      3.39     14.42
2012.37978      8.70     11.76
2012.38251      0.06     18.77
2012.38525      6.53     13.65
2012.38798     -6.31     13.21
2012.39071      3.12     11.94
2012.39344      1.32     12.55
2012.39617     11.24     12.30
2012.39891      7.11     12.11
2012.40164      0.30     14.11
2012.40437      4.52     16.01
2012.40710      6.00     12.64
2012.40984     -0.60     18.06
2012.41257     -0.70     14.65
2012.41530      0.50     12.71
2012.41803      4.79     11.12
2012.42077     -4.56     10.95
2012.42350     15.01     12.29
2012.42623      3.32     10.86
2012.42896      1.21     11.02
2012.43169     -4.85     12.24
2012.43443     -4.42     14.87
2012.43716     10.79     18.61
2012.53279      8.32     13.20
2012.53552     19.66     16.34
2012.54098      6.21     13.46
2012.54372     -7.23     13.84
2012.54645      5.46     13.14
2012.54918     11.89     15.34
2012.55191    -10.06     13.86
2012.55464     11.52     14.74
2012.55738      3.20     14.11
2012.56011      2.86     13.19
2012.56284     10.21     14.44
2012.56557      7.70     14.09
2012.56831      4.16     12.90
2012.57104      9.60     13.59
2012.57377      7.43     12.25
2012.57650      9.04     14.89
2012.57923     10.02     12.92
2012.58197     11.05     14.24
2012.58470      7.31     15.01
2012.58743     10.61     14.96
2012.59016      5.78     18.30
2012.59563      1.51     16.57
2012.59836      8.52     19.16
2012.61202     14.15     15.64
2012.61475      9.93     13.71
2012.61749     12.53     13.48
2012.62022     13.64     14.42
2012.62295      3.21     14.85
2012.62568     11.11     13.53
2012.62842      7.16     13.86
2012.63115     11.53     15.57
2012.63388      6.03     15.93
2012.63661      6.33     14.74
2012.63934     11.14     18.33
2012.64208     11.07     15.40
2012.64481      4.22     17.85
2012.64754      4.08     18.71
2012.65027     10.92     16.08
2012.65301      8.07     15.80
2012.65574      0.25     18.04
2012.65847     -1.54     17.46
2012.66120     12.47     17.44
2012.66393     -9.10     18.51
2012.66667      5.75     16.17
2012.66940     -1.83     16.15
2012.67213      2.83     15.62
2012.67486     -0.21     15.34
2012.67760      5.03     13.25
2012.68033     -4.85     14.13
2012.68306      8.77     13.58
2012.68579     -3.73     13.26
2012.68852      0.79     15.93
2012.69126     -1.21     14.79
2012.69399     -4.96     15.67
2012.69672      0.92     13.86
2012.69945     -3.39     13.99
2012.70219     -8.56     19.78
2012.70492      3.99     15.68
2012.70765      4.33     12.04
2012.71038      0.10     12.14
2012.71311      3.60     12.33
2012.71585     -1.90     13.13
2012.71858     -0.02     12.21
2012.72131     -7.67     12.27
2012.72404     -1.74     11.78
2012.72678      6.81     11.63
2012.73224      1.38     13.61
2012.73497     11.83     13.86
2012.73770      4.03     15.66
2012.74044      0.24     14.60
2012.74317     -1.87     12.88
2012.74590     -4.65     12.56
2012.74863     -3.25     12.18
2012.75137      8.40     12.58
2012.75410     -4.20     13.40
2012.75683     -4.63     14.37
2012.75956     -0.62     12.61
2012.76230     -2.09     12.14
2012.76503      1.62     12.77
2012.76776      6.65     12.13
2012.77049      3.60     11.80
2012.77322      8.39     11.65
2012.77596      9.47     11.92
2012.77869      3.39     12.13
2012.78142      3.63     12.23
2012.78415      6.09     11.56
2012.78689      4.54     11.75
2012.78962      4.03     11.42
2012.79235      2.99     11.62
2012.79508      0.69     12.47
2012.79781      8.12     12.92
2012.80055      2.70     12.00
2012.80328      2.67     11.75
2012.80601      1.27     11.93
2012.80874      4.63     11.66
2012.81148      1.29     12.42
2012.81421      3.19     11.83
2012.81694      9.16     13.24
2012.81967      6.81     14.03
2012.82240      4.84     15.47
2012.82514     -2.32     11.67
2012.82787     -0.73     13.90
2012.83060      2.98     12.13
2012.83333      5.46     12.92
2012.83607      1.87     14.36
2012.83880      3.41     15.37
2012.84153      4.99     15.21
2012.84426      5.09     14.67
2012.84699      2.62     12.85
2012.84973      5.54     12.52
2012.85246      0.72     12.76
2012.85519      6.18     11.92
2012.85792     10.57     11.88
2012.86066      4.48     12.83
2012.86339      5.78     12.63
2012.86612     10.96     11.84
2012.86885      2.88     12.06
2012.87158     -3.09     11.97
2012.87432     -0.29     12.63
2012.87705      5.64     13.66
2012.87978      4.42     13.11
2012.88251      6.50     12.88
2012.88525      6.30     12.53
2012.88798     -1.19     12.47
2012.89071      9.17     14.65
2012.89344      4.52     13.66
2012.89617      2.91     14.68
2012.89891      3.38     11.21
2012.90164      6.73     11.67
2012.90437     -1.03     12.98
2012.90710      0.93     11.60
2012.90984      1.19     12.18
2012.91257      2.91     12.04
2012.91530      6.61     12.23
2012.91803      7.60     14.17
2012.92077      2.52     13.37
2012.92350      1.41     13.30
2012.92623      7.34     12.61
2012.92896      3.95     15.41
2012.93169      2.29     13.11
2012.93443     13.09     12.48
2012.93716      5.16     13.51
2012.93989      4.66     12.80
2012.94262      0.22     11.57
2012.94536      1.44     11.45
2012.94809      6.06     12.22
2012.95082      6.31     12.14
2012.95355      6.19     11.41
2012.95628      6.73     11.50
2012.95902      6.03     11.72
2012.96175      4.81     11.62
2012.96448      5.37     11.01
2012.96721      4.53     10.72
2012.96995      8.50     10.95
2012.97268      9.27     11.05
2012.97541      3.42     11.93
2012.97814      5.36     11.18
2012.98087      5.24     10.90
2012.98361      3.33     10.72
2012.98634      4.79     11.26
2012.98907      2.35     11.43
2012.99180      3.61     11.61
2012.99454      5.37     15.14
2012.99727     -4.05     11.53
2013.00000      2.49     10.84
2013.00274      5.77     11.23
2013.00548      4.75     12.31
2013.00822      2.35     11.28
2013.01096      6.44     10.80
2013.01370      3.60     10.95
2013.01644      8.48     11.32
2013.01918      9.80     11.67
2013.02192     10.82     12.38
2013.02466      2.95     11.18
2013.02740      5.22     11.39
2013.03014      5.87     11.87
2013.03288     13.03     14.96
2013.03562     12.70     13.28
2013.03836      6.28     11.04
2013.04110      7.51     10.54
2013.04384     11.89     11.62
2013.04658      6.53     10.63
2013.04932      7.26     10.23
2013.05205      5.56     10.83
2013.05479      6.20     10.73
2013.05753      7.06     10.44
2013.06027      6.32     10.75
2013.06301      8.48     10.94
2013.06575      7.46     11.25
2013.06849      7.07     10.77
2013.07123      8.65     10.59
2013.07397      3.53     10.69
2013.07671      7.64     10.33
2013.07945      9.80     10.47
2013.08219      8.92     11.30
2013.08493      7.33     11.42
2013.08767     12.51     14.02
2013.09041      8.98     13.37
2013.09315     13.67     11.13
2013.09589      8.63     11.36
2013.09863     13.06     13.51
2013.10137     14.64     11.23
2013.10411     10.80     11.45
2013.10685      9.79     10.93
2013.10959     10.97     11.19
2013.11233     17.66     11.88
2013.11507      7.82     11.39
2013.11781      6.61     11.67
2013.12055      5.39     12.42
2013.12329     10.43     12.10
2013.12603     11.27     12.70
2013.12877      5.99     11.19
2013.13151      7.31     11.47
2013.13425      4.39     11.91
2013.13699      3.07     11.99
2013.13973      7.16     13.17
2013.14247      1.58     11.85
2013.14521     -0.43     12.06
2013.14795      3.73     11.87
2013.15342      3.12     11.35
2013.15616      5.58     12.27
2013.15890      2.98     11.83
2013.16164      8.85     11.39
2013.16438      7.61     12.53
2013.16712      5.60     12.03
2013.16986      6.89     11.04
2013.17260     -0.76     11.03
2013.17534      2.11     13.24
2013.17808      1.00     12.77
2013.18082     -1.81     12.96
2013.18356     -4.13     11.97
2013.18630      2.16     12.19
2013.18904     -0.11     12.51
2013.19178     -0.70     12.43
2013.19452      4.85     12.46
2013.19726      7.51     13.74
2013.20000      0.09     12.46
2013.20274      3.46     11.66
2013.20548      1.28     12.30
2013.20822      3.91     14.70
2013.21096      8.55     13.08
2013.21370      9.76     13.20
2013.21644     11.39     13.99
2013.21918     13.55     13.37
2013.22192      9.55     13.13
2013.22466      6.21     15.10
2013.22740     12.54     16.86
2013.23014      6.24     12.14
2013.23288      7.35     14.67
2013.23562      5.22     12.58
2013.23836      6.48     14.62
2013.24110     13.76     12.81
2013.24384     10.02     11.87
2013.24658      3.73     12.47
2013.24932      6.86     11.93
2013.25205      8.55     12.90
2013.25479      9.44     14.19
2013.25753     21.62     16.32
2013.26027     11.35     19.83
2013.26301      9.24     13.95
2013.26575      5.10     12.16
2013.26849      6.35     12.85
2013.27123     10.93     14.54
2013.27397     -0.04     13.21
2013.27671      6.53     12.17
2013.27945      3.42     13.48
2013.28219      8.73     12.34
2013.28493      5.28     11.66
2013.28767      7.29     12.67
2013.29041     11.09     13.45
2013.29315      9.47     14.08
2013.29589     11.87     14.23
2013.29863     12.22     13.47
2013.30137      3.64     15.08
2013.30411      2.61     11.87
2013.30685      6.47     11.56
2013.31233      3.81     12.59
2013.31507      0.96     13.94
2013.31781      8.02     13.35
2013.32055     -4.02     14.69
2013.32329      7.01     12.52
2013.32603      5.13     12.14
2013.32877      5.25     14.15
2013.33151      7.60     13.22
2013.33425      4.62     13.32
2013.33699      5.75     13.02
2013.33973      8.56     13.50
2013.34247      9.60     14.74
2013.34521      9.54     17.62
2013.34795     14.30     13.29
2013.35068      6.07     12.47
2013.35342     14.95     13.51
2013.35616      4.76     15.26
2013.35890      7.94     14.05
2013.36164     11.59     14.83
2013.36438      3.18     16.27
2013.36712     10.00     15.53
2013.36986      3.47     19.29
2013.37534     16.52     17.61
2013.37808     21.54     19.23
2013.38082      6.21     18.34
2013.38630     13.28     14.09
2013.38904     10.42     16.43
2013.39178     12.14     16.07
2013.39452      5.50     16.20
2013.39726     17.26     16.15
2013.40000      9.56     13.93
2013.40274     11.80     14.92
2013.40548     13.37     14.31
2013.40822      2.04     14.16
2013.41096      4.10     16.59
2013.41370     11.53     14.36
2013.41644     15.26     14.20
2013.41918     10.37     14.72
2013.42192     11.63     14.84
2013.42466     12.41     14.46
2013.42740     11.24     15.05
2013.43014      8.62     15.65
2013.43288     12.33     14.97
2013.43562      2.48     17.10
2013.43836      0.90     16.29
2013.44110      7.21     15.69
2013.44384     10.40     17.12
2013.44658     -7.90     18.51
2013.44932      9.05     16.11
2013.45205      3.79     14.02
2013.45479     10.14     13.18
2013.45753      2.19     16.46
2013.46027      2.44     17.90
2013.46301     -2.58     16.95
2013.46575      7.94     16.39
2013.46849     -5.74     15.99
2013.47123      8.22     15.15
2013.47397     12.62     14.68
2013.47671      5.69     18.76
2013.47945     10.92     15.30
2013.48219     11.52     15.22
2013.48493      2.10     14.29
2013.48767      9.11     12.68
2013.49041     12.83     12.75
2013.49315     11.93     16.84
2013.49589     25.16     14.39
2013.49863     15.07     13.78
2013.50137     12.29     15.24
2013.50411     19.83     16.20
2013.50685     19.69     15.87
2013.50959     18.28     17.45
2013.51233     12.62     15.34
2013.51507     11.37     16.33
2013.51781     16.32     15.49
2013.52055     14.77     17.01
2013.52329      8.53     16.17
2013.52603      5.05     14.93
2013.52877      7.28     17.39
2013.53425     15.68     14.51
2013.53699     10.22     14.06
2013.53973      7.19     15.70
2013.54247      6.38     15.06
2013.54521     18.59     13.37
2013.54795     15.31     12.64
2013.55616      8.40     15.97
2013.55890     17.16     14.99
2013.56438     18.46     17.98
2013.56712     11.40     15.61
2013.56986     11.40     15.98
2013.57260     21.30     17.68
2013.57534     15.29     15.20
2013.57808     12.57     14.15
2013.58082     12.52     15.68
2013.58356     14.83     13.02
2013.58630     10.39     12.96
2013.58904      4.34     15.85
2013.59178     20.09     15.27
2013.59452      8.28     15.59
2013.59726     13.17     14.21
2013.60000      6.84     15.69
2013.60274      4.28     12.63
2013.60548     11.98     15.70
2013.60822     -0.36     17.37
2013.61096     -9.70     15.35
2013.61370     12.06     14.02
2013.61644     11.13     13.98
2013.61918     11.38     13.70
2013.62192     14.87     16.10
2013.62466      7.20     16.08
2013.62740     10.61     16.83
2013.63014      5.72     14.57
2013.63288     -0.05     17.65
2013.63562      6.04     16.37
2013.63836      4.76     18.27
2013.64384     14.09     15.60
2013.64658     16.22     15.87
2013.64932     10.12     18.19
2013.65479     17.65     15.15
2013.65753     20.20     19.31
2013.66575      1.81     17.97
2013.66849     15.31     17.04
2013.67123      9.32     13.65
2013.67671      5.11     14.32
2013.68219      8.88     12.67
2013.68493      3.09     12.84
2013.68767      2.56     13.80
2013.69041    -10.47     17.10
2013.69315      3.28     15.77
2013.69589      2.91     15.81
2013.69863     13.91     14.58
2013.70137      2.98     14.93
2013.70411      6.94     14.56
2013.70685      8.17     17.91
2013.70959      7.08     17.37
2013.71233     15.25     17.26
2013.71507     16.58     16.41
2013.71781      5.71     16.12
2013.72055      3.74     16.11
2013.72329      3.20     19.70
2013.72603      7.22     15.94
2013.72877     24.28     17.30
2013.73151      8.46     14.65
2013.73425      8.60     15.64
2013.73699     -4.29     15.11
2013.73973      6.46     13.02
2013.74247     11.97     12.64
2013.74521      2.32     14.58
2013.74795      6.91     15.19
2013.75068      9.62     14.01
2013.75342      5.75     14.62
2013.75616     11.58     13.62
2013.75890      7.95     12.98
2013.76164      6.76     14.77
2013.76438     -2.29     13.65
2013.76712     11.73     12.53
2013.76986     14.77     13.55
2013.77260      6.42     14.08
2013.77534     15.70     17.73
2013.77808      5.89     14.99
2013.78082      7.29     14.97
2013.78356      3.41     15.16
2013.78630     -1.71     13.93
2013.78904      3.22     13.26
2013.79178      9.97     12.24
2013.79452     15.43     12.17
2013.80000      5.95     12.33
2013.80274     10.73     11.78
2013.80548      8.11     11.67
2013.80822     10.58     12.61
2013.81096     10.77     12.24
2013.81370      7.83     11.81
2013.81644      5.90     13.10
2013.81918      9.55     11.98
2013.82192     13.08     12.66
2013.82466      6.30     12.27
2013.82740      8.81     12.62
2013.83014     11.73     12.75
2013.83288      3.01     15.79
2013.83562     13.24     15.47
2013.83836      8.58     14.14
2013.84110      6.32     12.88
2013.84384      2.00     12.65
2013.84658      3.29     12.37
2013.84932      7.88     11.82
2013.85205     10.81     12.51
2013.85479      4.70     14.45
2013.85753      2.55     13.60
2013.86027      3.76     12.24
2013.86301      3.50     12.31
2013.86575     11.09     12.46
2013.86849      6.65     12.09
2013.87123      6.68     12.32
2013.87397      8.00     11.84
2013.87671     12.22     12.70
2013.87945      6.76     11.96
2013.88219      0.10     11.82
2013.88493     -1.73     11.58
2013.88767     -4.26     12.16
2013.89041      2.56     11.65
2013.89315      5.70     11.90
2013.89589      5.39     11.94
2013.89863      0.67     14.05
2013.90137      8.71     11.91
2013.90411      2.91     11.71
2013.90685      6.80     11.87
2013.90959      2.21     11.67
2013.91233      3.82     10.97
2013.91507      8.50     11.73
2013.91781      3.71     11.53
2013.92055      2.25     11.52
2013.92329      4.14     10.86
2013.92603      2.69     11.42
2013.92877      2.52     11.32
2013.93151      4.14     11.28
2013.93425      4.91     11.18
2013.93699      8.24     13.30
2013.93973      2.48     12.18
2013.94247      7.55     11.58
2013.94521      4.83     12.30
2013.94795      8.66     11.40
2013.95068      2.39     12.26
2013.95342      8.03     12.31
2013.95616      3.19     12.82
2013.95890      2.80     13.64
2013.96164     10.20     12.98
2013.96438      4.77     12.93
2013.96712     -4.09     12.94
2013.96986     -5.76     16.70
2013.97260      0.51     11.12
2013.97534     -5.17     11.56
2013.97808     -7.61     11.75
2013.98082      0.59     12.28
2013.98356      5.58     11.79
2013.98630      3.33     11.62
2013.99726      2.00     12.21
2014.00000      0.99     11.46
2014.00274      2.55     11.44
2014.00548     11.06     12.66
2014.00822      6.07     12.26
2014.01096      3.59     12.33
2014.01370      7.84     11.63
2014.01644      8.28     11.37
2014.01918      8.68     11.53
2014.02192      5.41     11.85
2014.02466      8.12     11.59
2014.02740     11.90     11.58
2014.03014      5.96     11.58
2014.03288      8.20     11.67
2014.03562      6.72     11.27
2014.03836      7.74     11.68
2014.04110      5.33     11.24
2014.04384      6.16     11.33
2014.04658      9.27     11.67
2014.04932      4.52     11.50
2014.05205      3.52     11.22
2014.05479      4.43     12.46
2014.05753      6.83     11.53
2014.06027      0.58     11.72
2014.06301      9.50     11.61
2014.06575      1.32     11.47
2014.06849      7.06     11.74
2014.07123      9.78     12.00
2014.07397      3.42     13.49
2014.07671      0.27     12.55
2014.07945     11.26     13.90
2014.08219      1.40     13.33
2014.08493     10.01     12.84
2014.08767     12.99     13.64
2014.09041     15.05     15.26
2014.09315      3.18     13.86
2014.09589      6.09     13.66
2014.09863      2.78     13.05
2014.10137      8.52     14.52
2014.10411      9.91     12.22
2014.10685      5.86     12.34
2014.10959     10.70     13.04
2014.11233      8.14     13.37
2014.11507      3.58     11.58
2014.11781      1.68     11.73
2014.12055     -1.40     12.20
2014.12329      6.47     11.87
2014.12603     -3.93     11.70
2014.12877     -0.84     11.66
2014.13151      6.22     11.96
2014.13425      4.91     13.15
2014.13699      3.06     12.01
2014.13973      3.12     11.77
2014.14247      3.22     11.79
2014.14521      3.39     12.20
2014.14795      6.24     12.32
2014.15068     -3.42     12.24
2014.15342      6.37     12.70
2014.15616      1.17     12.86
2014.15890     13.68     13.86
2014.16164     11.64     13.18
2014.16438      6.94     14.00
2014.16712      9.02     12.52
2014.16986     -0.12     12.57
2014.17260      4.52     12.17
2014.17534     -2.18     13.17
2014.17808     -2.64     12.54
2014.18082      4.42     13.70
2014.18904      1.21     12.95
2014.19178      5.43     13.56
2014.19452      0.71     16.61
2014.19726      1.56     15.66
2014.20000     -2.61     18.49
2014.20274     -3.00     13.45
2014.20548      1.85     16.23
2014.20822      9.01     13.05
2014.21096      3.35     12.56
2014.21370      5.29     13.56
2014.21644      5.17     13.98
2014.21918      7.69     12.21
2014.22192      1.11     12.33
2014.22466      6.92     12.20
2014.22740      5.21     12.73
2014.23014      4.49     12.58
2014.23288      1.61     13.41
2014.23562     14.64     14.55
2014.23836      9.32     13.88
2014.24110     -1.67     15.60
2014.24384     10.30     14.41
2014.24658      4.13     18.64
2014.24932      3.47     13.29
2014.25205     17.41     14.36
2014.25479      3.65     15.55
2014.25753      1.31     15.28
2014.26027      3.35     12.71
2014.26301      3.46     12.89
2014.26575      4.14     12.01
2014.26849      6.36     12.97
2014.27123      6.03     12.26
2014.27397      0.70     16.20
2014.27671      0.57     13.11
2014.27945      4.25     12.63
2014.28219      9.21     12.96
2014.28493     10.79     12.44
2014.28767      6.84     13.16
2014.29041      0.90     12.89
2014.29315      1.97     12.73
2014.29589     10.45     13.84
2014.29863      5.72     13.14
2014.30137     -2.09     12.37
2014.30411     -2.46     12.25
2014.30685      8.21     12.54
2014.30959      4.61     13.59
2014.31233      1.80     12.60
2014.31507      6.19     12.76
2014.31781     10.64     13.80
2014.32055      5.76     14.26
2014.32329      4.77     12.33
2014.32603     -3.71     12.83
2014.32877     -6.68     13.77
2014.33151      8.72     13.35
2014.33425     16.64     12.12
2014.33699      6.20     12.99
2014.33973      6.51     12.91
2014.34247      1.14     12.70
2014.34521      7.04     12.67
2014.34795      5.92     12.32
2014.35068      7.67     12.70
2014.35342      6.57     13.45
2014.35616      5.77     12.72
2014.35890     12.03     13.37
2014.36164      9.11     14.14
2014.36438     -5.02     15.83
2014.36712      3.26     14.98
2014.36986      1.82     18.23
2014.37260     -1.42     14.99
2014.37534      1.75     14.18
2014.37808     -3.06     15.23
2014.38082      3.46     18.43
2014.38630      8.99     15.41
2014.38904      3.06     14.81
2014.39178     14.22     15.29
2014.39452     15.27     13.90
2014.39726      7.84     13.18
2014.40000      3.18     17.72
2014.40274     13.07     15.46
2014.40548     -1.78     18.12
2014.40822      9.16     14.66
2014.41096      2.45     13.87
2014.41370      0.41     13.11
2014.41644     -4.19     14.53
2014.41918     -1.42     15.76
2014.42192      3.41     17.23
2014.42466      6.86     16.35
2014.42740      3.00     15.57
2014.43014      8.56     13.58
2014.43288     11.85     14.13
2014.43562     -7.00     15.08
2014.43836      2.04     14.02
2014.44110     10.27     12.44
2014.44384      5.08     13.71
2014.44658     13.44     13.80
2014.44932     12.39     13.43
2014.45205      9.13     13.36
2014.45479     18.33     14.15
2014.45753     11.69     15.05
2014.46027     16.02     13.55
2014.46301     13.33     12.75
2014.46575     18.02     14.16
2014.46849     18.20     14.02
2014.47123     16.19     14.63
2014.47397     18.59     15.21
2014.47945      9.78     16.17
2014.48219      2.15     16.36
2014.48493     13.63     14.66
2014.48767     18.76     13.15
2014.49041     20.60     19.97
2014.49315     15.92     15.09
2014.49589      8.77     14.44
2014.49863      5.99     14.51
2014.50137      9.19     12.92
2014.50411     11.39     15.13
2014.50685      8.01     15.90
2014.50959     13.19     16.37
2014.51233      2.17     15.56
2014.51507     11.02     16.54
2014.51781     -1.58     16.44
2014.52329     10.19     15.33
2014.52603      8.02     13.84
2014.52877     12.65     13.02
2014.53151     10.32     13.22
2014.53425     10.53     15.00
2014.53699     22.39     15.43
2014.53973     18.88     15.42
2014.54521     20.58     16.72
2014.55068     10.66     16.12
2014.55342     11.01     16.38
2014.55616     10.70     18.14
2014.56438      9.85     16.21
2014.56712     11.27     18.18
2014.56986     12.71     16.44
2014.57534     11.25     15.48
2014.57808     18.00     17.50
2014.58356     15.76     19.67
2014.58630     20.02     18.29
2014.58904      0.72     19.22
2014.59178     12.81     14.69
2014.59452     15.62     16.41
2014.59726      4.40     19.30
2014.61918      0.56     15.38
2014.62192     17.21     14.43
2014.62466     19.81     15.38
2014.62740     11.37     15.27
2014.63014     26.26     17.20
2014.63288     25.18     17.48
2014.63562     14.29     16.24
2014.63836     15.37     14.88
2014.64384     12.59     15.16
2014.64658     20.33     15.34
2014.64932     17.53     18.99
2014.65205     22.59     14.91
2014.65479     15.46     15.89
2014.65753     16.60     16.26
2014.66027      9.21     15.44
2014.66301      9.07     15.72
2014.66575     24.74     17.57
2014.66849      9.75     18.61
2014.67123     16.32     15.37
2014.67397     13.07     15.29
2014.67671     31.63     17.24
2014.67945     25.63     14.18
2014.68219     25.64     20.05
2014.68493     22.56     15.35
2014.68767     12.33     17.03
2014.69041      7.88     15.27
2014.69315     19.92     18.33
2014.69589     28.07     14.43
2014.70137     16.92     15.47
2014.70411     18.35     16.86
2014.70685     26.41     17.95
2014.70959     13.75     14.53
2014.71233     25.51     15.32
2014.71507     17.53     18.25
2014.71781     27.64     17.04
2014.72055     15.98     18.86
2014.72329     17.97     14.29
2014.72603     14.67     15.79
2014.72877     26.28     14.47
2014.73151     16.94     14.93
2014.73425     -0.81     18.88
2014.73699     18.60     13.24
2014.73973      9.74     12.98
2014.74247     12.91     13.74
2014.74521     10.41     13.40
2014.74795     22.47     16.88
2014.75068     15.26     15.69
2014.75342     12.97     16.68
2014.75616      7.14     14.49
2014.75890      5.31     14.14
2014.76164      5.41     12.75
2014.76438     23.63     13.54
2014.76712     19.73     12.92
2014.76986     14.74     12.70
2014.77260     20.18     12.93
2014.77534     15.27     13.26
2014.77808      2.03     12.87
2014.78082     19.76     12.77
2014.78356     16.82     12.50
2014.78630     17.86     12.70
2014.78904     11.34     13.60
2014.79178     19.90     12.46
2014.79452     23.58     13.11
2014.79726     23.12     12.14
2014.80000     22.86     13.42
2014.80274     23.34     12.75
2014.80548     20.04     12.28
2014.80822     17.67     12.06
2014.81096     23.79     12.10
2014.81370     23.90     11.93
2014.81644     25.28     12.58
2014.81918     18.44     13.08
2014.82192     21.91     13.46
2014.82466     21.27     12.00
2014.82740     23.18     12.03
2014.83014     30.28     12.55
2014.83288     16.76     12.79
2014.83562     22.03     12.24
2014.83836     14.15     13.04
2014.84110     19.99     12.06
2014.84384     20.97     12.04
2014.84658     25.04     12.77
2014.84932     25.59     12.22
2014.85205     20.94     13.65
2014.85479     26.42     13.24
2014.85753     21.27     12.34
2014.86027     24.19     12.15
2014.86301     20.77     12.76
2014.86575     15.59     11.74
2014.86849     24.56     12.09
2014.87123     25.91     12.24
2014.87397     24.11     12.09
2014.87671     17.97     13.06
2014.87945     15.86     13.53
2014.88219     22.11     11.62
2014.88493     18.85     11.44
2014.88767     29.27     11.82
2014.89041     21.25     12.56
2014.89315     23.94     11.85
2014.89589     23.89     12.40
2014.89863     19.71     11.62
2014.90137     18.05     12.35
2014.90411     17.25     12.01
2014.90685     24.83     12.70
2014.90959     23.44     12.22
2014.91233     24.70     12.95
2014.91507     22.80     13.18
2014.91781     19.60     12.43
2014.92055     19.43     11.96
2014.92329     23.52     12.62
2014.92603     16.91     12.89
2014.92877     17.59     11.74
2014.93151     22.42     11.65
2014.93425     25.09     12.02
2014.93699     18.31     12.10
2014.93973     25.37     11.62
2014.94247     23.44     11.39
2014.94521     15.78     11.58
2014.94795     11.45     11.76
2014.95068     19.68     11.29
2014.95342     22.57     11.09
2014.95616     18.07     11.43
2014.95890     21.29     11.56
2014.96164     29.06     12.03
2014.96438     32.20     12.06
2014.96712     27.11     12.78
2014.96986     18.74     11.94
2014.97260     21.35     11.07
2014.97534     19.87     11.22
2014.97808     25.62     11.45
2014.98082     26.00     12.13
2014.98356     25.01     12.49
2014.98630     19.85     11.55
2014.98904     18.43     11.72
2014.99178     17.31     11.36
2014.99452     27.63     10.83
2014.99726     26.05     11.15
2015.00000     24.88     11.45
2015.00274     21.71     11.41
2015.00548     22.28     11.18
2015.00822     23.50     11.31
2015.01096     23.59     10.94
2015.01370     20.56     10.76
2015.01644     24.61     11.28
2015.01918     19.42     11.24
2015.02192     23.51     11.59
2015.02466     16.50     11.58
2015.02740     16.54     11.03
2015.03014     24.90     11.46
2015.03288     24.05     11.24
2015.03562     23.73     13.49
2015.03836     16.53     11.32
2015.04110     21.32     10.87
2015.04384     17.12     11.53
2015.04658     18.03     11.21
2015.04932     22.17     11.47
2015.05205     26.79     14.18
2015.05479     27.25     12.39
2015.05753     21.43     12.39
2015.06027     17.93     11.34
2015.06301     19.45     11.45
2015.06575     23.09     11.89
2015.06849     26.06     11.38
2015.07123     21.67     11.51
2015.07397     19.61     11.17
2015.07671     24.85     10.78
2015.07945     18.04     11.03
2015.08219     20.99     10.85
2015.08493     19.52     10.84
2015.08767     23.07     10.80
2015.09041     22.43     10.82
2015.09315     22.08     11.26
2015.09589     22.43     11.19
2015.09863     24.56     11.03
2015.10137     26.21     11.34
2015.10411     20.87     11.47
2015.10685     21.52     11.05
2015.10959     21.94     10.84
2015.11233     23.06     11.24
2015.11507     20.31     11.69
2015.11781     31.02     11.32
2015.12055     16.54     12.30
2015.12329     24.44     12.66
2015.12603     18.32     15.63
2015.12877     30.61     12.70
2015.13151     28.81     11.82
2015.13425     22.28     11.40
2015.13699     24.77     11.32
2015.13973     26.13     11.71
2015.14247     25.27     14.89
2015.14521     28.20     12.16
2015.14795     18.80     12.61
2015.15068     32.09     11.90
2015.15342     22.34     12.40
2015.15616     18.41     12.99
2015.15890     24.09     12.10
2015.16164     22.12     12.21
2015.16438     17.13     11.44
2015.16712     22.92     12.17
2015.16986     19.05     11.92
2015.17260     25.60     12.29
2015.17534     24.19     12.33
2015.17808     20.77     12.31
2015.18082     18.51     11.33
2015.18356     20.87     12.57
2015.18630     25.90     12.93
2015.18904     18.08     12.36
2015.19178     20.19     12.11
2015.19452     20.41     12.43
2015.19726     15.11     12.54
2015.20000     19.71     13.05
2015.20274     24.27     12.86
2015.20548     19.94     14.01
2015.20822     22.71     12.84
2015.21096     32.56     12.31
2015.21370     21.07     12.49
2015.21644     24.06     11.54
2015.21918     22.24     12.23
2015.22192     21.20     12.00
2015.22466     13.97     13.35
2015.22740     14.00     12.55
2015.23014     18.03     11.57
2015.23288     18.77     11.79
2015.23562     22.42     11.54
2015.23836     26.91     12.12
2015.24110     22.59     12.04
2015.24384     24.50     12.07
2015.24658     26.12     12.08
2015.24932     24.45     13.17
2015.25205     25.92     13.10
2015.25479     20.42     13.15
2015.25753     26.26     14.78
2015.26027     26.28     14.84
2015.26301     21.27     19.03
2015.26575     23.54     13.68
2015.26849     22.14     12.74
2015.27123     16.23     11.93
2015.27397     22.72     11.47
2015.27671     15.96     12.95
2015.27945     26.56     12.65
2015.28219     27.99     12.85
2015.28493     24.00     11.75
2015.28767     21.07     13.03
2015.29041     24.60     13.79
2015.29315     24.62     14.52
2015.29589     16.09     13.39
2015.29863     18.71     13.30
2015.30137     17.80     15.20
2015.30411     24.73     14.74
2015.30685     18.18     12.37
2015.30959     21.34     12.51
2015.31233     26.15     12.15
2015.31507     20.27     12.14
2015.31781     26.30     11.79
2015.32055     26.67     12.02
2015.32329     25.66     12.64
2015.32603     22.69     13.46
2015.32877     19.42     14.11
2015.33151     21.80     12.57
2015.33425     15.17     13.80
2015.33699     14.92     14.42
2015.33973      8.96     16.04
2015.34247     17.46     13.68
2015.34521     17.73     14.08
2015.34795     17.62     13.25
2015.35068     13.23     13.37
2015.35342     23.63     14.12
2015.35616     15.62     15.46
2015.35890     21.50     14.84
2015.36164     17.90     16.21
2015.36438     22.05     13.09
2015.36712     19.64     13.13
2015.36986     12.26     13.90
2015.37260     26.96     15.78
2015.37534     13.30     14.33
2015.37808      7.01     13.21
2015.38082     15.04     14.87
2015.38356      7.31     18.91
2015.38630      9.78     13.85
2015.38904     14.72     15.53
2015.39178     10.84     14.25
2015.39452     11.06     15.32
2015.39726      9.97     13.11
2015.40000     17.53     14.11
2015.40274     14.01     13.20
2015.40548     22.03     15.66
2015.40822     12.64     13.14
2015.41096     16.59     15.99
2015.41370      6.32     15.49
2015.41644     13.10     13.94
2015.41918     15.33     13.61
2015.42192      8.89     13.49
2015.42466     16.28     13.59
2015.42740     11.77     15.06
2015.43014      4.77     16.03
2015.43288     10.08     14.97
2015.43562     16.13     13.60
2015.43836     20.45     13.57
2015.44110     22.18     13.55
2015.44384     13.98     13.84
2015.44658     26.06     13.17
2015.44932     25.27     15.17
2015.45205     14.98     15.56
2015.45479     18.55     14.44
2015.45753     17.26     14.47
2015.46027     13.07     14.71
2015.46301     10.76     13.95
2015.46575     16.80     15.41
2015.47123     15.75     16.29
2015.47397     21.02     14.43
2015.47671     16.45     15.77
2015.47945     35.05     17.30
2015.48219     13.79     15.93
2015.48493     22.74     16.12
2015.48767     18.88     14.56
2015.49041     10.35     13.87
2015.49315     12.67     15.94
2015.49589     18.45     14.78
2015.50137     15.93     15.59
2015.50411      8.22     14.41
2015.50685     11.27     16.29
2015.50959     11.10     18.66
2015.51233     23.91     15.58
2015.51507     23.39     15.03
2015.51781     33.00     17.32
2015.52055     11.51     16.91
2015.52329      1.11     14.75
2015.52603     10.15     14.83
2015.52877      7.59     16.32
2015.53425      7.67     18.03
2015.53973      2.29     14.59
2015.54247     22.82     20.00
2015.54521     29.12     19.72
2015.54795     16.25     16.34
2015.55068      6.70     13.95
2015.55342     10.33     14.97
2015.55616     15.46     17.19
2015.55890     12.73     13.84
2015.56164      2.18     15.44
2015.56438      5.52     15.64
2015.56712      0.42     15.71
2015.56986     18.03     17.82
2015.57260      9.38     17.22
2015.57534      7.90     15.30
2015.57808     11.27     14.77
2015.58082      4.84     17.52
2015.58356      2.07     18.72
2015.58630     16.67     16.98
2015.58904     18.92     15.76
2015.59178     14.37     15.66
2015.59452      3.06     17.74
2015.59726      9.08     15.93
2015.60000      9.97     17.95
2015.60274     17.48     18.32
2015.60822     19.08     18.36
2015.61096      6.44     15.17
2015.61370      9.08     17.32
2015.61644      7.52     14.08
2015.61918     14.76     13.47
2015.62192      5.80     14.76
2015.62466     18.81     14.83
2015.62740     16.43     15.44
2015.63014     16.91     15.19
2015.63562     18.87     15.24
2015.63836     12.60     18.83
2015.64110     13.38     14.86
2015.64384      5.89     16.83
2015.64932     14.58     19.73
2015.65479     12.69     14.66
2015.65753     21.61     15.56
2015.66027     25.82     14.43
2015.66301     15.94     14.17
2015.66575      4.00     15.64
2015.66849      7.88     13.65
2015.67123     11.54     14.68
2015.67397     16.36     13.17
2015.67671     12.83     13.56
2015.67945     17.65     13.26
2015.68219     29.66     15.43
2015.68493     21.93     15.85
2015.68767     19.93     15.22
2015.69041     21.29     14.00
2015.69315     20.51     13.85
2015.69589     13.46     13.54
2015.69863     19.34     13.94
2015.70137     11.82     14.32
2015.70411     16.28     13.81
2015.70685     16.20     14.02
2015.70959     21.39     16.23
2015.71233     13.51     12.71
2015.71507     15.51     12.94
2015.71781     26.51     12.27
2015.72055     10.65     11.52
2015.72329     19.68     13.35
2015.72603     22.67     12.55
2015.72877     24.96     12.31
2015.73151     15.28     13.30
2015.73425     19.83     12.83
2015.73699     16.53     12.82
2015.73973     23.86     13.73
2015.74247     14.57     16.69
2015.74521     17.23     15.75
2015.74795     20.01     14.81
2015.75068     21.88     16.94
2015.75342     14.61     14.18
2015.75616     13.49     12.67
2015.75890      4.05     13.24
2015.76164     13.49     13.44
2015.76438     12.82     13.16
2015.76712      5.94     12.39
2015.76986      2.47     16.63
2015.77260      9.33     12.18
2015.77534     10.27     12.66
2015.77808      7.07     11.93
2015.78082      5.57     11.95
2015.78356     13.61     13.48
2015.78630      8.29     12.77
2015.78904     11.57     12.01
2015.79178     16.03     13.14
2015.79452     22.02     13.94
2015.79726     22.23     13.31
2015.80000     11.98     13.99
2015.80274     25.89     13.46
2015.80548     12.91     14.53
2015.80822      5.74     14.13
2015.81096      8.85     13.94
2015.81370      0.76     14.84
2015.81644     21.01     13.51
2015.81918      9.21     12.42
2015.82192     17.05     12.56
2015.82466      9.70     11.94
2015.82740     10.46     12.36
2015.83014     17.08     15.17
2015.83288     13.37     14.95
2015.83562     16.15     13.13
2015.83836     17.61     13.85
2015.84110     15.60     14.30
2015.84384     21.09     13.06
2015.84658     23.50     12.40
2015.84932     17.19     13.06
2015.85205     17.09     13.30
2015.85479     17.33     12.91
2015.85753     18.21     14.08
2015.86027     18.16     12.92
2015.86301     20.79     12.84
2015.86575     22.24     12.14
2015.86849     21.85     12.64
2015.87123     27.88     14.09
2015.87397     12.91     13.26
2015.87671     23.96     12.41
2015.87945     17.35     12.16
2015.88219     19.43     12.52
2015.88493     22.25     14.85
2015.88767      3.20     17.23
2015.89041      4.79     15.04
2015.89315     18.71     11.86
2015.89589     15.73     13.36
2015.89863      5.70     14.45
2015.90137     19.47     13.35
2015.90411     19.53     11.95
2015.90685     17.53     11.97
2015.90959     15.80     11.81
2015.91233     16.82     12.36
2015.91507     12.89     11.27
2015.91781     16.24     11.65
2015.92055     12.72     12.11
2015.92329      8.96     11.35
2015.92603     17.87     12.82
2015.92877     10.59     14.84
2015.93151     12.99     12.89
2015.93425     11.44     12.06
2015.93699     15.11     11.26
2015.93973      5.24     14.56
2015.94247      8.52     12.94
2015.94795      9.84     11.63
2015.95068     17.17     12.36
2015.95342     10.22     11.35
2015.95616     22.98     10.86
2015.95890      7.49     11.13
2015.96164     15.69     10.76
2015.96438     18.10     10.33
2015.96712     10.26     11.70
2015.96986     13.08     12.25
2015.97260     13.98     12.29
2015.97534     17.26     11.18
2015.97808     13.26     11.02
2015.98082     12.59     11.37
2015.98356     13.60     11.23
2015.98630     15.38     10.75
2015.98904     19.16     11.70
2015.99178     17.56     10.80
2015.99452     16.47     10.29
2015.99726     15.82     10.47
2016.00000     12.48     10.50
2016.00273     17.06     10.57
2016.00546     20.22     13.50
2016.00820     19.53     14.74
2016.01093     23.47     11.64
2016.01366     12.84     14.10
2016.01639     11.88     13.68
2016.01913     14.95     12.72
2016.02186     16.01     11.42
2016.02459     11.76     11.14
2016.02732     18.30     11.81
2016.03005     17.98     12.58
2016.03279     10.14     13.69
2016.03552     20.34     13.47
2016.03825      9.73     11.54
2016.04098      7.25     12.98
2016.04372     19.42     13.80
2016.04645      7.63     14.99
2016.04918     12.68     11.30
2016.05191     12.87     11.67
2016.05464     12.87     11.67
2016.05738     13.19     11.34
2016.06011     18.82     11.34
2016.06284     11.01     11.62
2016.06557     15.54     11.24
2016.06831      3.88     11.40
2016.07104      7.72     11.39
2016.07377     16.25     11.82
2016.07650     19.55     12.64
2016.07923     16.34     16.06
2016.08197     30.70     12.24
2016.08470     17.82     11.26
2016.08743     23.09     12.81
2016.09016     21.13     11.26
2016.09290     24.05     11.25
2016.09563     17.15     14.14
2016.10383     25.36     11.48
2016.10656     24.32     11.15
2016.10929     23.33     11.13
2016.11202     29.86     11.58
2016.11475     28.81     17.57
2016.11749     37.53     14.53
2016.12022     28.35     12.33
2016.12295     34.91     12.83
2016.12568     28.97     11.72
2016.12842     32.27     11.21
2016.13115     34.39     11.13
2016.13388     30.33     10.84
2016.13661     30.47     11.16
2016.13934     30.45     11.38
2016.14208     29.53     11.15
2016.14481     28.41     11.03
2016.14754     35.60     11.20
2016.15027     23.80     10.79
2016.15301     20.29     10.74
2016.15574     25.35     11.21
2016.15847     27.13     11.26
2016.16120     30.76     12.45
2016.16393     26.02     11.80
2016.16667     24.61     12.15
2016.16940     29.57     12.23
2016.17213     31.96     11.72
2016.17486     32.81     11.78
2016.17760     35.88     14.04
2016.18033     35.31     11.06
2016.18306     32.93     11.43
2016.18579     38.51     13.05
2016.18852     34.97     13.77
2016.19126     25.00     13.01
2016.19399     24.55     11.21
2016.19672     31.58     11.50
2016.19945     24.98     14.42
2016.20219     27.95     11.55
2016.20492     24.50     11.57
2016.20765     26.96     11.04
2016.21038     27.09     11.82
2016.21311     37.22     12.96
2016.21585     32.25     12.58
2016.21858     31.18     11.75
2016.22131     40.89     11.87
2016.22404     31.61     11.66
2016.22678     28.24     15.60
2016.22951     29.82     11.06
2016.23224     29.19     11.36
2016.23497     42.03     11.17
2016.23770     34.40     11.25
2016.24044     34.73     11.24
2016.24317     35.64     11.41
2016.24590     30.76     11.76
2016.24863     31.44     11.94
2016.25137     41.92     12.30
2016.25410     42.98     13.85
2016.25683     42.07     13.00
2016.25956     43.32     12.05
2016.26230     35.09     11.70
2016.26503     44.72     12.14
2016.26776     45.66     12.55
2016.27049     38.90     13.21
2016.27322     48.93     13.97
2016.27596     26.86     18.33
2016.27869     37.52     16.23
2016.28142     44.50     15.05
2016.28962     36.57     16.71
2016.29235     41.30     16.15
2016.29508     32.44     14.92
2016.29781     33.73     17.03
2016.30055     41.68     14.36
2016.30328     34.22     14.66
2016.30601     36.74     14.80
2016.30874     31.89     13.62
2016.31148     39.48     14.68
2016.31421     37.30     15.19
2016.31694     38.95     15.59
2016.31967     35.30     15.91
2016.32240     28.53     15.79
2016.32514     33.60     15.32
2016.32787     31.34     14.26
2016.33060     31.36     13.40
2016.33333     39.75     15.05
2016.33607     31.12     15.10
2016.33880     39.77     14.76
2016.34153     32.18     13.78
2016.34426     40.36     14.61
2016.34699     34.90     14.84
2016.34973     34.68     14.49
2016.35246     40.17     14.30
2016.35519     32.00     14.64
2016.35792     38.67     19.35
2016.36066     30.59     19.03
2016.36339     28.00     16.84
2016.36612     34.02     18.51
2016.36885     34.32     17.67
2016.37158     36.01     15.66
2016.37432     34.54     15.14
2016.37705     30.80     12.50
2016.37978     35.35     13.56
2016.38251     26.52     13.41
2016.38798     22.31     16.59
2016.39071     23.63     19.34
2016.40437     38.75     16.89
2016.40710     38.47     15.10
2016.40984     40.15     14.89
2016.41257     42.73     16.19
2016.41530     37.49     14.01
2016.41803     34.04     14.77
2016.42077     30.33     16.80
2016.42350     31.20     14.22
2016.42623     41.37     15.93
2016.43169     42.28     16.40
2016.43716     30.16     18.96
2016.43989     37.01     15.38
2016.44262     35.27     17.13
2016.44536     34.01     16.39
2016.44809     52.08     18.64
2016.45628     31.06     15.51
2016.45902     31.83     14.60
2016.46175     37.45     15.89
2016.46721     35.35     17.90
2016.46995     23.31     16.27
2016.47268     40.64     15.47
2016.47541     34.68     16.70
2016.47814     35.13     17.13
2016.48087     27.17     18.34
2016.48361     31.59     16.55
2016.48907     30.66     17.07
2016.49180     44.98     18.11
2016.49454     18.81     18.24
2016.49727     16.80     18.85
2016.50000     21.55     17.21
2016.50273     29.31     16.18
2016.50546     29.14     17.37
2016.50820     38.45     17.16
2016.51093     35.65     17.50
2016.51366     32.48     19.86
2016.51639     38.85     17.26
2016.52186     37.90     18.77
2016.52459     33.40     19.94
2016.53279     44.25     18.14
2016.54918     33.51     16.01
2016.57104     34.85     17.75
2016.57377     37.04     18.06
2016.58197     47.86     20.04
2016.58743     37.72     14.48
2016.59016     36.33     15.07
2016.59290     38.72     14.47
2016.59563     34.55     13.86
2016.59836     31.00     18.58
2016.60656     33.35     19.85
2016.61202     26.21     18.82
2016.61475     40.65     14.69
2016.61749     41.27     15.03
2016.62022     36.00     15.86
2016.62295     37.53     18.60
2016.62568     33.38     18.26
2016.62842     33.97     18.03
2016.63388     38.40     19.84
2016.63661     43.07     18.20
2016.64208     47.55     18.65
2016.64481     34.83     17.10
2016.64754     31.10     18.74
2016.65027     43.23     16.80
2016.66393     33.66     16.26
2016.66667     47.06     16.41
2016.66940     35.46     17.54
2016.67486     42.10     19.03
2016.67760     36.01     17.75
2016.68579     39.45     16.66
2016.68852     24.54     18.17
2016.69126     38.58     15.92
2016.69399     40.87     16.42
2016.69945     27.17     18.60
2016.70219     43.40     17.22
2016.71585     35.29     15.65
2016.72131     31.09     18.99
2016.72404     28.04     17.92
2016.72951     33.08     19.92
2016.73224     41.34     16.90
2016.73497     34.58     19.36
2016.74863     34.85     18.22
2016.75137     24.36     18.90
2016.75410     40.51     18.05
2016.75683     39.10     17.19
2016.76776     37.79     19.06
2016.77049     36.04     18.34
2016.77322     21.41     18.86
2016.77596     36.69     18.72
2016.77869     47.84     19.40
2016.78142     29.63     19.13
2016.78689     41.22     17.61
2016.79235     27.88     19.61
2016.79508     47.68     19.21
2016.79781     36.59     17.04
2016.80601     42.23     18.74
2016.80874     30.92     16.66
2016.81148     48.57     16.44
2016.81421     40.54     15.27
2016.81694     37.20     15.40
2016.81967     30.23     18.99
2016.82240     40.98     14.35
2016.82514     45.22     15.65
2016.83607     35.17     16.54
2016.84153     30.18     18.07
2016.84973     30.30     20.04
2016.85792     33.65     16.41
2016.86339     29.61     18.96
2016.86612     38.36     17.48
2016.87158     38.99     19.13
2016.88251     40.20     13.25
2016.88525     39.21     15.01
2016.88798     39.33     14.08
2016.89071     42.45     13.44
2016.89344     35.54     13.58
2016.89617     35.05     14.45
2016.89891     39.27     13.15
2016.90164     25.20     12.99
2016.90437     37.78     15.29
2016.90710     47.25     16.56
2016.90984     40.39     15.92
2016.91257     33.58     14.48
2016.91530     33.42     15.40
2016.91803     34.36     14.76
2016.92077     30.98     13.45
2016.92350     30.38     12.78
2016.92623     33.43     14.50
2016.92896     34.45     14.08
2016.93169     39.22     13.59
2016.93443     36.59     13.22
2016.93716     38.88     14.38
2016.93989     33.39     14.30
2016.94262     33.39     13.99
2016.94536     30.66     13.79
2016.94809     28.93     13.87
2016.95082     27.77     13.26
2016.95355     32.01     12.83
2016.95628     33.91     11.38
2016.95902     37.03     12.26
2016.96175     28.28     12.57
2016.96448     32.84     12.78
2016.96721     40.17     12.93
2016.96995     31.76     13.24
2016.97268     34.27     12.99
2016.97541     34.39     12.91
2016.97814     35.13     12.41
2016.98087     34.75     12.06
2016.98361     33.55     11.86
2016.98634     37.93     13.38
2016.98907     29.51     14.41
2016.99180     34.25     13.15
2016.99454     39.43     12.95
2016.99727     36.77     13.26
2017.00000     36.20     12.95
2017.00274     32.88     12.27
2017.00548     34.49     12.59
2017.00822     38.23     11.88
2017.01096     37.87     11.81
2017.01370     37.93     11.89
2017.01644     35.20     12.17
2017.01918     38.60     12.57
2017.02192     37.16     12.70
2017.02466     27.39     12.64
2017.02740     38.89     13.02
2017.03014     37.17     13.18
2017.03288     45.23     13.08
2017.03562     36.50     12.14
2017.03836     39.49     11.52
2017.04110     37.94     11.77
2017.04384     38.40     12.23
2017.04658     31.67     12.41
2017.04932     43.94     12.31
2017.05205     35.51     12.47
2017.05479     35.74     12.10
2017.05753     34.51     12.75
2017.06027     37.94     12.50
2017.06301     37.07     11.68
2017.06575     40.86     11.99
2017.06849     37.14     12.54
2017.07123     48.06     12.38
2017.07397     47.68     12.83
2017.07671     44.19     12.25
2017.07945     50.01     12.72
2017.08219     43.85     14.29
2017.08493     38.74     13.96
2017.08767     39.14     12.81
2017.09041     40.27     11.70
2017.09315     37.05     14.18
2017.09589     46.39     14.36
2017.09863     35.36     13.84
2017.10137     40.47     12.44
2017.10411     39.21     13.11
2017.10685     40.85     13.21
2017.10959     45.36     11.06
2017.11233     38.30     11.37
2017.11507     39.51     11.21
2017.11781     37.87     11.23
2017.12055     38.78     12.04
2017.12329     34.78     11.89
2017.12603     36.88     11.57
2017.12877     44.01     11.87
2017.13151     37.17     12.26
2017.13425     39.51     13.36
2017.13699     39.17     14.25
2017.13973     43.11     12.90
2017.14247     47.42     13.91
2017.14521     45.14     14.57
2017.14795     45.71     12.57
2017.15068     42.83     12.16
2017.15616     39.81     12.11
2017.15890     40.84     11.68
2017.16164     44.11     11.67
2017.16438     37.18     12.14
2017.16712     41.71     11.78
2017.16986     41.40     11.34
2017.17260     37.18     11.41
2017.17534     45.29     12.55
2017.17808     38.15     11.92
2017.18082     41.01     11.58
2017.18356     38.11     12.25
2017.18630     40.48     12.03
2017.18904     44.38     13.66
2017.19178     35.84     11.83
2017.19452     39.94     11.56
2017.19726     39.48     12.69
2017.20000     40.21     12.07
2017.20274     32.83     12.41
2017.20548     43.64     12.69
2017.20822     39.52     11.88
2017.21096     40.90     12.83
2017.21370     41.39     13.07
2017.21644     36.53     12.68
2017.21918     41.24     14.02
2017.22192     37.60     16.94
2017.22466     45.48     13.82
2017.22740     42.35     13.42
2017.23014     39.39     13.70
2017.23288     35.38     13.65
2017.23562     40.69     13.83
2017.23836     34.96     14.20
2017.24110     35.37     13.43
2017.24384     42.06     13.98
2017.24658     44.19     17.79
2017.24932     23.88     14.37
2017.25205     32.87     17.98
2017.25479     35.56     13.46
2017.25753     36.48     13.39
2017.26027     41.60     13.09
2017.26301     49.09     14.61
2017.26575     40.63     14.14
2017.26849     50.03     16.00
2017.27123     36.20     15.66
2017.27397     43.26     14.59
2017.27671     31.24     19.59
2017.27945     45.14     17.85
2017.28219     32.07     14.39
2017.28493     34.07     13.60
2017.28767     28.68     14.23
2017.29041     30.71     13.98
2017.29315     39.68     14.28
2017.29589     41.27     15.09
2017.30137     27.07     16.39
2017.30411     38.84     19.08
2017.30685     46.16     14.92
2017.30959     41.53     13.26
2017.31233     26.43     12.31
2017.31507     37.45     13.32
2017.31781     34.49     13.31
2017.32055     29.92     13.82
2017.32329     27.57     13.17
2017.32603     29.82     13.53
2017.32877     40.08     14.36
2017.33151     40.08     12.72
2017.33425     29.72     14.50
2017.33699     34.13     13.48
2017.33973     38.49     13.39
2017.34247     40.90     14.87
2017.34521     39.07     15.63
2017.34795     38.89     13.19
2017.35068     31.69     14.01
2017.35342     39.09     15.39
2017.35616     36.25     17.43
2017.35890     35.10     14.90
2017.36164     35.02     15.06
2017.36438     36.68     14.34
2017.36712     42.69     14.42
2017.36986     34.92     13.64
2017.37260     35.90     14.32
2017.37534     27.47     14.14
2017.37808     35.35     16.98
2017.38082     45.09     13.95
2017.38356     41.67     13.89
2017.38630     38.38     13.93
2017.38904     34.88     12.85
2017.39178     38.95     14.97
2017.39452     41.19     18.84
2017.39726     38.42     17.97
2017.40000     36.88     13.04
2017.40274     26.71     12.61
2017.40548     29.39     14.18
2017.40822     31.42     15.01
2017.41096     32.78     18.61
2017.41370     41.10     15.43
2017.41918     28.37     17.83
2017.42192     49.18     18.95
2017.42466     31.99     20.12
2017.42740     33.59     14.76
2017.43014     42.96     14.45
2017.43288     41.95     17.86
2017.43562     27.35     19.40
2017.43836     35.43     16.64
2017.44110     29.91     15.51
2017.44384     29.76     14.33
2017.44658     36.08     19.37
2017.44932     36.90     18.02
2017.45205     39.89     19.98
2017.46301     40.53     19.69
2017.46575     35.28     17.85
2017.46849     29.13     18.23
2017.47123     36.08     15.51
2017.47397     34.64     14.67
2017.47671     29.28     16.32
2017.47945     37.81     19.68
2017.48219     34.75     14.96
2017.48493     39.02     13.87
2017.48767     33.28     14.94
2017.49041     38.92     17.06
2017.49315     36.84     17.16
2017.49589     39.47     17.15
2017.49863     36.42     15.53
2017.50411     44.69     18.80
2017.50959     41.63     17.07
2017.51233     30.87     17.85
2017.51507     46.06     15.26
2017.51781     33.17     18.22
2017.52055     17.92     17.17
2017.52603     26.28     17.04
2017.52877     37.88     18.60
2017.53151     43.67     18.68
2017.53425     31.78     17.23
2017.53699     28.77     18.51
2017.53973     32.91     18.05
2017.54247     41.02     13.86
2017.54521     42.39     15.19
2017.54795     38.48     14.71
2017.55068     40.50     14.83
2017.55616     44.90     14.80
2017.55890     37.13     15.26
2017.56164     36.09     18.77
2017.56438     30.61     18.60
2017.56986     29.25     17.70
2017.57260     35.86     18.04
2017.58630     27.76     16.51
2017.58904     19.06     18.63
2017.59178     34.36     17.67
2017.59452     44.01     16.51
2017.59726     35.92     16.49
2017.60000     35.65     17.78
2017.60274     37.46     16.62
2017.60548     39.57     18.12
2017.60822     29.09     18.83
2017.61096     35.05     16.40
2017.61370     42.27     16.09
2017.61644     35.45     14.21
2017.61918     28.96     15.23
2017.62192     37.00     15.97
2017.62466     37.08     16.51
2017.62740     37.27     15.51
2017.63014     34.84     18.13
2017.63288     38.80     19.84
2017.63562     29.42     18.65
2017.64384     39.98     14.95
2017.64658     26.65     15.36
2017.64932     43.24     16.33
2017.65205     34.85     16.85
2017.65479     20.45     15.81
2017.65753     29.62     16.88
2017.66027     38.17     18.67
2017.66301     29.48     19.22
2017.66575     37.75     16.78
2017.67123     32.84     17.48
2017.67397     32.45     18.67
2017.67671     46.19     20.04
2017.67945     33.76     16.83
2017.68219     31.05     14.85
2017.68493     25.83     15.20
2017.68767     35.33     14.87
2017.69041     31.91     14.07
2017.69315     30.92     15.91
2017.69589     30.50     16.65
2017.69863     33.17     16.49
2017.70137     34.34     19.77
2017.70411     43.64     16.75
2017.70685     32.61     14.62
2017.70959     33.37     15.90
2017.71233     38.17     16.36
2017.71507     28.51     15.61
2017.71781     34.29     18.92
2017.72055     31.91     14.58
2017.72329     28.96     14.24
2017.72603     30.76     15.77
2017.72877     25.84     14.51
2017.73151     32.70     15.52
2017.73425     35.75     16.75
2017.73699     33.10     14.80
2017.73973     36.62     14.47
2017.74247     36.91     16.70
2017.74795     36.78     15.59
2017.75068     28.57     15.99
2017.75342     40.99     17.65
2017.75616     45.36     19.16
2017.76164     21.53     15.45
2017.76438     39.95     17.15
2017.76712     26.85     19.05
2017.77808     41.37     18.88
2017.78082     34.71     19.26
2017.78630     44.01     19.14
2017.79178     25.53     19.87
2017.79452     26.88     18.41
2017.79726     27.03     15.57
2017.80000     22.69     15.21
2017.80274     26.04     13.04
2017.80548     33.23     13.17
2017.80822     24.02     13.26
2017.81096     30.82     13.84
2017.81370     24.75     13.79
2017.81644     33.02     13.98
2017.81918     29.03     13.84
2017.82192     24.50     13.49
2017.82466     22.76     13.55
2017.82740     19.06     13.80
2017.83014     25.48     13.71
2017.83288     34.80     13.09
2017.83562     37.18     13.73
2017.83836     38.04     15.07
2017.84110     33.78     14.47
2017.84384     28.78     13.94
2017.84658     33.44     13.46
2017.84932     39.53     14.14
2017.85205     34.61     14.50
2017.85479     39.72     13.39
2017.85753     40.68     13.36
2017.86301     32.83     15.08
2017.86575     31.85     12.67
2017.86849     39.07     12.86
2017.87123     33.67     13.69
2017.87397     39.58     13.26
2017.87671     38.20     13.24
2017.87945     30.80     13.46
2017.88219     27.73     14.48
2017.88493     35.47     12.43
2017.88767     30.70     12.27
2017.89041     31.78     12.91
2017.89315     39.05     13.06
2017.89589     31.54     13.84
2017.89863     33.31     12.62
2017.90137     33.61     12.68
2017.90411     30.16     12.78
2017.90685     34.62     12.93
2017.90959     28.95     12.38
2017.91233     32.14     13.22
2017.91507     34.22     13.17
2017.91781     34.12     15.52
2017.92055     33.98     14.54
2017.92329     33.40     13.43
2017.92603     27.63     13.05
2017.92877     32.74     12.46
2017.93151     34.46     13.39
2017.93425     38.73     13.29
2017.93699     29.28     12.06
2017.93973     30.74     13.07
2017.94247     35.29     12.43
2017.94521     35.32     12.61
2017.94795     30.73     12.41
2017.95342     30.80     12.82
2017.95616     30.73     12.69
2017.95890     20.38     13.81
2017.96164     21.08     14.08
2017.96438     35.94     13.87
2017.96712     31.59     15.60
2017.96986     32.32     15.91
2017.97260     31.32     12.35
2017.97534     31.77     11.81
2017.97808     37.00     12.18
2017.98082     31.54     13.27
2017.98356     36.66     11.99
2017.98630     29.52     12.00
2017.98904     35.47     12.36
2017.99178     30.34     13.47
2017.99452     29.11     12.54
2017.99726     33.77     12.72
2018.00000     32.82     12.44
2018.00274     31.25     12.83
2018.00548     33.99     12.39
2018.00822     26.38     12.76
2018.01096     31.13     13.57
2018.01370     33.82     13.14
2018.01644     36.54     12.76
2018.01918     33.59     12.57
2018.02192     36.45     14.43
2018.02466     36.06     14.31
2018.02740     32.25     12.95
2018.03014     29.15     13.03
2018.03288     26.60     12.35
2018.03562     31.05     12.09
2018.03836     34.86     13.36
2018.04110     37.17     12.70
2018.04384     36.56     13.10
2018.04658     40.73     13.50
2018.04932     38.43     13.31
2018.05205     35.75     13.59
2018.05479     36.18     12.70
2018.05753     32.84     14.65
2018.06027     35.64     13.82
2018.06301     32.47     12.82
2018.06575     38.10     13.02
2018.06849     25.76     13.39
2018.07123     32.14     13.54
2018.07397     28.58     13.77
2018.07671     28.82     15.33
2018.07945     32.84     13.24
2018.08219     26.07     12.58
2018.08493     25.46     13.16
2018.08767     31.82     12.71
2018.09041     28.12     12.58
2018.09315     28.42     12.08
2018.09589     33.41     11.98
2018.09863     36.44     12.81
2018.10137     31.51     13.27
2018.10411     39.19     13.21
2018.10685     40.05     12.71
2018.10959     33.22     12.86
2018.11233     40.82     13.20
2018.11507     34.98     12.50
2018.11781     30.47     12.45
2018.12055     34.62     12.44
2018.12329     31.03     12.60
2018.12603     31.82     13.65
2018.12877     32.17     17.11
2018.13151     26.38     12.98
2018.13425     31.22     12.97
2018.13699     36.36     12.82
2018.13973     25.97     14.49
2018.14247     34.15     13.67
2018.14521     29.80     13.89
2018.14795     29.16     13.17
2018.15068     29.00     13.68
2018.15342     36.47     13.79
2018.15616     29.37     12.68
2018.15890     30.00     14.80
2018.16164     24.04     15.54
