2012.00000      2.48      8.76
2012.00273      1.68      8.78
2012.00546      4.28      8.48
2012.00820      1.72      8.59
2012.01093      6.24      8.91
2012.01366      0.94      8.76
2012.01639      1.75      8.67
2012.01913     -0.38      8.21
2012.02186     -2.08      8.60
2012.02459     -1.76      9.28
2012.02732     -0.46      9.34
2012.03005     -0.89      9.82
2012.03279      1.65      8.61
2012.03552      4.09      8.47
2012.03825      5.09      8.76
2012.04098      6.22      8.97
2012.04372      5.06     10.44
2012.04645      4.91      9.61
2012.04918      6.01      8.89
2012.05191      1.64      9.52
2012.05464      9.59     13.04
2012.08197      5.11      9.74
2012.08470      8.27      8.14
2012.08743      7.00      8.72
2012.09016      4.38      8.74
2012.09290      9.99      8.35
2012.09563     13.40      8.82
2012.09836     13.10      9.93
2012.10109     10.52     12.70
2012.10383     11.20     10.56
2012.10656     14.48      8.37
2012.10929     10.19      8.13
2012.11202     13.85      8.37
2012.11475      6.97      8.63
2012.11749      8.76      8.89
2012.12022     20.25     10.25
2012.12295     12.90      9.54
2012.12568     15.04     13.80
2012.12842      4.24     10.02
2012.13115     12.57      8.30
2012.13388     12.80      9.84
2012.13661     14.50     10.25
2012.13934     17.36      9.95
2012.14208     14.45     11.49
2012.14481     11.51     11.41
2012.14754     21.57     21.23
2012.16393      8.14      9.90
2012.16667     13.38     12.52
2012.16940     10.22     10.50
2012.17213      9.70      9.96
2012.17486      7.69     10.83
2012.17760      6.01     11.36
2012.18033      6.34     11.74
2012.18306     10.77     10.20
2012.18579      9.18     10.87
2012.18852      8.73     10.38
2012.19126     15.40      9.65
2012.19399      5.72     10.05
2012.19672      9.82     11.13
2012.19945      4.66      9.52
2012.20219      0.64      9.02
2012.20492      0.98      9.32
2012.20765      8.88     12.23
2012.21038     -5.14     11.17
2012.21311     -0.92     10.84
2012.21585     -1.57      9.81
2012.21858      4.66     10.70
2012.22131     -0.13      9.86
2012.22404     12.65      9.79
2012.22678      0.52     13.09
2012.22951      2.18     10.33
2012.23224      9.61     10.88
2012.23497      2.36     12.13
2012.23770      1.22     10.13
2012.24044      1.32     12.76
2012.24317     13.32     10.91
2012.24590      7.53      9.70
2012.24863     -4.41     10.03
2012.25137      3.65     10.07
2012.25410     13.11     10.93
2012.25683      5.39     10.53
2012.25956     17.20     10.03
2012.26230      4.42      9.97
2012.26503     10.47     11.22
2012.26776      2.98     10.49
2012.27049      5.00      9.83
2012.27322      2.34     10.62
2012.27596      9.27     10.21
2012.27869      6.35     10.81
2012.28142      8.09     12.31
2012.28415     10.44     12.65
2012.28689      8.92      9.94
2012.28962      9.86     10.53
2012.29235     10.63     12.13
2012.29508      3.30     11.87
2012.29781      1.87     10.79
2012.30055      6.95     10.88
2012.30328     -1.27     13.68
2012.30601      8.22     12.49
2012.30874     14.48      9.95
2012.31148      2.95     13.35
2012.31421     12.88     11.53
2012.31967     12.64     14.14
2012.32240      1.05     13.53
2012.32514     10.46     10.46
2012.32787     -5.56     15.26
2012.33060     17.17     13.15
2012.33333      2.81     16.24
2012.33607     -7.60     18.42
2012.33880      1.86     14.32
2012.34153      0.70     12.12
2012.34426      4.98     10.57
2012.34699      6.60      9.17
2012.34973     10.68     11.16
2012.35246      9.56     10.35
2012.35519     -1.16     11.84
2012.35792     -1.87     16.43
2012.36066      4.47     10.50
2012.36339      5.30     10.30
2012.36612      7.24     11.01
2012.36885      8.53     10.86
2012.37158      6.70     12.19
2012.37432      5.15     10.99
2012.37705      8.52     13.01
2012.37978     11.28     10.20
2012.38251      8.98     15.79
2012.38525     17.46     12.46
2012.38798     -5.73     10.95
2012.39071      5.54     10.30
2012.39344     -1.19     11.51
2012.39617      8.24     10.90
2012.39891      6.09     10.84
2012.40164      0.61     12.78
2012.40437     13.81     15.96
2012.40710     10.71     13.90
2012.40984     13.74     13.79
2012.41257      8.51     13.64
2012.41530      0.36     10.91
2012.41803      3.20     10.47
2012.42077      3.07      9.95
2012.42350      9.91     12.55
2012.42623      5.25     10.86
2012.42896      2.70      9.86
2012.43169      1.56     11.54
2012.43443      2.19     12.26
2012.43716      7.15     15.73
2012.43989     20.07     19.39
2012.44809      7.33     17.24
2012.45082     -1.90     17.60
2012.45355      4.68     15.07
2012.45628      9.14     13.31
2012.45902      6.40     14.11
2012.46175     13.12     16.73
2012.46448      4.07     14.14
2012.46995     16.36     18.12
2012.47268      5.55     13.12
2012.47541     12.67     15.92
2012.48087      4.98     11.69
2012.48361      4.07     12.95
2012.48634      0.00     10.68
2012.48907     15.59     15.42
2012.49180     -2.73     15.16
2012.49454      3.39     12.66
2012.49727      6.88     12.91
2012.50000      8.00     13.33
2012.50273      9.01     12.63
2012.50546      9.35     11.71
2012.50820      6.95     13.00
2012.51093      9.12     13.52
2012.51366      3.37     12.73
2012.51639      1.72     12.05
2012.51913     15.73     15.13
2012.52186      9.73     13.44
2012.52459      4.77     11.14
2012.52732      5.98     11.43
2012.53005      8.49     12.13
2012.53279      4.15     12.25
2012.53552     28.87     16.60
2012.53825      4.39     14.79
2012.54098     12.75     13.18
2012.54372     -6.03     15.17
2012.54645      9.26     10.96
2012.54918     13.50     17.04
2012.55191      3.06     12.71
2012.55464      2.71     14.02
2012.55738     14.35     13.12
2012.56011     10.60     11.57
2012.56284      9.16     12.99
2012.56557     10.52     13.78
2012.56831     11.02     14.22
2012.57104      4.28     13.82
2012.57377     12.82     11.32
2012.57650      3.77     15.70
2012.57923      8.42     11.91
2012.58197     11.42     13.59
2012.58470      2.75     14.23
2012.58743      9.81     13.42
2012.59563     -3.69     19.04
2012.59836     -6.46     14.17
2012.60109     15.58     19.76
2012.60383     13.44     18.04
2012.60656     12.56     15.62
2012.60929     17.92     17.38
2012.61202      0.58     13.59
2012.61475      9.54     11.17
2012.61749      8.38     11.34
2012.62022      6.66     13.42
2012.62295      7.08     13.65
2012.62568      3.02     12.96
2012.62842     18.95     13.41
2012.63115     10.94     14.09
2012.63388      6.66     19.22
2012.63661      3.87     15.61
2012.63934      4.80     17.31
2012.64208      6.20     13.09
2012.64481     15.52     16.22
2012.64754     17.38     17.93
2012.65027     -2.93     15.02
2012.65301      3.80     14.07
2012.65574      0.61     14.96
2012.65847      8.56     16.40
2012.66120     15.55     15.59
2012.66393     -4.78     16.59
2012.66667     -1.11     15.03
2012.66940      3.54     15.60
2012.67213      4.10     15.87
2012.67486      0.10     15.28
2012.67760     -4.46     12.79
2012.68033      3.96     12.27
2012.68306      0.61     12.01
2012.68579     -3.00     12.97
2012.69399     -1.60     14.68
2012.69672     -5.48     13.49
2012.69945     -3.55     13.62
2012.70492      3.93     16.53
2012.70765      3.13     12.10
2012.71038     -4.63     12.67
2012.71311      5.89     12.54
2012.71585      0.56     11.87
2012.71858      5.93     10.97
2012.72131     -1.98     10.60
2012.72404      2.91     11.24
2012.72678      5.12     10.18
2012.73224      3.26     13.14
2012.73497     18.56     14.56
2012.73770     -4.74     16.33
2012.74044      1.93     12.96
2012.74317     -0.76     11.68
2012.74590     -2.26     10.51
2012.74863      1.96     10.65
2012.75137      4.01     11.11
2012.75410      3.62     11.68
2012.75683     -8.34     19.61
2012.75956      5.61     11.17
2012.76230      3.46     10.57
2012.76503      5.45     11.06
2012.76776     10.16     10.42
2012.77049      9.36     10.11
2012.77322      5.53     10.17
2012.77596     10.74     10.24
2012.77869      9.84     10.94
2012.78142      7.18     11.03
2012.78415      6.69     10.08
2012.78689      3.75      9.99
2012.78962      7.42     10.00
2012.79235      9.06      9.99
2012.79508      5.53     10.76
2012.79781      6.71     10.62
2012.80055      3.07     11.01
2012.80328      5.74      9.80
2012.80601      7.85     10.26
2012.80874      5.65      9.68
2012.81148      9.32     10.62
2012.81421      7.49      9.90
2012.81694     19.03     11.74
2012.81967     17.34     12.23
2012.82240     13.37     13.00
2012.82514      3.97     10.61
2012.82787     -0.08     11.71
2012.83060      3.33     11.77
2012.83333     12.81     10.87
2012.83607      8.03     15.73
2012.83880      8.55     15.60
2012.84153     10.92     16.36
2012.84426     12.04     15.87
2012.84699     13.32     13.82
2012.84973      6.94     15.07
2012.85246      7.53     13.79
2012.85519     12.97     13.44
2012.85792      8.23     12.84
2012.86066     10.18     14.56
2012.86339      5.15     14.46
2012.86612     15.57     12.92
2012.86885     15.88     13.56
2012.87158      1.58     10.08
2012.87432     11.65     16.04
2012.87705     19.32     16.10
2012.87978     10.07     15.08
2012.88251     12.19     13.44
2012.88525     12.18     14.63
2012.88798     11.16     13.79
2012.89071     10.47     17.03
2012.89344      1.39     16.93
2012.89617      4.86     15.95
2012.89891      9.71      8.97
2012.90164     10.77      9.44
2012.90437      7.20     11.56
2012.90710      9.76      9.69
2012.90984      8.55     10.14
2012.91257      6.67     10.07
2012.91530      6.13     10.60
2012.91803      2.74     16.58
2012.92077      2.04     17.07
2012.92350     10.50     15.69
2012.92623     17.44     14.88
2012.92896      2.31     18.03
2012.93169      6.34     14.96
2012.93443     11.45     14.31
2012.93716     16.69     14.88
2012.93989     12.72     13.44
2012.94262      3.55     14.48
2012.94536      4.74     11.91
2012.94809      3.22     12.83
2012.95082     14.34     15.33
2012.95355     16.28      9.59
2012.95628     10.49      9.48
2012.95902     10.52      9.59
2012.96175     15.10      9.53
2012.96448      8.56      9.22
2012.96721      7.09      8.56
2012.96995      8.82      8.69
2012.97268     10.70      8.81
2012.97541      5.82      9.77
2012.97814      7.81      9.19
2012.98087     11.69      8.85
2012.98361      8.91      8.68
2012.98634      7.98      9.24
2012.98907      9.55      9.70
2012.99180      2.88      9.54
2012.99454      7.57     13.51
2012.99727      3.78      9.69
2013.00000      8.62     10.33
2013.00274      7.35      9.33
2013.00548      6.29     10.16
2013.00822      4.49      8.89
2013.01096     10.20      8.66
2013.01370     10.19      8.83
2013.01644      7.69      9.32
2013.01918     14.16      9.97
2013.02192     10.91      9.81
2013.02466      8.95      9.49
2013.02740      5.56      9.15
2013.03014      6.56      9.65
2013.03288     18.14     12.95
2013.03562     13.81     12.19
2013.03836      8.53      8.41
2013.04110     10.88      8.64
2013.04384     10.34      9.59
2013.04658      6.23      9.68
2013.04932      9.33      8.29
2013.05205      7.40      8.84
2013.05479     12.83      8.93
2013.05753      8.97      8.51
2013.06027      5.98      8.79
2013.06301      9.18      8.98
2013.06575     11.77      9.53
2013.06849      9.02      8.66
2013.07123      8.73      8.42
2013.07397      2.72      8.75
2013.07671      9.06      8.38
2013.07945     10.86      8.81
2013.08219     14.13      9.80
2013.08493     14.63     10.07
2013.08767     15.46     11.36
2013.09041      8.82     10.07
2013.09315     11.59      9.66
2013.09589     12.20      9.54
2013.09863     16.29     10.95
2013.10137     18.18      9.65
2013.10411     13.09      8.87
2013.10685     10.47      8.38
2013.10959     13.69     10.06
2013.11233     18.26     12.21
2013.11507     13.32      9.33
2013.11781     10.46      9.09
2013.12055     10.05      9.69
2013.12329     16.71      9.55
2013.12603      8.94      9.94
2013.12877     11.08      8.76
2013.13151     12.04      8.81
2013.13425     17.21      9.61
2013.13699     10.44      9.97
2013.13973     10.72     10.08
2013.14247      6.72      9.00
2013.14521      5.33     12.55
2013.14795      9.52     11.20
2013.15342     10.63      8.89
2013.15616      4.96      9.83
2013.15890      6.77      9.39
2013.16164     11.40      9.01
2013.16438     15.68     10.33
2013.16712     12.87      9.50
2013.16986      9.45      8.63
2013.17260      6.21      9.00
2013.17534      5.06     11.76
2013.17808     10.11     10.25
2013.18082     -0.82     10.83
2013.18356      2.68      9.51
2013.18630      4.55      9.81
2013.18904      6.40     10.16
2013.19178      2.74     10.29
2013.19452     11.69     10.32
2013.19726      8.59     11.39
2013.20000      3.32      9.59
2013.20274      6.46      9.05
2013.20548      7.97      9.86
2013.20822     13.54     11.72
2013.21096      8.35     10.37
2013.21370     17.01     11.26
2013.21644     20.57     11.70
2013.21918     18.41     11.43
2013.22192     10.71     10.95
2013.22466     16.50     15.47
2013.22740     23.07     15.10
2013.23014      9.25      9.59
2013.23288     11.28     12.92
2013.23562     11.23     10.10
2013.23836     16.66     11.91
2013.24110     13.36     10.77
2013.24384     13.83      9.96
2013.24658     13.85     10.53
2013.24932      9.00     10.11
2013.25205     16.00     11.33
2013.25479     15.84     12.84
2013.25753     21.47     14.15
2013.26027     16.98     17.41
2013.26301     14.53     11.57
2013.26575      8.75      9.82
2013.26849     10.59     10.92
2013.27123     16.97     12.27
2013.27397      8.61     10.99
2013.27671     12.13      9.66
2013.27945      8.78     10.09
2013.28219     14.63      9.99
2013.28493     11.47      9.84
2013.28767     10.90     10.53
2013.29041     18.49     11.85
2013.29315     14.44     12.16
2013.29589     14.60     12.56
2013.29863     15.17     11.36
2013.30137      6.45     12.95
2013.30411      9.89      9.95
2013.30685      9.42      9.64
2013.31233     10.25     10.53
2013.31507      4.54     12.24
2013.31781      9.63     11.42
2013.32055     -1.41     11.92
2013.32329     12.79     10.27
2013.32603     14.96     10.02
2013.32877     10.83     13.11
2013.33151      9.88     10.56
2013.33425     10.15     10.34
2013.33699      9.15     10.15
2013.33973     12.13     10.47
2013.34247     12.20     10.90
2013.34521      7.70     10.38
2013.34795     12.33     10.13
2013.35068      8.99      9.91
2013.35342     18.42     11.28
2013.35616     11.70     13.34
2013.35890     10.68     12.29
2013.36164     13.56     12.59
2013.36438      9.62     13.23
2013.36712     11.12     14.21
2013.36986     11.15     12.37
2013.37260     -7.68     20.38
2013.37534      1.91     15.98
2013.37808      0.01     18.38
2013.38082      0.21     17.53
2013.38630      8.44     11.83
2013.38904     10.70     13.40
2013.39178     17.19     14.23
2013.39452      5.49     14.87
2013.39726     23.54     18.84
2013.40000      3.30     12.23
2013.40274      4.13     12.92
2013.40548     10.07     12.37
2013.40822      8.03     12.14
2013.41096      0.42     15.03
2013.41644     10.06     13.46
2013.41918      5.45     12.40
2013.42192      8.76     13.80
2013.42466     18.98     13.40
2013.42740      9.62     11.89
2013.43014     12.77     13.11
2013.43562      4.13     14.98
2013.43836      4.51     15.30
2013.44110     -1.97     13.99
2013.44384     13.68     18.15
2013.44932      7.14     14.49
2013.45205     -0.08     12.94
2013.45479      9.35     13.20
2013.45753     -6.97     16.97
2013.46301     10.39     14.31
2013.46575      5.10     14.52
2013.47397     -0.66     13.33
2013.47671      1.00     15.65
2013.47945     12.33     16.31
2013.48219     -0.25     13.71
2013.48493     -0.62     12.48
2013.48767      0.42     11.27
2013.49041     11.15     11.66
2013.49315      3.39     19.12
2013.49589     11.03     12.83
2013.49863      7.11     16.56
2013.50137      9.73     14.62
2013.50411     15.89     15.35
2013.50685     17.22     20.22
2013.50959      9.16     16.08
2013.51233     10.21     16.04
2013.51507      9.68     14.97
2013.51781     17.59     14.48
2013.52055     20.51     12.81
2013.52329     20.89     14.43
2013.52603      6.48     13.37
2013.52877      4.68     19.47
2013.53425      9.50     13.79
2013.53699     10.04     13.27
2013.53973     -0.14     14.18
2013.54247      5.70     14.24
2013.54521     12.53     12.32
2013.54795      1.35     13.65
2013.55342      9.42     20.94
2013.55616      4.32     15.79
2013.55890     12.61     14.56
2013.56164     26.48     17.16
2013.56438     16.17     19.92
2013.56712     23.67     16.56
2013.56986     13.06     15.44
2013.57260     24.21     17.33
2013.57534     28.74     14.89
2013.57808     19.73     13.22
2013.58082     26.54     15.66
2013.58356     24.55     12.48
2013.58904     17.53     14.91
2013.59178     26.72     13.66
2013.59452      7.56     12.90
2013.59726     20.01     12.58
2013.60000     16.70     17.43
2013.60274     15.83     11.79
2013.60548     28.33     15.88
2013.60822      5.87     19.80
2013.61096     13.88     14.42
2013.61370     21.65     13.56
2013.61644     24.45     13.78
2013.61918     29.91     12.66
2013.62192     23.88     13.60
2013.62740     23.01     15.79
2013.63014     10.97     14.61
2013.63288     23.83     18.01
2013.63562     26.42     14.20
2013.63836     28.25     17.78
2013.64384     28.75     14.97
2013.64658      5.22     18.69
2013.65479     26.63     15.68
2013.65753     35.39     17.59
2013.66575     21.20     16.15
2013.66849     20.04     17.17
2013.67123     20.19     12.44
2013.67671     -0.07     13.72
2013.68219     11.91     11.96
2013.68493     12.28     12.00
2013.68767     16.43     12.94
2013.69315     18.99     15.03
2013.69589      5.78     14.48
2013.69863     19.20     13.59
2013.70137     13.97     13.62
2013.70411     14.83     14.66
2013.70685     13.91     17.50
2013.71233     18.18     14.69
2013.71507     12.40     15.95
2013.71781      3.96     16.97
2013.72055     11.03     15.85
2013.72329     30.89     19.52
2013.72603     12.25     15.32
2013.72877     18.65     16.37
2013.73151      8.81     13.90
2013.73425     12.54     14.72
2013.73699     13.68     13.08
2013.73973     12.46     12.38
2013.74247     25.23     11.77
2013.74521     21.74     13.49
2013.74795      3.64     14.63
2013.75342     12.45     13.78
2013.75616      9.21     12.17
2013.75890     11.73     12.19
2013.76164     19.40     13.21
2013.76438     22.35     15.66
2013.76712     17.16     12.13
2013.76986      6.55     11.74
2013.77260     26.21     14.45
2013.77534     10.52     19.36
2013.77808     15.97     13.69
2013.78356     18.98     13.97
2013.78630     19.39     14.07
2013.78904     17.37     12.61
2013.79178     23.48     10.44
2013.79452     18.21     10.77
2013.79726     22.63     11.12
2013.80000      8.00     11.24
2013.80274     21.86     10.64
2013.80548     12.97     10.50
2013.80822     17.73     11.01
2013.81096     15.53     10.34
2013.81370     11.34     10.10
2013.81644      7.65     11.39
2013.81918     15.02     10.82
2013.82192     10.67     11.64
2013.82466      9.29     10.81
2013.82740     14.26     10.90
2013.83014     12.92     11.48
2013.83288      2.80     14.77
2013.83562     21.73     13.92
2013.83836     18.82     11.86
2013.84110     12.52     11.87
2013.84384     10.68     11.38
2013.84658     11.57     11.53
2013.84932     16.46      9.96
2013.85205     18.15     10.80
2013.85479     11.24     12.19
2013.85753     16.21     12.36
2013.86027     13.73     11.81
2013.86301     11.32     11.40
2013.86575     19.14     11.22
2013.86849     23.55     10.66
2013.87123     15.50     10.88
2013.87397     20.94     10.34
2013.87671     24.07     11.12
2013.87945     17.48     10.76
2013.88219     13.38      9.87
2013.88493     14.31     10.35
2013.88767     12.74     10.65
2013.89041     14.41      9.91
2013.89315     16.61     10.31
2013.89589     16.45     10.77
2013.89863     14.02     13.65
2013.90137     20.28     10.27
2013.90411     16.23     10.31
2013.90685     23.14     10.44
2013.90959     18.09      9.71
2013.91233     20.51      9.18
2013.91507     17.78      9.85
2013.91781     20.25     10.01
2013.92055     21.75      9.61
2013.92329     20.22      9.21
2013.92603     18.66     10.03
2013.92877     22.66      9.23
2013.93151     14.61      9.67
2013.93425     22.43      9.43
2013.93699     23.91     11.02
2013.93973     19.81     10.97
2013.94247     21.68      9.81
2013.94521     15.24     10.34
2013.94795     19.11      9.59
2013.95068     16.59     10.78
2013.95342     20.97     10.56
2013.95616     13.49     10.79
2013.95890     26.83     12.30
2013.96164     27.44     11.22
2013.96438     15.59     10.76
2013.96712     17.28     11.12
2013.96986     12.54     10.02
2013.97260     25.76      9.20
2013.97534     14.55      9.89
2013.97808     16.33      9.91
2013.98082     23.96     11.24
2013.98356     21.52      9.81
2013.98630     18.71      9.56
2013.98904     13.98      8.96
2013.99178     14.94      9.01
2013.99452     15.26      9.16
2013.99726     16.42      9.04
2014.00000     17.54      9.16
2014.00274     20.87     12.27
2014.00548     17.68     10.34
2014.00822     17.18     10.54
2014.01096     22.44      9.88
2014.01370     21.72      9.57
2014.01644     17.06      8.89
2014.01918     26.77      9.62
2014.02192     19.92      9.68
2014.02466     25.97      9.30
2014.02740     24.27      9.45
2014.03014     27.24      8.82
2014.03288     28.77      9.55
2014.03562     21.77     10.50
2014.03836     20.52      9.46
2014.04110     19.25      9.17
2014.04384     25.05      9.22
2014.04658     24.22      9.28
2014.04932     22.35      8.90
2014.05205     19.99      9.22
2014.05479     34.52     10.54
2014.05753     28.79      9.89
2014.06027     21.76      9.59
2014.06301     26.36      9.05
2014.06575     25.13      9.49
2014.06849     23.54      9.75
2014.07123     26.97      9.43
2014.07671     22.74     12.93
2014.07945     22.45     11.48
2014.08219     23.94     10.49
2014.08493     27.23     10.25
2014.08767     30.44     11.27
2014.09041     35.30     13.28
2014.09315     23.62     11.01
2014.09589     24.94     11.39
2014.09863     28.29     10.77
2014.10137     36.72     12.86
2014.10411     34.94     10.05
2014.10685     29.37     10.29
2014.10959     34.94     11.25
2014.11233     28.47     12.21
2014.11507     24.56      9.74
2014.11781     27.02      9.56
2014.12055     25.42     10.27
2014.12329     25.05      9.54
2014.12603     20.25      9.64
2014.12877     24.88      9.35
2014.13151     25.52     10.06
2014.13425     24.61     12.37
2014.13699     28.04     10.38
2014.13973     27.06      9.93
2014.14247     29.28     10.82
2014.14521     30.61     10.51
2014.14795     28.63     11.40
2014.15068     17.92      9.94
2014.15342     34.97     10.80
2014.15616     28.81     10.84
2014.15890     22.74     12.33
2014.16164     29.58     12.83
2014.16438     28.86     14.19
2014.16712     32.16     10.71
2014.17260     25.90     10.57
2014.17534      3.10     19.94
2014.17808     21.05     10.43
2014.18082     17.27     11.18
2014.18356     16.74     12.25
2014.18630     19.98     12.37
2014.18904     24.20     10.69
2014.19178     28.74     11.60
2014.19452     16.91     13.82
2014.19726     18.57     12.79
2014.20000     13.06     11.95
2014.20274     14.50     12.20
2014.20548     20.77     10.86
2014.20822     24.34     10.71
2014.21096     27.40     10.35
2014.21370     27.34     12.04
2014.21644     17.66     11.50
2014.21918     25.05      9.96
2014.22192     22.85      9.97
2014.22466     23.66      9.84
2014.22740     23.81     10.88
2014.23014     20.91     10.66
2014.23288     23.59     12.23
2014.23562     33.41     12.02
2014.23836     30.75     12.32
2014.24110     23.30     16.64
2014.24384     35.33     13.13
2014.24932     23.64     12.32
2014.25205     29.40     13.37
2014.25479     11.91     18.24
2014.26027     24.54     11.74
2014.26301     21.70     11.28
2014.26575     18.76     10.44
2014.26849     29.47     13.14
2014.27123     19.67     10.75
2014.27397     13.97     15.22
2014.27671     14.50     10.90
2014.27945     26.30     10.75
2014.28219     21.89     11.75
2014.28493     23.14     10.92
2014.28767     23.66     11.40
2014.29041     16.57     10.88
2014.29315     16.18     11.20
2014.29589     34.18     11.53
2014.30411     17.58     10.55
2014.30685     25.48     11.44
2014.30959     21.48     11.30
2014.31233     23.10     11.45
2014.31507     23.74     11.11
2014.31781     24.52     12.26
2014.32055     18.46     11.92
2014.32329     24.13     11.03
2014.32603     16.38     11.07
2014.32877     20.73     12.52
2014.33151     24.81     15.43
2014.33425     32.19     10.68
2014.33699     29.47     11.67
2014.33973     34.02     11.57
2014.34247     18.89     11.20
2014.34521     27.91     11.08
2014.34795     22.27     10.58
2014.35068     28.26     10.80
2014.35342     30.35     12.03
2014.35616     28.26     10.75
2014.35890     32.98     12.18
2014.36164     34.49     14.02
2014.36438     21.86     15.00
2014.36712     25.55     14.28
2014.37260     29.33     14.50
2014.37534     26.17     13.14
2014.37808     23.48     14.46
2014.38082     37.87     17.28
2014.38630     24.67     13.91
2014.40000      9.48     16.95
2014.40274     25.43     14.43
2014.40548     16.96     16.38
2014.40822     29.50     14.92
2014.41096     25.30     13.35
2014.41370     15.54     12.25
2014.41644     15.35     13.91
2014.41918     23.75     14.57
2014.42192     16.92     16.01
2014.42466     20.14     15.45
2014.42740     21.82     15.47
2014.43014     24.83     13.20
2014.43288     22.81     13.63
2014.43562     14.43     13.37
2014.43836     33.40     14.01
2014.44110     29.03     13.60
2014.44384     14.58     13.09
2014.44658     34.01     14.82
2014.44932     28.31     12.23
2014.45205     21.03     12.33
2014.45479     28.39     12.71
2014.45753     27.26     14.56
2014.46027     23.09     13.46
2014.46301     38.51     19.12
2014.46575     30.65     13.01
2014.46849     23.56     14.06
2014.47123     24.39     13.39
2014.47397     23.26     14.32
2014.47671     32.22     16.98
2014.47945     19.14     15.52
2014.48493     22.28     15.84
2014.48767     24.39     12.56
2014.49041     36.54     18.10
2014.49315     12.71     14.52
2014.49589     14.94     13.83
2014.49863     17.47     17.03
2014.50137     24.24     13.04
2014.50411      8.35     15.10
2014.50685     19.38     14.14
2014.50959     26.97     15.61
2014.51233     32.91     15.49
2014.51507     26.88     16.33
2014.51781     27.73     16.80
2014.52055     24.30     19.60
2014.52329     23.94     14.22
2014.52603     24.92     13.26
2014.52877     27.24     12.89
2014.53151     13.22     12.77
2014.53425     15.15     14.62
2014.53699     21.20     16.64
2014.53973     38.63     14.66
2014.54247     27.83     19.82
2014.54521     36.36     16.87
2014.55068     28.34     15.11
2014.55342     23.23     16.79
2014.55616     33.78     18.62
2014.56438     13.97     15.55
2014.56712     10.48     17.74
2014.56986     18.72     14.50
2014.57534     18.25     15.27
2014.57808     26.85     16.25
2014.58082     32.88     19.53
2014.58356     22.75     20.41
2014.58904     15.48     18.30
2014.59178     13.19     13.60
2014.59726     37.94     17.10
2014.60274      8.43     20.09
2014.60548     29.18     18.25
2014.60822     41.71     18.33
2014.61096     27.59     14.58
2014.61370     15.45     17.52
2014.61644     27.01     16.51
2014.61918     34.51     14.01
2014.62192     23.14     14.13
2014.62466     26.86     16.09
2014.62740     31.91     15.38
2014.63014     26.75     14.80
2014.63288     23.45     18.44
2014.63562     16.54     15.52
2014.63836     26.16     14.06
2014.64384     25.28     14.25
2014.64658     33.92     15.91
2014.64932     28.29     16.88
2014.65205     26.58     14.19
2014.65479     35.70     15.12
2014.65753     27.54     15.35
2014.66027     16.67     14.10
2014.66301     17.60     15.54
2014.66575     23.90     16.53
2014.66849     22.17     17.33
2014.67123     24.67     15.18
2014.67397     17.43     15.80
2014.67671     40.65     17.73
2014.67945     27.30     14.31
2014.68219     23.87     15.24
2014.68493     26.18     15.19
2014.68767     20.65     15.48
2014.69041      5.01     18.73
2014.69315     31.54     17.96
2014.69589     26.79     14.21
2014.70137     19.13     15.72
2014.70411     25.03     18.32
2014.70685     36.88     19.20
2014.70959     20.71     14.18
2014.71233     28.92     13.85
2014.71507     20.28     14.43
2014.71781     29.90     15.83
2014.72329     19.28     14.56
2014.72603     25.67     17.11
2014.72877     26.08     13.36
2014.73151     23.04     13.79
2014.73425     37.62     19.86
2014.73699     15.55     12.84
2014.73973     13.64     12.79
2014.74247     26.64     12.64
2014.74521     23.56     13.27
2014.74795     31.86     19.97
2014.75068     28.11     16.73
2014.75342     19.35     15.34
2014.75616     21.03     14.03
2014.75890     13.97     13.46
2014.76164     15.02     11.95
2014.76438     20.54     12.90
2014.76712     18.66     12.24
2014.76986     23.34     12.80
2014.77260     20.28     12.38
2014.77534     17.51     13.33
2014.77808      7.65     12.42
2014.78082     19.90     12.46
2014.78356     22.17     12.78
2014.78630     23.69     11.88
2014.78904     21.27     12.30
2014.79178     25.24     11.67
2014.79452     19.96     11.62
2014.79726     26.68     11.67
2014.80000     18.62     12.42
2014.80274     29.44     12.52
2014.80548     18.83     11.63
2014.80822     16.47     11.81
2014.81096     30.62     11.85
2014.81370     23.89     11.32
2014.81644     25.75     11.96
2014.81918     18.49     12.76
2014.82192     28.77     14.00
2014.82466     23.59     11.49
2014.82740     24.70     11.52
2014.83014     24.50     12.33
2014.83288     18.45     11.97
2014.83562     27.16     13.98
2014.83836     12.31     11.86
2014.84110     18.59     10.80
2014.84384     21.40     10.91
2014.84658     23.75     11.53
2014.84932     27.13     11.12
2014.85479     22.87     12.63
2014.85753     21.46     11.06
2014.86027     24.91     11.49
2014.86301     16.21     11.16
2014.86575     14.47     11.01
2014.86849     23.42     10.27
2014.87123     18.52     10.99
2014.87397     19.13     10.57
2014.87671     24.66     12.13
2014.87945     18.03     11.47
2014.88219     24.93     10.44
2014.88493     18.00     10.40
2014.88767     21.88     10.60
2014.89041     18.77     11.52
2014.89315     22.54     10.16
2014.89589     21.25     10.93
2014.89863     17.18     10.53
2014.90137     17.06     11.61
2014.90411     18.38     11.14
2014.90685     24.99     11.38
2014.90959     24.69     11.51
2014.91233     25.53     11.80
2014.91507     24.83     12.60
2014.91781     20.47     11.50
2014.92055     15.90     10.39
2014.92329     22.23     10.92
2014.92603     19.52     11.35
2014.92877     12.64      9.94
2014.93151     17.38     10.10
2014.93425     21.43     10.82
2014.93699     13.73     10.60
2014.93973     20.64      9.91
2014.94247     20.22     10.12
2014.94521     18.19     10.15
2014.94795     10.69      9.81
2014.95068     18.35      9.46
2014.95342     18.72      9.69
2014.95616     11.97     10.00
2014.95890     13.89      9.89
2014.96164     22.92     10.34
2014.96438     19.56     10.61
2014.96712     23.06     10.89
2014.96986      9.19     10.26
2014.97260     12.99      9.67
2014.97534     16.60      9.58
2014.97808     22.03      9.64
2014.98082     17.15     10.43
2014.98356     21.46     10.87
2014.98630     20.39      9.84
2014.98904     16.98     10.00
2014.99178     22.12      9.93
2014.99452     23.23      9.45
2014.99726     24.02      9.41
2015.00000     20.91     10.03
2015.00274     14.50      9.64
2015.00548     16.79      9.66
2015.00822     21.86      9.85
2015.01096     24.41      9.72
2015.01370     25.01      9.86
2015.01644     24.87     10.32
2015.01918     16.31      9.68
2015.02192     18.59      9.91
2015.02466     23.76      9.88
2015.02740     16.67     10.12
2015.03288     20.58     10.04
2015.03562     26.86     11.97
2015.03836     11.22      9.91
2015.04110     22.75      9.47
2015.04384     22.60      9.80
2015.04658     21.02      9.88
2015.04932     22.45     10.42
2015.05205     20.97     12.35
2015.05479     22.31     11.04
2015.05753     20.86     10.98
2015.06027     22.29      9.88
2015.06301     22.46     10.62
2015.06575     25.56     10.46
2015.06849     31.18     10.42
2015.07123     24.83     10.59
2015.07397     19.85     10.00
2015.07671     15.42      9.52
2015.07945     24.78     10.16
2015.08219     28.15      9.64
2015.08493     26.09      9.73
2015.08767     31.02      9.72
2015.09041     29.95      9.90
2015.09315     26.88     10.10
2015.09589     27.25     10.16
2015.09863     25.29      9.85
2015.10137     25.28      9.51
2015.10411     26.90     10.59
2015.10685     19.57      9.50
2015.10959     22.60      9.33
2015.11233     30.49     10.07
2015.11507     26.71     10.80
2015.11781     35.72     10.35
2015.12055     23.67     11.41
2015.12329     30.57     11.66
2015.12603     29.85     14.64
2015.12877     37.39     12.21
2015.13151     33.81     10.83
2015.13425     32.35     10.55
2015.13699     33.05     11.25
2015.13973     33.41     10.65
2015.14247     23.11     13.68
2015.14521     33.46     11.63
2015.14795     27.06     11.61
2015.15068     36.36     11.27
2015.15342     25.37     12.00
2015.15616     22.81     12.22
2015.15890     27.93     11.29
2015.16164     29.77     11.48
2015.16438     21.20     10.51
2015.16712     25.56     10.70
2015.16986     23.57     11.88
2015.17260     26.80     11.33
2015.17534     25.10     11.13
2015.17808     23.04     11.37
2015.18082     21.82     10.29
2015.18356     23.68     11.93
2015.18630     27.37     12.17
2015.18904     21.34     10.49
2015.19178     19.47     10.73
2015.19452     21.39     10.95
2015.19726     22.97     11.62
2015.20000     32.18     12.64
2015.20274     25.27     12.53
2015.20548     19.92     12.44
2015.20822     31.85     12.00
2015.21096     32.47     11.72
2015.21370     26.68     12.21
2015.21644     30.51     10.86
2015.21918     31.95     11.17
2015.22192     19.20     10.51
2015.22466     20.11     11.96
2015.22740     15.63     11.31
2015.23014     19.42     10.54
2015.23288     21.85     10.80
2015.23562     18.79     11.25
2015.23836     31.17     11.64
2015.24110     32.84     11.15
2015.24384     26.87     11.59
2015.24658     29.19     12.26
2015.24932     35.46     12.98
2015.25205     28.60     12.97
2015.25479     33.96     13.75
2015.25753     36.14     14.78
2015.26027     23.10     13.99
2015.26301     25.50     16.48
2015.26575     33.59     13.12
2015.26849     21.59     11.44
2015.27123     23.98     11.56
2015.27397     27.76     10.76
2015.27671     19.12     11.25
2015.27945     29.66     11.99
2015.28219     25.76     12.71
2015.28493     23.34     10.58
2015.28767     27.46     13.04
2015.29041     35.40     13.79
2015.29315     36.83     14.57
2015.29589     25.94     13.32
2015.29863     23.88     14.31
2015.30137     22.72     15.37
2015.30685     21.25     12.56
2015.30959     23.68     12.67
2015.31233     21.82     12.05
2015.31507     16.59     11.75
2015.31781     26.41     11.27
2015.32055     28.91     11.51
2015.32329     27.09     12.29
2015.32603     25.35     12.71
2015.32877     28.13     12.95
2015.33151     42.31     14.09
2015.33425     15.85     13.71
2015.33699     28.36     13.73
2015.33973     27.27     15.92
2015.34247     29.25     12.98
2015.34521     31.38     14.37
2015.34795     16.63     12.94
2015.35068     20.36     13.25
2015.35342     30.17     13.50
2015.35616     23.10     15.81
2015.35890     28.95     14.24
2015.36164     27.27     15.77
2015.36438     26.43     12.55
2015.36712     28.77     13.12
2015.36986     20.64     14.38
2015.37260     26.79     14.53
2015.37534     22.42     14.44
2015.37808     23.44     14.41
2015.38082     29.89     15.87
2015.38356     21.27     16.18
2015.38630     22.73     12.27
2015.38904     22.72     14.48
2015.39178     14.53     13.03
2015.39452     17.41     15.00
2015.39726     11.78     12.91
2015.40000     10.53     12.60
2015.40274     24.29     12.56
2015.40548     19.50     14.47
2015.40822     26.03     12.97
2015.41096     15.64     16.58
2015.41370      6.14     14.62
2015.41644     21.63     14.75
2015.41918     15.41     14.95
2015.42192      9.93     13.61
2015.42466     17.21     12.98
2015.42740     12.68     14.49
2015.43014      8.61     14.97
2015.43288     30.33     15.16
2015.43562     15.50     13.56
2015.43836     30.21     12.83
2015.44110     29.87     13.98
2015.44384     25.56     14.30
2015.44658     26.50     12.87
2015.44932     16.63     15.55
2015.45205     23.97     16.55
2015.45479     19.49     15.48
2015.45753     31.46     13.71
2015.46027     28.53     13.68
2015.46301     20.16     13.37
2015.46575     19.87     14.53
2015.47123     23.77     15.65
2015.47397     20.99     13.52
2015.47671     18.90     14.26
2015.47945     32.02     16.10
2015.48219     34.34     14.59
2015.48493     34.57     15.39
2015.48767     24.55     13.80
2015.49041     19.49     14.95
2015.49315     23.80     20.06
2015.49589     24.87     13.88
2015.49863     33.13     17.92
2015.50137     28.73     15.61
2015.50411     11.20     14.20
2015.50685     14.22     17.06
2015.50959     10.90     17.96
2015.51233     25.45     15.03
2015.51507     26.28     14.59
2015.51781     26.69     15.47
2015.52055     25.10     15.81
2015.52329     19.50     16.06
2015.52603     36.43     14.66
2015.53699     16.99     18.64
2015.53973     29.78     14.70
2015.54247     24.65     17.11
2015.54521     34.44     18.75
2015.54795     18.72     16.28
2015.55068     12.76     13.23
2015.55342     25.51     13.96
2015.55616     23.63     14.60
2015.55890     21.84     13.58
2015.56164     40.66     17.35
2015.56438     15.91     16.67
2015.56712     22.58     15.91
2015.56986     31.69     17.58
2015.57260     28.52     15.88
2015.57534     21.86     14.27
2015.57808     17.29     14.73
2015.58082     32.43     19.23
2015.58356     22.45     20.00
2015.58630     35.70     16.71
2015.58904     38.43     14.70
2015.59178     38.10     15.96
2015.59452     27.43     17.42
2015.59726     32.49     16.51
2015.60000     33.89     17.45
2015.60274     10.16     17.80
2015.60822     36.98     17.17
2015.61096     26.96     15.71
2015.61370     47.91     17.88
2015.61644     28.86     13.85
2015.61918     33.66     14.23
2015.62192     27.23     14.43
2015.62466     27.10     14.47
2015.62740     23.92     13.73
2015.63014     33.35     14.75
2015.63288     29.27     17.97
2015.63562     26.75     15.37
2015.63836     32.94     17.99
2015.64110     26.49     14.62
2015.64384     39.06     16.96
2015.64932     19.07     18.92
2015.65205     24.25     18.76
2015.65479     26.20     12.36
2015.65753     26.19     14.40
2015.66027     21.48     12.65
2015.66301     12.44     12.72
2015.66575     21.42     13.49
2015.66849     24.91     13.33
2015.67123     26.89     14.22
2015.67397     23.37     12.33
2015.67671     21.03     13.53
2015.67945     28.05     12.92
2015.68219     26.06     14.86
2015.68493     19.61     13.93
2015.68767     32.17     14.43
2015.69041     21.81     14.65
2015.69315     30.18     13.38
2015.69589     20.87     12.84
2015.69863     28.95     13.32
2015.70137     15.02     14.07
2015.70411     26.26     13.88
2015.70685     24.71     14.02
2015.70959     21.91     16.23
2015.71233     20.81     13.31
2015.71507     30.55     15.71
2015.71781     37.14     16.49
2015.72055     20.61     10.92
2015.72329     22.85     12.77
2015.72603     30.13     13.19
2015.72877     34.93     12.86
2015.73151     27.76     13.26
2015.73425     30.69     13.11
2015.73699     28.95     12.74
2015.73973     27.03     12.38
2015.74247     27.45     17.18
2015.74521     26.61     14.45
2015.74795     26.90     14.13
2015.75068     30.05     17.22
2015.75342     27.66     13.38
2015.75616     27.27     12.93
2015.75890     25.67     14.25
2015.76164     17.94     13.63
2015.76438     15.50     12.59
2015.76712     21.16     12.69
2015.76986     18.34     15.87
2015.77260     18.03     11.40
2015.77534     17.06     13.00
2015.77808     16.78     11.21
2015.78082     11.07     11.13
2015.78356     17.00     13.11
2015.78630     13.14     12.12
2015.78904     17.11     11.29
2015.79178     24.39     12.54
2015.79452      4.54     13.89
2015.79726     24.24     13.06
2015.80000     13.13     12.87
2015.80274     28.05     12.01
2015.80548     16.93     12.80
2015.80822      3.95     12.76
2015.81096     12.91     12.05
2015.81370      5.80     15.97
2015.81644     31.77     14.91
2015.81918     17.57     11.78
2015.82192     10.63     12.09
2015.82466      4.05     10.98
2015.82740     10.98     11.28
2015.83288      6.27     16.86
2015.83562     14.08     12.09
2015.83836     18.47     12.64
2015.84110     21.67     14.18
2015.84384     29.92     12.70
2015.84658     24.66     11.89
2015.84932     18.09     12.65
2015.85205     15.87     13.41
2015.85479     19.93     12.75
2015.85753     28.30     13.67
2015.86027     16.99     11.76
2015.86301     21.52     12.44
2015.86575     20.29     11.51
2015.86849     20.66     12.09
2015.87123     23.91     13.07
2015.87397     20.46     12.79
2015.87671     27.49     11.74
2015.87945     17.95     11.65
2015.88219     21.78     12.02
2015.88493     27.55     16.09
2015.88767     11.99     17.12
2015.89041      6.69     13.75
2015.89315     21.49     11.49
2015.89589     12.93     13.70
2015.89863     15.87     13.63
2015.90137     16.05     13.86
2015.90411     16.37     10.57
2015.90685     10.77     10.71
2015.90959     16.08     10.85
2015.91233     16.37     10.77
2015.91507     13.67     10.39
2015.91781     16.04     11.36
2015.92055     16.55     11.12
2015.92329     12.92     10.10
2015.92603     17.50     11.82
2015.92877      7.70     13.94
2015.93151     17.45     11.75
2015.93425      9.74     11.24
2015.93699     20.42     10.08
2015.93973     10.88     14.09
2015.94247     15.97     12.05
2015.94795     15.39     10.20
2015.95068     23.18     11.20
2015.95342     13.40     10.25
2015.95616     25.62      9.28
2015.95890     11.99      9.37
2015.96164     11.94      9.04
2015.96438     17.95      8.98
2015.96712     14.72     10.54
2015.96986     13.62     11.06
2015.97260     23.26     11.91
2015.97534     18.22     10.50
2015.97808     18.43     10.24
2015.98082     16.86     10.53
2015.98356     17.63     10.00
2015.98630     18.54      9.26
2015.98904     22.52     10.96
2015.99178     20.20      9.92
2015.99452     20.57      9.25
2015.99726     21.46      9.75
2016.00000     25.99      9.28
2016.00273     23.37      9.54
2016.00546     30.48     12.52
2016.00820     20.67     13.52
2016.01093     29.63     10.42
2016.01366     22.44     13.27
2016.01639     20.49     12.20
2016.01913     22.11     11.28
2016.02186     21.70      9.89
2016.02459     24.70     10.24
2016.02732     18.72     10.73
2016.03005     24.20     11.53
2016.03279     19.63     11.78
2016.03552     21.71     12.37
2016.03825     15.63      9.94
2016.04098     15.87     11.27
2016.04372     18.77     11.71
2016.04645     17.06     14.53
2016.04918     15.25      9.81
2016.05191     16.40     10.13
2016.05464     17.91     10.31
2016.05738     21.70     10.14
2016.06011     27.64     10.21
2016.06284     16.82     10.17
2016.06557     18.91      9.60
2016.06831     11.78      9.18
2016.07104     14.19      9.77
2016.07377     21.90     10.56
2016.07650     18.58     11.57
2016.07923     15.08     15.12
2016.08197     31.19     10.77
2016.08470     18.04      9.92
2016.08743     27.52     12.33
2016.09016     19.37      9.43
2016.09290     26.07      9.47
2016.09563     26.14     12.48
2016.10383     34.75     10.10
2016.10656     32.39      9.80
2016.10929     34.54     10.40
2016.11202     36.73     10.18
2016.11475     37.74     14.96
2016.12022     37.73     12.82
2016.12295     39.96     12.40
2016.12568     28.54      9.84
2016.12842     32.14      9.64
2016.13115     39.08      9.62
2016.13388     34.12      9.70
2016.13661     40.54     10.76
2016.13934     35.60     10.21
2016.14208     30.00      9.68
2016.14481     32.11     10.16
2016.14754     37.55     10.00
2016.15027     26.06      9.14
2016.15301     25.47      9.26
2016.15574     29.35     10.21
2016.15847     27.15     10.16
2016.16120     35.92     11.48
2016.16393     28.48     10.98
2016.16667     28.56     10.82
2016.16940     47.37     19.29
2016.17213     37.72     10.97
2016.17486     33.87     11.00
2016.17760     39.08     12.72
2016.18033     34.73     10.45
2016.18306     36.57     10.71
2016.18579     41.16     12.83
2016.18852     33.97     13.33
2016.19126     32.94     12.13
2016.19399     33.27      9.64
2016.19672     38.94     10.55
2016.19945     26.31     13.90
2016.20219     29.86     10.03
2016.20492     28.60     10.28
2016.20765     23.23     10.21
2016.21038     33.23     11.13
2016.21311     42.01     12.35
2016.21585     30.99     12.01
2016.21858     31.37     10.84
2016.22131     34.35     10.59
2016.22404     34.72     11.08
2016.22678     29.75     14.29
2016.22951     31.24      9.46
2016.23224     26.71      9.98
2016.23497     33.51      9.91
2016.23770     31.65     11.28
2016.24044     35.81     10.74
2016.24317     39.26     10.45
2016.24590     36.82     11.16
2016.24863     32.21     11.51
2016.25137     37.89     13.22
2016.25956     43.59     11.88
2016.26230     38.98     11.48
2016.26503     50.95     12.92
2016.26776     30.99     12.89
2016.27049     30.79     12.59
2016.27322     41.80     13.88
2016.27596     22.67     18.56
2016.27869     30.73     14.59
2016.28142     43.67     14.59
2016.28415     27.80     20.74
2016.28962     31.00     15.95
2016.29235     38.39     15.85
2016.29508     36.40     14.44
2016.29781     34.16     16.80
2016.30055     40.97     13.47
2016.30328     39.16     13.86
2016.30601     43.27     13.97
2016.30874     31.22     13.61
2016.31148     37.45     14.10
2016.31421     37.05     14.52
2016.31694     32.59     13.21
2016.31967     38.36     15.38
2016.32240     29.48     15.27
2016.32514     23.37     15.64
2016.32787     37.75     13.38
2016.33060     26.82     12.41
2016.33333     33.92     13.89
2016.33607     35.70     14.80
2016.33880     36.11     14.37
2016.34153     33.68     13.36
2016.34426     47.86     13.57
2016.34699     34.69     14.49
2016.34973     33.07     14.33
2016.35246     45.70     15.28
2016.35519     38.55     14.68
2016.35792     36.51     18.40
2016.36066     37.55     16.52
2016.36339     25.83     16.13
2016.36612     25.36     18.53
2016.36885     30.26     17.51
2016.37158     35.56     15.49
2016.37432     31.24     14.12
2016.37705     37.56     12.12
2016.37978     40.97     13.05
2016.38251     37.35     13.33
2016.38525     39.17     13.22
2016.38798     28.88     13.49
2016.39071     18.34     18.61
2016.39344     35.99     16.91
2016.39617     36.92     19.06
2016.39891     35.53     17.02
2016.40164     39.22     13.30
2016.40437     37.28     13.47
2016.40710     46.02     14.17
2016.40984     50.52     14.66
2016.41257     44.09     17.12
2016.41530     50.14     14.26
2016.41803     36.59     14.80
2016.42077     43.62     15.38
2016.42350     41.62     14.71
2016.42623     45.01     15.72
2016.42896     36.82     20.39
2016.43169     42.54     17.67
2016.43716     48.73     17.95
2016.43989     42.64     14.69
2016.44262     39.99     15.90
2016.44536     31.61     15.24
2016.44809     41.09     18.88
2016.45082     49.35     19.67
2016.45355     48.30     19.99
2016.45628     41.76     16.27
2016.45902     38.82     15.46
2016.46175     39.24     15.84
2016.46721     42.67     18.17
2016.46995     40.56     16.40
2016.47268     39.98     16.43
2016.47541     50.09     16.32
2016.47814     44.16     18.03
2016.48087     40.82     17.79
2016.48361     31.94     17.39
2016.48907     45.55     16.59
2016.49180     50.44     18.21
2016.49454     37.77     19.82
2016.49727     40.49     19.59
2016.50000     38.01     16.76
2016.50273     52.55     16.95
2016.50546     38.34     18.41
2016.50820     49.88     16.40
2016.51093     56.87     17.23
2016.51366     41.30     19.17
2016.51639     56.60     17.51
2016.52459     41.61     19.29
2016.53279     44.85     15.33
2016.53552     34.24     15.94
2016.53825     47.31     15.93
2016.54098     43.54     18.39
2016.54372     37.37     18.96
2016.54645     44.57     19.08
2016.54918     31.52     15.04
2016.55191     38.39     18.13
2016.55464     44.25     15.56
2016.55738     32.29     18.24
2016.56011     57.93     18.36
2016.56284     57.91     19.51
2016.56557     43.48     15.09
2016.56831     56.99     16.03
2016.57104     47.33     17.67
2016.57377     53.57     20.57
2016.57650     41.77     20.65
2016.57923     41.83     18.48
2016.58197     60.29     19.56
2016.58470     58.30     19.17
2016.58743     50.91     14.88
2016.59016     53.35     14.82
2016.59290     45.29     15.17
2016.59563     46.12     15.20
2016.59836     50.38     18.71
2016.60656     43.82     20.25
2016.60929     63.58     20.49
2016.61475     48.10     13.44
2016.61749     45.67     13.53
2016.62022     51.38     15.11
2016.62295     42.24     17.44
2016.62568     48.99     16.56
2016.62842     27.01     16.67
2016.63115     54.43     19.21
2016.63388     47.63     19.62
2016.64208     54.08     20.85
2016.64481     50.54     17.09
2016.64754     40.13     19.47
2016.65027     42.78     16.92
2016.65847     48.51     19.83
2016.66393     41.80     15.27
2016.66667     53.11     15.76
2016.66940     50.73     16.35
2016.67486     46.34     16.32
2016.67760     37.82     18.45
2016.68033     55.71     20.21
2016.68306     35.49     18.24
2016.68579     36.98     15.60
2016.68852     30.55     15.52
2016.69126     48.32     16.62
2016.69399     50.53     15.39
2016.69672     43.42     19.01
2016.69945     44.12     18.35
2016.70219     40.65     17.71
2016.71585     32.53     15.09
2016.71858     46.55     20.62
2016.72131     30.71     18.87
2016.72404     37.42     17.54
2016.72678     46.15     20.31
2016.72951     42.99     20.67
2016.73224     44.10     16.87
2016.73497     46.53     18.46
2016.73770     53.41     17.55
2016.74590     23.34     19.90
2016.74863     42.62     17.41
2016.75137     26.50     17.67
2016.75410     34.38     17.79
2016.75683     37.41     16.84
2016.76230     50.67     21.42
2016.76503     35.97     19.15
2016.76776     36.44     17.72
2016.77049     33.71     16.32
2016.77322     25.63     17.45
2016.77596     37.79     17.18
2016.77869     39.98     19.75
2016.78142     41.91     18.31
2016.78415     29.68     19.02
2016.78689     36.17     17.91
2016.78962     29.72     20.99
2016.79235     33.88     19.52
2016.79508     40.47     18.46
2016.79781     34.24     16.07
2016.80601     37.48     18.02
2016.80874     33.23     16.18
2016.81148     53.85     16.15
2016.81421     31.40     16.67
2016.81694     43.68     15.55
2016.81967     37.00     15.63
2016.82240     44.44     13.81
2016.82514     49.64     14.55
2016.82787     43.80     16.24
2016.83060     30.70     15.02
2016.83333     37.09     14.67
2016.83607     40.16     13.69
2016.83880     37.47     15.17
2016.84153     29.63     14.41
2016.84699     40.45     15.33
2016.84973     33.05     15.78
2016.85246     33.65     14.58
2016.85519     40.64     11.98
2016.85792     37.09     11.97
2016.86066     31.86     12.83
2016.86339     29.20     11.38
2016.86612     38.55     11.83
2016.86885     40.52     11.61
2016.87158     39.57     11.79
2016.87432     36.99     12.85
2016.87705     35.86     12.49
2016.87978     39.26     14.00
2016.88251     38.46     12.15
2016.88525     42.64     14.57
2016.88798     39.76     13.43
2016.89071     41.27     12.59
2016.89344     35.05     12.13
2016.89617     35.19     13.36
2016.89891     42.37     12.37
2016.90164     28.62     12.12
2016.90437     30.94     14.23
2016.90710     43.17     16.38
2016.90984     37.85     15.00
2016.91257     36.23     13.13
2016.91530     35.96     14.03
2016.91803     40.75     13.69
2016.92077     32.64     12.51
2016.92350     37.35     11.65
2016.92623     34.89     13.07
2016.92896     32.29     12.72
2016.93169     39.84     11.90
2016.93443     39.76     12.05
2016.93716     39.25     13.20
2016.93989     40.64     13.72
2016.94262     35.76     13.02
2016.94536     29.72     12.51
2016.94809     34.98     12.62
2016.95082     32.11     12.60
2016.95355     31.32     11.87
2016.95628     34.88     10.20
2016.95902     35.41     10.82
2016.96175     32.33     11.51
2016.96448     37.70     11.88
2016.96721     41.08     12.65
2016.96995     42.07     12.76
2016.97268     45.33     12.46
2016.97541     36.32     11.91
2016.97814     39.08     11.46
2016.98087     41.68     10.66
2016.98361     45.06     10.83
2016.98634     40.11     12.96
2016.98907     30.67     13.22
2016.99180     31.80     11.86
2016.99454     38.48     11.31
2016.99727     35.64     11.80
2017.00000     40.62     11.65
2017.00274     45.05     11.40
2017.00548     39.91     11.52
2017.00822     43.55     10.82
2017.01096     44.71     10.53
2017.01370     42.52     11.03
2017.01644     43.87     11.34
2017.01918     46.17     12.02
2017.02192     42.67     11.71
2017.02466     32.33     11.80
2017.02740     41.36     12.00
2017.03014     40.72     12.01
2017.03288     49.16     11.99
2017.03562     46.29     11.17
2017.03836     39.31     10.18
2017.04110     41.04     10.43
2017.04384     43.53     10.87
2017.04658     38.86     11.29
2017.04932     52.16     11.58
2017.05205     44.86     11.67
2017.05479     40.25     10.75
2017.05753     40.11     11.60
2017.06027     41.45     11.13
2017.06301     41.81     10.51
2017.06575     44.03     10.76
2017.06849     36.77     11.27
2017.07123     52.52     11.30
2017.07397     49.27     11.74
2017.07671     50.48     11.62
2017.07945     52.89     11.85
2017.08219     49.50     13.24
2017.08493     33.94     12.56
2017.08767     41.23     11.70
2017.09041     39.29     10.37
2017.09315     38.57     13.33
2017.09589     49.78     13.58
2017.09863     44.79     12.83
2017.10137     42.24     11.85
2017.10411     38.76     11.83
2017.10685     46.05     11.77
2017.10959     46.76      9.83
2017.11233     42.08     10.08
2017.11507     36.98      9.74
2017.11781     35.42      9.71
2017.12055     41.05     10.78
2017.12329     40.18     11.27
2017.12603     40.30     10.83
2017.12877     48.92     10.57
2017.13151     42.21     11.39
2017.13425     47.11     12.85
2017.13699     46.02     13.04
2017.13973     54.94     12.86
2017.14247     52.44     13.17
2017.14521     48.53     13.49
2017.14795     48.41     12.46
2017.15068     43.54     10.88
2017.15616     42.23     10.73
2017.15890     48.65     10.71
2017.16164     48.33     10.96
2017.16438     40.75     11.51
2017.16712     43.64     11.01
2017.16986     40.84     10.27
2017.17260     40.59     10.80
2017.17534     52.12     12.20
2017.17808     42.55     11.28
2017.18082     42.08     10.17
2017.18356     41.98     10.97
2017.18630     43.47     10.82
2017.18904     41.43     12.58
2017.19178     36.14     10.93
2017.19452     45.16     10.90
2017.19726     48.98     12.21
2017.20000     47.21     10.88
2017.20274     38.41     11.17
2017.20548     48.34     11.50
2017.20822     46.05     10.68
2017.21096     41.76     12.13
2017.21370     46.18     12.51
2017.21644     43.07     12.08
2017.21918     50.86     13.72
2017.22192     42.07     16.20
2017.22466     46.80     13.69
2017.22740     51.43     13.19
2017.23014     47.68     13.09
2017.23288     40.11     12.59
2017.23562     47.86     13.64
2017.23836     41.12     13.93
2017.24110     36.61     12.78
2017.24384     46.16     13.38
2017.24658     51.34     20.66
2017.24932     29.02     13.24
2017.25205     41.78     17.83
2017.25479     38.57     12.94
2017.25753     41.97     12.81
2017.26027     50.71     12.89
2017.26301     54.66     13.73
2017.26575     42.05     14.00
2017.26849     55.56     15.66
2017.27123     49.49     15.28
2017.27397     50.10     13.85
2017.27671     39.07     19.46
2017.27945     45.40     18.51
2017.28219     40.15     13.28
2017.28493     41.68     12.91
2017.28767     39.17     13.75
2017.29041     44.07     13.75
2017.29315     50.62     13.91
2017.29589     50.98     14.76
2017.29863     37.70     19.56
2017.30137     47.16     16.29
2017.30411     51.09     17.55
2017.30685     52.93     14.00
2017.30959     44.95     11.73
2017.31233     38.05     11.65
2017.31507     43.29     12.76
2017.31781     41.40     13.20
2017.32055     31.47     12.96
2017.32329     36.34     12.00
2017.32603     41.89     13.24
2017.32877     46.76     12.32
2017.33151     49.06     11.92
2017.33425     40.20     13.03
2017.33699     41.44     13.15
2017.33973     53.16     13.31
2017.34247     53.56     15.14
2017.34521     56.48     15.94
2017.34795     49.49     13.00
2017.35068     44.09     14.13
2017.35342     54.51     14.89
2017.35616     52.60     16.32
2017.35890     42.61     14.30
2017.36164     42.38     14.47
2017.36438     57.49     14.47
2017.36712     57.11     13.95
2017.36986     49.62     13.54
2017.37260     41.53     12.85
2017.37534     43.15     12.95
2017.37808     43.03     15.64
2017.38082     51.92     13.21
2017.38356     47.29     12.83
2017.38630     60.77     13.91
2017.38904     57.37     12.48
2017.39178     57.12     14.01
2017.39452     39.09     18.51
2017.39726     52.04     17.21
2017.40000     53.62     12.78
2017.40274     38.15     11.76
2017.40548     43.10     13.19
2017.40822     46.32     14.39
2017.41096     39.54     18.25
2017.41370     49.20     15.09
2017.41918     43.99     21.13
2017.42192     51.04     20.15
2017.42466     41.40     17.69
2017.42740     49.03     14.47
2017.43014     60.90     15.24
2017.43288     53.94     17.44
2017.43562     46.16     19.92
2017.44110     47.41     15.58
2017.44384     53.30     14.52
2017.44658     43.15     19.02
2017.44932     46.54     18.27
2017.45205     52.37     20.70
2017.45479     46.21     18.13
2017.46301     48.60     17.97
2017.46575     43.50     16.34
2017.46849     52.48     17.19
2017.47123     58.76     15.09
2017.47397     42.93     14.51
2017.47671     49.52     16.79
2017.47945     48.70     18.05
2017.48219     52.10     14.78
2017.48493     61.55     13.89
2017.48767     52.51     14.96
2017.49041     42.95     17.80
2017.49315     41.48     18.03
2017.49589     50.80     15.98
2017.49863     47.12     15.78
2017.50411     42.28     20.09
2017.50685     47.19     16.36
2017.50959     64.34     16.90
2017.51233     41.13     17.15
2017.51507     54.87     15.66
2017.51781     44.82     17.01
2017.52055     52.88     15.84
2017.52603     35.12     18.61
2017.52877     43.56     20.83
2017.53151     49.38     18.57
2017.53425     46.43     16.59
2017.53699     31.37     19.13
2017.53973     43.72     18.09
2017.54247     48.92     13.29
2017.54521     51.55     16.12
2017.54795     54.53     15.03
2017.55068     50.71     15.05
2017.55616     44.41     14.19
2017.55890     46.17     15.05
2017.56164     40.36     19.37
2017.56438     43.74     18.33
2017.56712     42.21     19.61
2017.56986     56.06     16.35
2017.57260     46.84     17.48
2017.57534     58.92     20.98
2017.58630     33.15     15.46
2017.59178     46.07     17.80
2017.59452     42.42     16.22
2017.59726     43.55     16.35
2017.60000     38.50     17.89
2017.60274     33.09     17.09
2017.60548     47.47     17.13
2017.61096     51.42     16.24
2017.61370     47.33     15.70
2017.61644     40.41     14.25
2017.61918     46.10     14.76
2017.62466     47.60     16.83
2017.62740     53.70     16.07
2017.63014     47.38     19.14
2017.63562     38.29     19.40
2017.63836     50.19     20.48
2017.64110     61.35     19.87
2017.64384     45.60     14.40
2017.64658     47.71     14.56
2017.64932     52.61     16.68
2017.65205     41.08     16.42
2017.65479     35.90     16.27
2017.65753     40.92     17.00
2017.66027     62.07     18.93
2017.66301     44.57     18.58
2017.66575     39.84     15.47
2017.67123     40.65     16.04
2017.67397     43.96     16.91
2017.67671     64.62     20.57
2017.67945     40.63     16.80
2017.68219     47.15     14.77
2017.68493     47.55     14.49
2017.68767     49.59     14.57
2017.69041     41.04     15.05
2017.69315     36.64     15.83
2017.69589     37.09     16.07
2017.69863     45.13     15.97
2017.70137     45.60     17.44
2017.70411     50.01     15.74
2017.70685     36.81     14.36
2017.70959     45.18     16.09
2017.71233     44.38     15.56
2017.71507     44.57     15.67
2017.71781     32.52     18.12
2017.72055     44.20     14.65
2017.72329     37.96     13.66
2017.72603     32.54     17.15
2017.72877     33.12     15.01
2017.73151     48.59     16.27
2017.73425     42.77     17.58
2017.73699     38.37     14.75
2017.73973     49.29     14.80
2017.74247     47.11     17.29
2017.74795     38.27     15.60
2017.75068     35.22     16.26
2017.75342     45.64     15.76
2017.75616     55.39     19.20
2017.76164     34.34     16.03
2017.76438     53.08     18.96
2017.76712     39.70     18.43
2017.77260     40.91     21.07
2017.77808     42.49     19.28
2017.78082     44.79     18.82
2017.78356     47.17     15.72
2017.78630     50.30     18.45
2017.78904     44.04     20.21
2017.79178     32.01     20.54
2017.79452     46.99     17.59
2017.79726     29.20     15.91
2017.80000     31.12     14.55
2017.80274     30.83     12.53
2017.80548     35.54     11.98
2017.80822     32.24     12.44
2017.81096     38.03     13.37
2017.81370     33.04     13.65
2017.81644     34.92     13.71
2017.81918     31.92     13.29
2017.82192     30.76     12.90
2017.82466     28.21     13.08
2017.82740     24.10     13.47
2017.83014     29.25     12.93
2017.83288     33.89     12.55
2017.83562     41.68     13.73
2017.83836     44.92     14.03
2017.84110     34.46     14.25
2017.84384     34.46     13.20
2017.84658     39.84     11.79
2017.84932     42.22     13.07
2017.85205     31.68     14.28
2017.85479     45.01     12.65
2017.85753     39.44     12.80
2017.86301     35.17     14.18
2017.86575     40.35     11.53
2017.86849     42.38     11.60
2017.87123     47.34     13.07
2017.87397     46.59     12.29
2017.87671     42.97     12.79
2017.87945     32.95     12.82
2017.88219     42.15     13.28
2017.88493     42.74     11.09
2017.88767     39.35     11.42
2017.89041     44.76     12.21
2017.89315     51.30     12.09
2017.89589     34.75     12.51
2017.89863     36.20     11.25
2017.90137     44.50     11.49
2017.90411     43.45     11.83
2017.90685     41.66     11.82
2017.90959     41.00     11.96
2017.91233     45.98     12.34
2017.91507     38.29     12.78
2017.91781     36.46     13.77
2017.92055     32.28     13.59
2017.92329     40.90     12.72
2017.92603     40.08     12.18
2017.92877     39.67     11.19
2017.93151     39.11     12.09
2017.93425     42.54     12.30
2017.93699     36.55     10.49
2017.93973     31.64     11.61
2017.94247     43.33     11.66
2017.94521     44.77     11.99
2017.94795     35.80     11.54
2017.95068     41.55     10.74
2017.95342     36.97     11.72
2017.95616     43.50     12.04
2017.95890     26.30     12.65
2017.96164     24.24     12.60
2017.96438     37.73     12.70
2017.96712     32.74     14.54
2017.96986     35.98     15.74
2017.97260     40.67     11.23
2017.97534     41.53     10.62
2017.97808     45.85     11.48
2017.98082     42.71     12.38
2017.98356     38.74     10.59
2017.98630     40.15     11.17
2017.98904     45.07     11.58
2017.99178     42.19     12.71
2017.99452     59.41     16.05
2018.00548     38.30     12.34
2018.00822     44.39     11.86
2018.01096     38.16     12.85
2018.01370     44.65     12.10
2018.01644     46.89     11.58
2018.01918     40.96     11.52
2018.02192     43.44     13.25
2018.02466     48.37     12.62
2018.02740     41.95     11.69
2018.03014     32.80     11.50
2018.03288     33.80     11.23
2018.03562     37.17     10.83
2018.03836     46.34     12.13
2018.04110     52.61     11.83
2018.04384     47.86     12.34
2018.04658     48.06     13.16
2018.04932     52.11     12.45
2018.05205     49.51     12.81
2018.05479     43.49     11.90
2018.05753     46.04     13.77
2018.06027     47.91     13.53
2018.06301     48.99     12.34
2018.06575     46.97     12.35
2018.06849     37.97     12.77
2018.07123     44.60     12.71
2018.07397     41.07     12.92
2018.07671     40.00     14.71
2018.07945     39.44     11.57
2018.08219     35.70     11.03
2018.08493     33.13     12.01
2018.08767     38.10     11.14
2018.09041     40.34     11.53
2018.09315     39.41     10.50
2018.09589     39.26     10.48
2018.09863     43.62     11.18
2018.10137     41.22     11.89
2018.10411     47.29     11.82
2018.10685     46.82     11.40
2018.10959     46.69     11.77
2018.11233     50.49     12.59
2018.11507     40.83     11.20
2018.11781     38.10     10.98
2018.12055     46.20     11.62
2018.12329     39.34     12.10
2018.12603     39.72     13.67
2018.12877     44.77     15.34
2018.13151     39.16     12.13
2018.13425     44.25     12.75
2018.13699     45.00     12.62
2018.13973     41.50     13.84
2018.14247     45.63     12.90
2018.14521     40.65     12.99
2018.14795     40.60     12.41
2018.15068     40.33     12.65
2018.15342     47.29     12.65
2018.15616     38.51     11.63
2018.15890     46.06     13.71
2018.16164     34.40     15.39
