2012.00000     -6.76      2.29
2012.00273     -7.43      2.37
2012.00546     -7.88      2.26
2012.00820     -6.82      2.30
2012.01093     -8.54      2.38
2012.01366     -7.96      2.31
2012.01639     -8.38      2.28
2012.01913    -10.08      2.27
2012.02186     -8.63      2.41
2012.02459     -9.35      2.44
2012.02732     -9.70      2.45
2012.03005     -9.79      2.71
2012.03279     -8.27      2.36
2012.03552     -9.51      2.33
2012.03825    -10.26      2.29
2012.04098     -8.88      2.45
2012.04372     -9.75      2.74
2012.04645     -8.62      2.54
2012.04918     -7.70      2.40
2012.05191     -7.20      2.56
2012.05464     -5.27      3.10
2012.08197     -8.23      2.68
2012.08470     -5.70      2.28
2012.08743     -4.93      2.36
2012.09016     -5.99      2.40
2012.09290     -7.46      2.36
2012.09563     -7.11      2.55
2012.09836    -10.40      2.72
2012.10109     -6.16      3.10
2012.10383     -5.08      2.69
2012.10656     -7.35      2.37
2012.10929     -8.09      2.24
2012.11202     -6.59      2.31
2012.11475     -7.03      2.40
2012.11749     -7.35      2.42
2012.12022     -7.26      2.75
2012.12295     -8.46      2.64
2012.12568     -5.38      3.28
2012.12842     -7.39      2.59
2012.13115     -4.84      2.30
2012.13388     -5.82      2.63
2012.13661     -5.63      2.67
2012.13934     -8.28      2.61
2012.14208     -5.41      2.91
2012.14481     -6.41      2.96
2012.14754    -11.18      4.49
2012.16393     -6.53      2.60
2012.16667     -5.67      3.11
2012.16940     -3.72      2.73
2012.17213     -5.20      2.55
2012.17486     -4.87      2.74
2012.17760     -4.60      2.87
2012.18033     -7.35      2.94
2012.18306     -6.19      2.78
2012.18579     -0.84      2.83
2012.18852     -1.85      2.77
2012.19126     -0.97      2.64
2012.19399     -5.46      2.79
2012.19672     -6.27      3.07
2012.19945     -4.90      2.66
2012.20219     -3.34      2.63
2012.20492     -5.96      2.64
2012.20765     -3.51      3.15
2012.21038     -1.22      2.92
2012.21311     -5.65      2.79
2012.21585     -4.91      2.70
2012.21858     -3.47      2.75
2012.22131     -5.34      2.69
2012.22404     -4.86      2.67
2012.22678     -1.73      3.34
2012.22951     -4.70      2.67
2012.23224     -3.84      2.67
2012.23497     -5.24      3.06
2012.23770     -1.25      2.75
2012.24044     -4.92      3.11
2012.24317     -4.54      2.84
2012.24590     -3.59      2.67
2012.24863     -2.58      2.72
2012.25137     -4.73      2.63
2012.25410     -3.55      2.77
2012.25683     -2.46      2.74
2012.25956     -3.60      2.63
2012.26230     -5.16      2.52
2012.26503     -1.35      2.92
2012.26776     -0.43      2.78
2012.27049     -1.89      2.62
2012.27322     -0.82      2.75
2012.27596     -4.90      2.60
2012.27869     -5.73      2.67
2012.28142     -2.77      2.93
2012.28415      0.38      3.01
2012.28689     -1.52      2.50
2012.28962     -1.62      2.56
2012.29235      0.23      2.93
2012.29508     -0.78      2.93
2012.29781     -3.12      2.63
2012.30055     -1.26      2.73
2012.30328     -2.65      3.27
2012.30601     -3.08      3.01
2012.30874     -1.51      2.62
2012.31148     -3.30      3.14
2012.31421     -2.52      2.85
2012.31694     -3.39      5.57
2012.31967     -0.75      3.30
2012.32240     -1.42      3.20
2012.32514     -1.65      2.66
2012.32787     -1.72      3.45
2012.33060     -3.19      3.19
2012.33333     -3.51      3.60
2012.33607      2.20      4.18
2012.33880     -0.05      3.35
2012.34153     -1.65      2.87
2012.34426     -2.30      2.56
2012.34699     -0.04      2.33
2012.34973      0.93      2.79
2012.35246     -1.41      2.62
2012.35519     -2.59      2.81
2012.35792     -1.93      3.74
2012.36066     -1.22      2.61
2012.36339     -1.14      2.59
2012.36612     -2.42      2.72
2012.36885     -2.91      2.70
2012.37158     -2.46      2.88
2012.37432     -0.58      2.68
2012.37705     -3.03      3.04
2012.37978     -1.87      2.57
2012.38251     -3.04      3.52
2012.38525     -3.45      2.99
2012.38798     -2.48      2.67
2012.39071     -4.47      2.64
2012.39344     -0.41      2.82
2012.39617     -2.41      2.66
2012.39891     -1.88      2.64
2012.40164     -1.53      2.99
2012.40437     -0.60      3.56
2012.40710     -1.82      3.28
2012.40984     -3.19      3.21
2012.41257     -2.56      3.20
2012.41530     -2.21      2.80
2012.41803     -1.50      2.58
2012.42077     -2.29      2.57
2012.42350     -2.30      3.00
2012.42623     -2.83      2.78
2012.42896      0.97      2.60
2012.43169     -4.19      2.84
2012.43443     -4.36      2.88
2012.43716     -4.78      3.59
2012.43989     -2.73      4.17
2012.44262      1.01      4.61
2012.44536     -1.13      5.45
2012.44809     -3.97      3.75
2012.45082     -3.93      3.90
2012.45355     -2.98      3.40
2012.45628     -1.43      3.06
2012.45902     -2.10      3.24
2012.46175     -1.23      3.78
2012.46448     -4.29      3.31
2012.46721     -3.55      4.99
2012.46995     -2.53      4.12
2012.47268     -2.87      3.10
2012.47541     -5.33      3.64
2012.47814     -4.27      4.77
2012.48087     -3.43      2.82
2012.48361     -4.09      3.14
2012.48634     -3.47      2.61
2012.48907     -1.99      3.47
2012.49180     -3.99      3.40
2012.49454     -2.84      2.94
2012.49727     -4.53      3.14
2012.50000     -2.89      3.32
2012.50273     -3.02      2.99
2012.50546     -1.24      2.93
2012.50820     -0.81      3.17
2012.51093     -3.73      3.36
2012.51366     -1.53      3.14
2012.51639     -1.85      2.85
2012.51913     -0.74      3.39
2012.52186     -1.72      3.27
2012.52459     -1.26      2.69
2012.52732     -0.82      2.81
2012.53005     -3.42      3.25
2012.53279     -0.44      2.98
2012.53552      1.37      3.76
2012.53825     -2.94      3.36
2012.54098     -4.41      3.02
2012.54372      0.31      3.50
2012.54645     -0.03      2.65
2012.54918     -1.11      3.82
2012.55191     -1.55      2.99
2012.55464     -0.32      3.25
2012.55738     -1.96      3.07
2012.56011     -2.23      2.74
2012.56284     -1.10      3.00
2012.56557     -4.81      3.17
2012.56831     -2.95      3.26
2012.57104     -0.46      3.15
2012.57377     -0.11      2.71
2012.57650     -0.48      3.65
2012.57923     -1.40      2.79
2012.58197     -1.59      3.10
2012.58470     -0.47      3.29
2012.58743     -3.32      3.20
2012.59290     -0.45      4.94
2012.59563      2.10      4.15
2012.59836     -1.15      3.24
2012.60109      0.52      4.26
2012.60383      4.43      3.93
2012.60656      0.18      3.50
2012.60929     -2.83      3.86
2012.61202      2.03      3.17
2012.61475     -0.60      2.75
2012.61749      0.14      2.79
2012.62022      0.83      3.08
2012.62295      2.92      3.19
2012.62568     -0.28      3.04
2012.62842     -1.68      3.06
2012.63115      0.43      3.15
2012.63388      1.31      4.22
2012.63661     -1.75      3.54
2012.63934      1.22      3.79
2012.64208     -0.07      3.03
2012.64481     -1.18      3.58
2012.64754     -1.13      3.89
2012.65027      0.03      3.39
2012.65301      0.20      3.26
2012.65574      0.95      3.48
2012.65847     -0.34      3.75
2012.66120      2.57      3.71
2012.66393     -0.59      3.78
2012.66667     -0.96      3.56
2012.66940      0.62      3.63
2012.67213     -1.23      3.63
2012.67486     -0.24      3.44
2012.67760     -1.70      3.04
2012.68033     -0.74      2.91
2012.68306      3.74      2.93
2012.68579      0.52      3.23
2012.68852     -2.53      5.09
2012.69399      0.24      3.45
2012.69672      0.32      3.18
2012.69945      1.90      3.07
2012.70219     -0.24      4.35
2012.70492      4.96      3.80
2012.70765      2.88      2.83
2012.71038      3.84      2.97
2012.71311      2.09      2.94
2012.71585      1.36      2.91
2012.71858      2.61      2.74
2012.72131      0.86      2.66
2012.72404      1.10      2.82
2012.72678      2.78      2.67
2012.73224      0.24      3.25
2012.73497      1.25      3.34
2012.73770      1.01      3.87
2012.74044      0.77      3.34
2012.74317      0.52      3.08
2012.74590      0.38      2.88
2012.74863      2.35      2.64
2012.75137      3.65      2.89
2012.75410      2.80      3.00
2012.75683      4.88      4.27
2012.75956      1.90      2.80
2012.76230      0.60      2.58
2012.76503      3.57      2.89
2012.76776      0.32      2.60
2012.77049      1.28      2.48
2012.77322     -0.68      2.46
2012.77596      2.95      2.55
2012.77869      4.06      2.76
2012.78142      1.68      2.77
2012.78415      1.77      2.52
2012.78689      2.31      2.50
2012.78962      3.44      2.54
2012.79235      1.14      2.64
2012.79508      3.35      2.77
2012.79781      2.41      2.67
2012.80055      1.06      2.74
2012.80328      0.94      2.51
2012.80601      3.78      2.58
2012.80874     -0.14      2.53
2012.81148      2.84      2.67
2012.81421      0.52      2.46
2012.81694      1.82      2.84
2012.81967      2.86      2.99
2012.82240     -0.50      3.20
2012.82514      0.28      2.58
2012.82787      2.51      2.97
2012.83060      1.81      2.78
2012.83333     -0.60      2.67
2012.83607      0.34      3.84
2012.83880     -2.04      3.83
2012.84153     -2.39      4.01
2012.84426      0.42      3.89
2012.84699     -4.69      3.64
2012.84973      1.37      3.52
2012.85246     -0.04      3.66
2012.85519      0.67      3.45
2012.85792      1.74      3.46
2012.86066     -1.23      3.74
2012.86339      1.85      3.88
2012.86612      1.94      3.44
2012.86885      1.05      3.62
2012.87158      0.74      2.56
2012.87432      0.23      3.89
2012.87705      0.89      3.88
2012.87978      0.79      3.63
2012.88251     -0.43      3.42
2012.88525      0.16      3.67
2012.88798     -1.88      3.54
2012.89071     -1.34      4.03
2012.89344      1.05      4.12
2012.89617     -3.10      3.77
2012.89891     -2.42      2.32
2012.90164     -1.11      2.41
2012.90437      0.54      2.71
2012.90710     -1.06      2.43
2012.90984      0.82      2.53
2012.91257     -0.37      2.42
2012.91530     -1.40      2.55
2012.91803     -1.23      3.65
2012.92077      1.24      3.69
2012.92350     -0.57      3.45
2012.92623     -0.46      3.45
2012.92896      2.84      4.33
2012.93169     -2.07      3.33
2012.93443     -1.29      3.46
2012.93716     -1.16      3.69
2012.93989     -0.38      3.50
2012.94262     -4.44      3.38
2012.94536     -0.35      3.21
2012.94809     -0.42      3.20
2012.95082     -1.99      3.51
2012.95355     -0.17      2.30
2012.95628      0.35      2.55
2012.95902      1.01      2.50
2012.96175      0.96      2.42
2012.96448      0.62      2.35
2012.96721     -0.56      2.24
2012.96995     -0.42      2.37
2012.97268     -0.07      2.33
2012.97541      0.54      2.37
2012.97814     -0.87      2.39
2012.98087     -1.58      2.27
2012.98361     -1.58      2.27
2012.98634     -1.64      2.30
2012.98907     -2.47      2.52
2012.99180     -1.04      2.43
2012.99454     -1.71      3.16
2012.99727      0.38      2.51
2013.00000     -3.26      2.45
2013.00274      1.72      2.63
2013.00548     -0.57      2.64
2013.00822     -0.19      2.39
2013.01096      0.94      2.27
2013.01370      1.38      2.46
2013.01644      1.17      2.68
2013.01918      1.96      2.68
2013.02192      0.18      2.48
2013.02466     -0.46      2.51
2013.02740      1.59      2.49
2013.03014     -1.66      2.54
2013.03288      0.83      3.12
2013.03562      1.03      2.94
2013.03836     -0.18      2.20
2013.04110     -0.59      2.26
2013.04384      0.30      2.39
2013.04658      2.69      2.42
2013.04932      0.13      2.30
2013.05205     -1.09      2.26
2013.05479      2.09      2.38
2013.05753      0.63      2.11
2013.06027      1.32      2.21
2013.06301      0.52      2.25
2013.06575     -1.28      2.29
2013.06849      0.03      2.17
2013.07123      0.01      2.11
2013.07397     -0.67      2.25
2013.07671      0.38      2.13
2013.07945      1.62      2.21
2013.08219     -0.78      2.53
2013.08493     -1.02      2.48
2013.08767     -1.01      2.66
2013.09041      1.30      2.43
2013.09315      0.12      2.38
2013.09589      1.01      2.38
2013.09863      0.99      2.67
2013.10137      0.50      2.48
2013.10411      0.85      2.27
2013.10685      0.44      2.19
2013.10959      2.38      2.50
2013.11233      1.00      2.87
2013.11507      3.08      2.35
2013.11781      1.80      2.26
2013.12055     -1.29      2.52
2013.12329      1.29      2.35
2013.12603      3.29      2.57
2013.12877      0.69      2.27
2013.13151      1.20      2.27
2013.13425      0.92      2.35
2013.13699      4.12      2.47
2013.13973      1.29      2.60
2013.14247     -0.16      2.36
2013.14521      2.07      2.90
2013.14795     -0.46      2.77
2013.15342      1.94      2.37
2013.15616      0.36      2.48
2013.15890      0.43      2.38
2013.16164      1.46      2.30
2013.16438     -0.52      2.65
2013.16712      2.98      2.38
2013.16986      0.69      2.31
2013.17260      1.71      2.31
2013.17534      1.79      2.88
2013.17808      1.53      2.58
2013.18082     -2.33      2.78
2013.18356      0.13      2.42
2013.18630     -1.94      2.52
2013.18904      2.79      2.72
2013.19178      0.53      2.70
2013.19452      2.89      2.61
2013.19726      1.45      2.83
2013.20000     -0.64      2.49
2013.20274      0.07      2.36
2013.20548      1.23      2.60
2013.20822      0.15      2.77
2013.21096      1.00      2.57
2013.21370     -0.20      2.78
2013.21644     -1.46      2.91
2013.21918      0.91      2.95
2013.22192      1.39      2.72
2013.22466      0.07      3.51
2013.22740      2.85      3.58
2013.23014      2.56      2.48
2013.23288     -0.20      3.04
2013.23562      1.76      2.58
2013.23836      2.46      2.96
2013.24110      0.62      2.75
2013.24384      1.70      2.55
2013.24658      0.67      2.65
2013.24932     -1.12      2.65
2013.25205     -1.16      2.93
2013.25479      0.16      3.19
2013.25753     -1.38      3.23
2013.26027     -1.93      3.86
2013.26301     -0.38      2.85
2013.26575      0.39      2.55
2013.26849     -1.58      2.77
2013.27123      0.48      3.23
2013.27397     -0.66      2.98
2013.27671      0.03      2.72
2013.27945      0.57      2.72
2013.28219     -0.81      2.75
2013.28493     -0.32      2.67
2013.28767     -1.53      2.84
2013.29041     -1.69      3.00
2013.29315     -0.37      2.97
2013.29589      1.41      3.13
2013.29863      2.18      2.89
2013.30137      0.08      3.08
2013.30411      2.60      2.56
2013.30685      2.31      2.59
2013.31233      0.39      2.78
2013.31507     -0.52      3.01
2013.31781      1.50      2.99
2013.32055     -1.29      3.26
2013.32329     -2.05      2.91
2013.32603     -1.46      2.61
2013.32877      1.05      3.12
2013.33151      0.03      2.63
2013.33425     -0.40      2.77
2013.33699      0.76      2.73
2013.33973      2.17      2.64
2013.34247     -1.34      2.78
2013.34521     -0.80      2.69
2013.34795      0.70      2.66
2013.35068      0.02      2.58
2013.35342      0.03      2.83
2013.35616      2.57      3.38
2013.35890     -0.56      3.08
2013.36164      0.59      3.03
2013.36438      1.15      3.17
2013.36712      0.90      3.50
2013.36986      1.15      2.95
2013.37260      0.53      4.42
2013.37534     -0.82      3.72
2013.37808      0.72      4.21
2013.38082      0.68      3.93
2013.38630      0.64      2.81
2013.38904     -2.93      3.20
2013.39178     -2.01      3.41
2013.39452      0.74      3.43
2013.39726      1.52      4.05
2013.40000     -2.06      2.98
2013.40274     -1.07      3.06
2013.40548      0.63      2.93
2013.40822     -1.24      2.96
2013.41096     -0.82      3.50
2013.41370     -0.83      4.90
2013.41644     -2.24      3.36
2013.41918      0.30      3.04
2013.42192     -2.00      3.26
2013.42466     -0.14      3.21
2013.42740     -2.69      3.05
2013.43014     -0.27      3.23
2013.43288     -0.50      5.42
2013.43562     -1.87      3.49
2013.43836     -0.60      3.66
2013.44110     -2.93      3.39
2013.44384      0.06      4.09
2013.44658     -0.81      4.37
2013.44932     -6.05      3.71
2013.45205     -4.25      3.20
2013.45479     -1.68      3.32
2013.45753     -3.85      3.95
2013.46301     -2.45      3.51
2013.46575     -4.74      3.58
2013.47397     -4.19      3.29
2013.47671     -4.63      3.80
2013.47945     -3.84      3.81
2013.48219     -4.78      3.52
2013.48493     -5.72      3.12
2013.48767     -2.21      2.94
2013.49041     -3.18      3.03
2013.49315     -4.35      4.38
2013.49589     -0.85      3.19
2013.49863     -3.25      3.91
2013.50137     -5.12      3.57
2013.50411     -1.22      3.74
2013.50685     -2.89      4.73
2013.50959     -4.80      4.00
2013.51233     -4.16      3.82
2013.51507     -4.01      3.58
2013.51781     -2.53      3.54
2013.52055     -4.26      3.11
2013.52329     -4.23      3.68
2013.52603     -3.27      3.23
2013.52877     -4.49      4.59
2013.53151     -3.76      5.72
2013.53425     -2.77      3.44
2013.53699     -1.15      3.20
2013.53973      1.18      3.51
2013.54247     -0.27      3.53
2013.54521     -3.92      3.07
2013.54795     -3.07      3.19
2013.55342      0.40      4.70
2013.55616     -1.82      3.72
2013.55890     -1.59      3.60
2013.56164     -3.89      4.06
2013.56438     -1.21      4.81
2013.56712      0.04      4.05
2013.56986      0.79      3.70
2013.57260      1.49      3.97
2013.57534     -4.74      3.61
2013.57808     -1.81      3.35
2013.58082     -4.71      3.96
2013.58356     -3.03      3.21
2013.58630     -1.16      6.07
2013.58904     -6.78      3.62
2013.59178     -1.91      3.63
2013.59452     -3.17      3.26
2013.59726     -0.68      3.25
2013.60000     -2.38      4.05
2013.60274      0.74      2.93
2013.60548      1.54      3.89
2013.60822     -2.62      4.56
2013.61096      2.60      3.56
2013.61370     -0.76      3.42
2013.61644     -2.55      3.43
2013.61918     -3.65      3.15
2013.62192     -1.36      3.30
2013.62466     -0.84      4.73
2013.62740     -1.33      3.87
2013.63014     -0.13      3.85
2013.63288      1.37      4.27
2013.63562     -1.85      3.61
2013.63836     -0.70      4.23
2013.64110     -5.25      6.05
2013.64384     -3.03      3.98
2013.64658      0.38      4.52
2013.65479      3.07      3.76
2013.65753     -1.56      4.14
2013.66027     -4.43      5.67
2013.66301     -3.37      5.07
2013.66575     -4.42      3.89
2013.66849      0.02      4.33
2013.67123      1.59      3.22
2013.67671     -0.72      3.50
2013.68219      2.72      2.90
2013.68493     -1.69      3.05
2013.68767     -0.84      3.21
2013.69041     -0.83      4.27
2013.69315      3.90      3.48
2013.69589     -0.13      3.38
2013.69863      0.50      3.26
2013.70137     -3.07      3.29
2013.70411     -2.63      3.33
2013.70685      6.15      4.01
2013.70959      0.76      4.66
2013.71233     -0.68      3.36
2013.71507      2.58      3.68
2013.71781      0.17      3.81
2013.72055      0.44      3.59
2013.72329     -0.85      4.29
2013.72603      1.03      3.49
2013.72877     -0.06      3.74
2013.73151      3.39      3.34
2013.73425     -0.57      3.47
2013.73699     -2.81      3.15
2013.73973      2.21      3.06
2013.74247      1.95      2.86
2013.74521      2.79      3.22
2013.74795      0.55      3.40
2013.75342     -0.45      3.20
2013.75616      1.92      3.03
2013.75890      2.60      2.95
2013.76164      2.60      3.06
2013.76438     -0.56      3.67
2013.76712      2.97      2.88
2013.76986      3.26      2.79
2013.77260      0.03      3.52
2013.77534     -0.63      4.37
2013.77808      2.54      3.33
2013.78356      2.54      3.31
2013.78630      0.37      3.25
2013.78904      1.53      3.08
2013.79178      1.63      2.63
2013.79452      5.18      2.65
2013.79726      4.05      2.91
2013.80000      0.71      2.89
2013.80274      3.29      2.73
2013.80548     -0.54      2.61
2013.80822      2.45      2.83
2013.81096      1.36      2.64
2013.81370      0.26      2.55
2013.81644      3.76      2.82
2013.81918      0.75      2.79
2013.82192      0.34      2.86
2013.82466      3.08      2.70
2013.82740      0.97      2.83
2013.83014      2.24      3.01
2013.83288     -1.71      3.58
2013.83562      0.05      3.49
2013.83836      0.59      3.02
2013.84110      0.53      3.08
2013.84384     -2.84      3.18
2013.84658      0.87      2.94
2013.84932     -1.24      2.66
2013.85205      0.30      2.78
2013.85479     -0.10      2.96
2013.85753     -0.12      3.19
2013.86027      1.40      3.07
2013.86301     -0.20      3.03
2013.86575      1.09      3.01
2013.86849     -1.25      2.84
2013.87123     -1.20      2.88
2013.87397     -0.09      2.67
2013.87671      1.29      2.88
2013.87945      2.21      2.75
2013.88219      0.00      2.63
2013.88493      1.07      2.71
2013.88767      0.44      2.82
2013.89041     -0.61      2.61
2013.89315     -2.37      2.72
2013.89589     -0.74      2.74
2013.89863      0.22      3.40
2013.90137      1.48      2.77
2013.90411     -2.29      2.65
2013.90685     -0.53      2.63
2013.90959     -0.51      2.55
2013.91233     -0.78      2.49
2013.91507     -0.66      2.57
2013.91781     -0.13      2.55
2013.92055     -0.55      2.37
2013.92329     -2.42      2.33
2013.92603      0.45      2.44
2013.92877     -0.32      2.35
2013.93151      1.84      2.43
2013.93425      2.28      2.38
2013.93699     -0.12      2.73
2013.93973      2.00      2.71
2013.94247      0.88      2.48
2013.94521      0.22      2.66
2013.94795      1.38      2.56
2013.95068      1.07      2.79
2013.95342     -0.92      2.69
2013.95616      1.23      2.83
2013.95890     -0.58      3.04
2013.96164      0.62      2.87
2013.96438     -0.19      2.70
2013.96712     -2.09      2.77
2013.96986     -1.11      2.53
2013.97260     -0.07      2.40
2013.97534      2.04      2.60
2013.97808      1.63      2.50
2013.98082      0.59      2.77
2013.98356      0.17      2.55
2013.98630     -0.85      2.44
2013.98904      0.10      2.38
2013.99178     -0.72      2.56
2013.99452      2.08      2.42
2013.99726     -0.60      2.43
2014.00000     -0.78      2.56
2014.00274      0.63      3.09
2014.00548      2.20      2.61
2014.00822     -0.66      2.68
2014.01096     -0.81      2.59
2014.01370      1.33      2.48
2014.01644      3.22      2.37
2014.01918     -1.01      2.57
2014.02192      1.18      2.62
2014.02466      2.31      2.56
2014.02740      1.93      2.52
2014.03014     -0.06      2.40
2014.03288     -0.86      2.39
2014.03562     -0.13      2.57
2014.03836     -1.16      2.58
2014.04110     -1.43      2.39
2014.04384      0.30      2.46
2014.04658      0.38      2.43
2014.04932      1.06      2.31
2014.05205      0.09      2.39
2014.05479     -1.03      2.75
2014.05753      0.75      2.61
2014.06027     -1.70      2.90
2014.06301      0.75      2.44
2014.06575     -0.93      2.43
2014.06849     -0.35      2.63
2014.07123      0.12      2.59
2014.07671     -1.30      3.15
2014.07945      0.38      3.61
2014.08219     -1.81      2.67
2014.08493     -4.29      2.64
2014.08767     -2.36      2.88
2014.09041     -2.27      3.24
2014.09315     -1.15      2.87
2014.09589     -1.74      2.79
2014.09863     -1.89      2.80
2014.10137     -0.70      3.11
2014.10411     -0.17      2.62
2014.10685      0.40      2.62
2014.10959      0.47      2.82
2014.11233      1.15      2.94
2014.11507      0.66      2.51
2014.11781      0.81      2.49
2014.12055     -1.66      2.72
2014.12329     -2.94      2.53
2014.12603     -0.95      2.63
2014.12877     -0.73      2.63
2014.13151     -1.09      2.77
2014.13425     -0.58      3.09
2014.13699     -0.03      2.67
2014.13973      1.21      2.56
2014.14247      1.31      2.73
2014.14521      2.26      2.67
2014.14795      0.96      2.72
2014.15068      1.42      2.55
2014.15342     -0.61      2.71
2014.15616      4.70      2.75
2014.15890      0.53      2.98
2014.16164      2.78      3.33
2014.16438      2.82      3.33
2014.16712      0.92      2.53
2014.17260      0.12      2.63
2014.17534     -3.12      5.42
2014.17808      2.06      2.63
2014.18082      5.00      3.03
2014.18356      5.40      3.08
2014.18630      2.58      2.99
2014.18904      0.29      2.68
2014.19178     -0.04      2.91
2014.19452      3.52      3.26
2014.19726      5.77      2.98
2014.20000      3.93      2.88
2014.20274     -0.34      3.05
2014.20548      3.16      2.61
2014.20822     -0.28      2.76
2014.21096      0.53      2.52
2014.21370      4.71      2.72
2014.21644      2.58      2.73
2014.21918      2.76      2.50
2014.22192      2.11      2.49
2014.22466      4.44      2.40
2014.22740     -0.45      2.73
2014.23014      1.11      2.65
2014.23288      1.96      2.93
2014.23562      2.50      2.86
2014.23836      2.30      2.89
2014.24110     -3.23      3.71
2014.24384      5.10      2.96
2014.24658     -2.32      5.22
2014.24932     -2.57      2.91
2014.25205      2.66      3.09
2014.25479      1.35      3.91
2014.26027      1.33      2.70
2014.26301      2.38      2.72
2014.26575      0.08      2.57
2014.26849      0.90      3.06
2014.27123      0.60      2.86
2014.27397      4.53      3.79
2014.27671      4.89      2.79
2014.27945     -0.24      3.01
2014.28219      4.09      2.88
2014.28493      2.01      2.64
2014.28767      1.45      2.89
2014.29041     -0.79      2.60
2014.29315     -0.81      2.91
2014.29589      2.71      2.78
2014.30411      1.14      2.50
2014.30685      0.49      2.75
2014.30959      1.21      2.66
2014.31233      2.02      2.78
2014.31507      0.60      2.69
2014.31781      1.50      2.93
2014.32055      5.11      3.02
2014.32329      0.35      2.67
2014.32603     -2.09      2.72
2014.32877     -2.52      3.14
2014.33151      3.23      3.54
2014.33425      1.98      2.68
2014.33699     -0.57      2.91
2014.33973     -2.49      2.70
2014.34247     -1.28      2.76
2014.34521      0.75      2.73
2014.34795     -1.85      2.80
2014.35068     -0.40      2.71
2014.35342      0.85      2.97
2014.35616     -0.46      2.72
2014.35890     -3.06      2.97
2014.36164      1.49      3.34
2014.36438      2.32      3.75
2014.36712     -3.25      3.39
2014.36986     -2.53      4.06
2014.37260     -2.10      3.60
2014.37534      1.12      3.24
2014.37808      0.98      4.19
2014.38082     -0.26      4.14
2014.38356     -6.39      4.94
2014.38630      2.66      3.49
2014.40000     -2.31      3.93
2014.40274     -1.65      3.84
2014.40548      0.16      3.89
2014.40822     -1.87      3.73
2014.41096     -2.64      3.43
2014.41370     -1.12      3.13
2014.41644     -0.96      3.51
2014.41918     -2.29      3.61
2014.42192     -1.26      3.82
2014.42466      2.04      3.93
2014.42740     -3.49      3.72
2014.43014     -0.39      3.13
2014.43288     -0.78      3.87
2014.43562     -0.16      3.73
2014.43836      1.51      3.51
2014.44110     -2.05      3.36
2014.44384     -2.47      3.34
2014.44658     -1.42      3.58
2014.44932     -0.72      3.10
2014.45205      0.01      3.10
2014.45479     -1.14      3.15
2014.45753     -0.22      3.45
2014.46027      1.21      3.35
2014.46301     -5.27      4.23
2014.46575     -1.66      3.20
2014.46849     -0.82      3.51
2014.47123      2.16      3.22
2014.47397     -0.18      3.57
2014.47671      0.63      3.97
2014.47945     -0.92      3.59
2014.48493     -2.36      3.71
2014.48767     -0.70      3.08
2014.49041      2.60      4.24
2014.49315     -0.44      3.52
2014.49589      2.34      3.32
2014.49863     -1.26      4.14
2014.50137      0.95      3.24
2014.50411      1.33      3.79
2014.50685      1.02      3.54
2014.50959     -0.10      3.74
2014.51233      2.83      3.60
2014.51507     -1.48      3.77
2014.51781     -1.67      3.84
2014.52055      7.56      4.37
2014.52329     -2.23      3.55
2014.52603      0.38      3.39
2014.52877     -0.12      3.42
2014.53151      2.48      3.10
2014.53425      0.45      3.37
2014.53699      0.44      3.93
2014.53973      2.00      3.74
2014.54247      1.15      4.38
2014.54521      1.31      4.18
2014.54795      7.26      6.02
2014.55068      4.36      3.77
2014.55342      1.91      3.88
2014.55616      0.28      4.31
2014.55890     -1.72      5.07
2014.56164      1.38      4.97
2014.56438     -2.59      3.65
2014.56712      0.49      4.17
2014.56986      1.78      3.39
2014.57260      7.87      5.41
2014.57534      2.85      4.00
2014.57808      2.60      3.79
2014.58082      1.38      4.57
2014.58356      0.16      4.55
2014.58904      4.14      4.59
2014.59178      6.00      3.59
2014.59726     -3.38      4.76
2014.60000      6.34      5.81
2014.60274      5.05      4.54
2014.60548      4.20      4.10
2014.60822      5.60      4.29
2014.61096      3.30      3.49
2014.61370      1.57      4.01
2014.61644      4.66      3.80
2014.61918      2.38      3.44
2014.62192      3.28      3.48
2014.62466      4.40      3.83
2014.62740      2.58      3.62
2014.63014      4.30      3.42
2014.63288      3.81      4.11
2014.63562      2.48      4.17
2014.63836      5.37      3.69
2014.64110      3.21      5.09
2014.64384      1.69      3.60
2014.64658      4.43      3.96
2014.64932      3.11      4.14
2014.65205      2.88      3.63
2014.65479      0.33      4.04
2014.65753      3.72      4.01
2014.66027      6.89      3.28
2014.66301      5.49      3.44
2014.66575      7.05      3.67
2014.66849      5.39      4.32
2014.67123      7.46      3.96
2014.67397      2.75      3.59
2014.67671      4.64      4.01
2014.67945      2.83      3.44
2014.68219      4.87      3.56
2014.68493      3.91      3.78
2014.68767      1.57      3.86
2014.69041      2.03      4.47
2014.69315      3.11      4.05
2014.69589      3.19      3.55
2014.70137      4.09      3.79
2014.70411      1.83      4.31
2014.70685      7.36      4.40
2014.70959      3.22      3.59
2014.71233      3.92      3.29
2014.71507      1.54      3.47
2014.71781      3.86      3.54
2014.72055      4.57      5.22
2014.72329      6.45      3.74
2014.72603      7.82      4.08
2014.72877      6.30      3.37
2014.73151      4.48      3.27
2014.73425      5.01      4.46
2014.73699      4.01      3.05
2014.73973      7.16      3.07
2014.74247      8.40      3.34
2014.74521      4.73      3.21
2014.74795      2.00      4.57
2014.75068      5.37      3.97
2014.75342      6.93      3.65
2014.75616      5.17      3.65
2014.75890      3.48      4.06
2014.76164      4.75      3.19
2014.76438      4.19      3.10
2014.76712      5.23      2.95
2014.76986      6.34      3.06
2014.77260      5.69      2.97
2014.77534      5.43      3.23
2014.77808      5.10      3.20
2014.78082      6.06      3.38
2014.78356      6.73      3.51
2014.78630      5.75      3.39
2014.78904      6.18      3.45
2014.79178      5.59      3.20
2014.79452      4.95      3.13
2014.79726      6.23      3.11
2014.80000      7.92      3.37
2014.80274      8.04      3.40
2014.80548      6.58      3.09
2014.80822      5.57      3.24
2014.81096      8.15      3.11
2014.81370      8.38      2.96
2014.81644      4.88      3.94
2014.81918      8.67      3.56
2014.82192      5.94      3.49
2014.82466      7.75      3.16
2014.82740      8.92      3.23
2014.83014      7.79      3.36
2014.83288      7.16      3.26
2014.83562      8.48      3.36
2014.83836      6.80      3.72
2014.84110      8.93      3.22
2014.84384      7.87      3.09
2014.84658      8.52      3.01
2014.84932      8.67      3.13
2014.85479      6.81      3.55
2014.85753      6.78      2.87
2014.86027      6.34      2.87
2014.86301      6.85      3.00
2014.86575      4.89      2.77
2014.86849      7.10      2.48
2014.87123      8.73      2.67
2014.87397      8.56      2.60
2014.87671      5.25      2.94
2014.87945      5.19      2.87
2014.88219      7.94      2.58
2014.88493      5.57      2.81
2014.88767      8.60      2.64
2014.89041      5.18      3.01
2014.89315      8.91      2.49
2014.89589      6.21      2.74
2014.89863      6.71      2.68
2014.90137      7.05      2.75
2014.90411      7.93      2.82
2014.90685      6.81      2.91
2014.90959      7.90      3.09
2014.91233      3.77      3.13
2014.91507      5.98      3.15
2014.91781      4.74      2.90
2014.92055      8.96      2.72
2014.92329      8.44      2.62
2014.92603      9.35      2.82
2014.92877      8.40      2.62
2014.93151      7.24      2.57
2014.93425      7.18      2.82
2014.93699      7.21      2.72
2014.93973      6.77      2.56
2014.94247      6.08      2.65
2014.94521      6.98      2.45
2014.94795      7.95      2.68
2014.95068      7.13      2.44
2014.95342      6.26      2.36
2014.95616      8.53      2.55
2014.95890      9.06      2.64
2014.96164     10.07      2.62
2014.96438      8.32      2.71
2014.96712      9.60      3.05
2014.96986     10.13      2.87
2014.97260      9.33      2.44
2014.97534      7.92      2.44
2014.97808      6.21      2.56
2014.98082      7.15      2.87
2014.98356      8.21      3.04
2014.98630      6.05      2.82
2014.98904     10.44      2.87
2014.99178      9.29      2.61
2014.99452      9.47      2.38
2014.99726      7.96      2.43
2015.00000      8.37      2.50
2015.00274      6.02      2.51
2015.00548     10.35      2.59
2015.00822      6.89      2.53
2015.01096      7.07      2.51
2015.01370      7.13      2.57
2015.01644      6.10      2.71
2015.01918      6.27      2.71
2015.02192      9.15      2.87
2015.02466      4.73      2.52
2015.02740      6.04      2.59
2015.03288      7.53      2.43
2015.03562      4.90      2.86
2015.03836      6.96      2.48
2015.04110      6.21      2.46
2015.04384      4.97      2.43
2015.04658      4.85      2.50
2015.04932      5.11      2.49
2015.05205      6.45      2.97
2015.05479      6.98      2.67
2015.05753      6.81      2.84
2015.06027      6.47      2.57
2015.06301      5.76      3.15
2015.06575      5.87      2.64
2015.06849      6.38      2.51
2015.07123      6.46      2.53
2015.07397      4.94      2.47
2015.07671      4.91      2.28
2015.07945      5.49      2.69
2015.08219      7.21      2.48
2015.08493      5.62      2.57
2015.08767      7.26      2.41
2015.09041      6.25      2.46
2015.09315      8.71      2.58
2015.09589      8.54      2.51
2015.09863      8.74      2.44
2015.10137      9.73      2.30
2015.10411      5.34      2.62
2015.10685      7.94      2.30
2015.10959      8.68      2.34
2015.11233      7.43      2.48
2015.11507      7.30      2.70
2015.11781      6.86      2.55
2015.12055      5.50      2.75
2015.12329      3.21      2.78
2015.12603      7.00      3.47
2015.12877      7.01      3.12
2015.13151      5.20      2.60
2015.13425      5.44      2.55
2015.13699      5.00      2.71
2015.13973      5.94      2.64
2015.14247      8.68      3.41
2015.14521      5.00      2.82
2015.14795      6.83      3.18
2015.15068      7.47      2.86
2015.15342      6.49      3.18
2015.15616      4.09      3.14
2015.15890      7.77      3.05
2015.16164      7.64      3.09
2015.16438      6.96      2.68
2015.16712      8.12      2.90
2015.16986      6.41      2.98
2015.17260      6.61      3.44
2015.17534      6.10      2.84
2015.17808      7.64      3.04
2015.18082      4.36      2.47
2015.18356      5.49      3.07
2015.18630      6.12      3.16
2015.18904      6.17      2.89
2015.19178      7.12      3.06
2015.19452      5.50      2.85
2015.19726      4.29      2.90
2015.20000      3.06      3.41
2015.20274      4.17      2.93
2015.20548      3.43      2.94
2015.20822      3.83      2.99
2015.21096      7.43      3.00
2015.21370      8.13      3.16
2015.21644      4.94      2.67
2015.21918      8.02      2.95
2015.22192      6.00      2.90
2015.22466      7.20      3.50
2015.22740      8.04      3.19
2015.23014      4.96      3.09
2015.23288      6.82      3.12
2015.23562      4.54      2.90
2015.23836      3.07      3.15
2015.24110      3.65      3.07
2015.24384      5.65      2.90
2015.24658      4.93      2.93
2015.24932      7.34      3.28
2015.25205      4.90      3.33
2015.25479      4.67      3.48
2015.25753      5.86      3.86
2015.26027      9.17      3.80
2015.26301      6.23      4.05
2015.26575      0.22      3.42
2015.26849      4.49      2.90
2015.27123      0.81      2.93
2015.27397      6.12      3.13
2015.27671     10.67      3.42
2015.27945      6.43      3.42
2015.28219      4.92      3.26
2015.28493      6.31      2.86
2015.28767      5.35      3.75
2015.29041      6.69      3.81
2015.29315      2.72      4.05
2015.29589      1.41      3.65
2015.29863      3.79      3.85
2015.30137      7.40      3.95
2015.30411     10.73      6.43
2015.30685      4.72      3.61
2015.30959      5.21      3.44
2015.31233      4.12      3.35
2015.31507      3.44      3.02
2015.31781      4.99      3.28
2015.32055      3.19      3.27
2015.32329      3.99      3.62
2015.32603      7.11      3.50
2015.32877      4.49      3.18
2015.33151      7.81      3.46
2015.33425      6.34      3.60
2015.33699      2.99      3.63
2015.33973      1.84      3.76
2015.34247      2.25      3.54
2015.34521      2.19      3.31
2015.34795      3.74      3.41
2015.35068      1.16      3.56
2015.35342      7.93      3.62
2015.35616      4.29      3.90
2015.35890      2.53      3.73
2015.36164      9.26      4.39
2015.36438      5.08      3.10
2015.36712      3.39      3.57
2015.36986      4.98      3.86
2015.37260      4.96      3.52
2015.37534      1.85      4.11
2015.37808      2.29      3.49
2015.38082      4.87      3.67
2015.38356      0.63      3.76
2015.38630      2.14      3.23
2015.38904      5.70      3.55
2015.39178      6.55      3.64
2015.39452      4.68      3.50
2015.39726      4.94      3.44
2015.40000      8.65      3.26
2015.40274      3.70      3.06
2015.40548      1.64      3.47
2015.40822      4.50      3.09
2015.41096      4.73      4.07
2015.41370      4.61      4.06
2015.41644      0.01      3.74
2015.41918     -1.47      4.19
2015.42192      0.32      3.90
2015.42466      2.25      3.63
2015.42740      1.41      3.93
2015.43014      6.08      3.79
2015.43288      1.60      3.86
2015.43562      1.60      3.80
2015.43836     -2.61      3.63
2015.44110     -0.44      3.64
2015.44384      2.48      4.26
2015.44658     -0.05      3.59
2015.44932      1.75      3.94
2015.45205      2.90      4.16
2015.45479      0.35      3.93
2015.45753      1.74      3.90
2015.46027     -0.16      3.65
2015.46301      3.15      3.70
2015.46575      7.40      3.95
2015.46849      5.66      5.14
2015.47123     -1.02      4.11
2015.47397      3.15      3.91
2015.47671      5.92      3.61
2015.47945      2.07      4.48
2015.48219      2.54      3.97
2015.48493      2.59      3.98
2015.48767      3.44      3.84
2015.49041      1.85      3.87
2015.49315      0.96      4.71
2015.49589      2.49      3.92
2015.49863      1.28      4.45
2015.50137      2.30      4.34
2015.50411      3.82      3.77
2015.50685      2.28      4.41
2015.50959      8.47      4.32
2015.51233      7.42      3.78
2015.51507      5.13      3.71
2015.51781      4.24      3.78
2015.52055      3.61      4.03
2015.52329      8.83      4.16
2015.52603      2.61      3.67
2015.52877      6.47      6.58
2015.53151      6.02      5.72
2015.53699      4.88      4.62
2015.53973      1.72      3.64
2015.54247      5.29      4.22
2015.54521      5.05      4.47
2015.54795     10.24      4.06
2015.55068      3.68      3.48
2015.55342      5.24      3.91
2015.55616      7.06      3.82
2015.55890      7.54      3.46
2015.56164     -1.43      4.33
2015.56438      2.02      4.18
2015.56712      5.78      4.09
2015.56986      2.40      4.82
2015.57260      1.96      4.58
2015.57534      7.66      3.77
2015.57808      1.97      3.98
2015.58082      2.75      4.84
2015.58356      5.58      4.80
2015.58630      4.44      4.48
2015.58904      3.00      3.65
2015.59178      0.54      3.99
2015.59452      3.25      4.29
2015.59726      3.07      4.13
2015.60000      4.32      4.25
2015.60274      7.08      4.20
2015.60548      6.89      5.01
2015.60822      4.26      4.06
2015.61096      3.37      3.98
2015.61370      6.84      4.25
2015.61644      5.02      3.80
2015.61918      7.38      3.76
2015.62192      6.50      3.89
2015.62466      8.69      3.84
2015.62740     10.36      3.58
2015.63014      9.04      3.68
2015.63288      8.50      4.45
2015.63562      7.07      3.76
2015.63836      5.73      4.35
2015.64110      9.40      3.71
2015.64384      6.49      4.09
2015.64658      7.11      4.88
2015.64932     11.04      4.56
2015.65205     10.43      4.48
2015.65479     10.19      3.31
2015.65753      8.69      3.61
2015.66027     11.76      3.36
2015.66301     11.13      3.32
2015.66575     10.98      3.41
2015.66849     10.60      3.48
2015.67123      7.18      3.65
2015.67397      7.81      3.24
2015.67671      7.28      3.51
2015.67945      6.89      3.42
2015.68219      7.89      3.79
2015.68493     10.17      3.61
2015.68767      6.84      3.55
2015.69041      5.50      3.74
2015.69315      6.04      3.36
2015.69589     11.12      3.64
2015.69863      8.23      3.67
2015.70137      5.44      3.49
2015.70411      8.01      3.78
2015.70685      8.18      3.41
2015.70959      7.42      3.87
2015.71233      6.94      3.30
2015.71507      1.56      3.71
2015.71781      6.45      3.58
2015.72055      8.96      3.04
2015.72329      5.16      3.20
2015.72603      5.81      3.32
2015.72877      3.53      3.34
2015.73151      5.86      3.46
2015.73425      6.38      3.55
2015.73699      7.08      3.26
2015.73973      8.53      3.47
2015.74247      8.99      4.45
2015.74521      8.15      3.86
2015.74795      5.70      3.72
2015.75068      4.20      4.15
2015.75342      3.05      3.55
2015.75616      2.80      3.45
2015.75890      7.29      3.63
2015.76164      6.20      3.43
2015.76438      4.17      3.48
2015.76712      5.95      3.29
2015.76986      3.37      3.80
2015.77260      7.50      3.22
2015.77534      7.52      3.48
2015.77808      7.13      3.16
2015.78082      7.45      3.06
2015.78356      8.18      3.30
2015.78630      7.48      3.24
2015.78904      7.68      2.94
2015.79178      8.46      3.22
2015.79452     10.33      3.75
2015.79726      9.49      3.43
2015.80000     10.37      3.81
2015.80274     10.50      3.20
2015.80548     12.99      3.37
2015.80822     10.51      3.33
2015.81096     10.73      3.22
2015.81370      7.95      3.88
2015.81644      8.55      3.43
2015.81918      8.32      3.01
2015.82192      7.61      3.23
2015.82466      9.45      3.15
2015.82740      9.42      3.21
2015.83288     11.45      4.39
2015.83562      4.36      3.24
2015.83836      6.61      3.50
2015.84110      0.45      3.89
2015.84384      3.61      3.48
2015.84658      5.16      3.00
2015.84932      1.67      3.42
2015.85205      1.31      3.83
2015.85479      2.64      3.32
2015.85753      5.12      3.90
2015.86027      5.30      3.12
2015.86301      3.55      3.25
2015.86575      0.28      2.91
2015.86849      0.38      3.04
2015.87123      7.53      3.14
2015.87397      0.87      3.12
2015.87671      2.47      2.94
2015.87945      2.57      2.92
2015.88219      4.23      3.16
2015.88493      5.60      4.30
2015.88767      5.41      4.11
2015.89041      1.57      3.43
2015.89315      2.93      2.74
2015.89589      4.88      3.25
2015.89863      2.61      5.91
2015.90137      6.05      3.43
2015.90411     10.78      2.85
2015.90685      8.65      2.85
2015.90959      5.84      2.90
2015.91233     11.21      2.72
2015.91507     10.66      2.83
2015.91781     10.62      3.12
2015.92055      9.95      2.94
2015.92329     13.09      2.80
2015.92603     11.15      3.00
2015.92877      9.69      3.47
2015.93151     12.44      2.91
2015.93425     13.51      3.01
2015.93699      9.38      2.65
2015.93973     10.48      3.40
2015.94247     14.06      3.15
2015.94795     12.99      3.25
2015.95068     11.05      2.80
2015.95342     12.69      2.84
2015.95616     10.84      2.37
2015.95890     13.02      2.45
2015.96164     15.20      2.54
2015.96438     13.98      2.26
2015.96712     12.92      2.51
2015.96986     10.63      2.78
2015.97260     10.10      2.83
2015.97534     10.27      2.48
2015.97808     10.49      2.50
2015.98082     10.01      2.78
2015.98356     11.07      2.59
2015.98630     11.53      2.34
2015.98904     12.51      2.94
2015.99178     13.32      2.44
2015.99452     10.94      2.34
2015.99726     10.44      2.38
2016.00000     11.05      2.33
2016.00273      9.62      2.39
2016.00546      8.97      3.08
2016.00820      8.98      3.08
2016.01093      9.17      2.74
2016.01366      6.17      3.04
2016.01639      8.73      2.83
2016.01913      8.67      2.69
2016.02186     11.20      2.38
2016.02459      9.58      2.46
2016.02732     10.80      2.53
2016.03005     11.76      2.74
2016.03279     11.90      2.87
2016.03552     11.37      2.83
2016.03825     11.08      2.52
2016.04098     11.03      2.80
2016.04372      6.99      2.95
2016.04645      9.22      3.38
2016.04918     11.85      2.45
2016.05191     10.74      2.67
2016.05464     10.35      2.48
2016.05738      9.69      2.35
2016.06011     11.84      2.42
2016.06284     10.74      2.61
2016.06557     14.15      2.75
2016.06831     13.20      2.40
2016.07104      9.69      2.58
2016.07377     11.25      2.48
2016.07650     11.66      2.69
2016.07923     12.77      3.57
2016.08197     12.12      2.57
2016.08470     14.83      2.39
2016.08743     13.68      2.82
2016.09016     14.34      2.32
2016.09290     13.73      2.32
2016.09563     10.85      2.94
2016.10383     -1.06      2.61
2016.10656     -2.89      2.50
2016.10929     -5.38      2.49
2016.11202     -4.71      2.46
2016.11475     -6.94      3.29
2016.12022     -6.54      2.94
2016.12295     -5.00      2.93
2016.12568     -2.69      2.54
2016.12842     -4.13      2.50
2016.13115     -4.54      2.47
2016.13388     -4.79      2.39
2016.13661     -5.60      2.59
2016.13934     -5.48      2.45
2016.14208     -4.85      2.56
2016.14481     -7.18      2.47
2016.14754     -5.63      2.46
2016.15027     -4.55      2.62
2016.15301     -8.01      2.42
2016.15574     -7.04      2.57
2016.15847     -5.84      2.81
2016.16120     -8.57      2.84
2016.16393     -6.20      2.85
2016.16667     -7.26      2.70
2016.16940     -9.72      4.42
2016.17213     -8.69      3.14
2016.17486     -7.25      2.94
2016.17760     -6.44      3.16
2016.18033     -8.89      2.62
2016.18306     -8.32      2.87
2016.18579     -9.22      3.63
2016.18852     -8.07      3.30
2016.19126     -8.67      3.31
2016.19399     -4.99      2.54
2016.19672     -9.30      2.94
2016.19945     -8.43      3.66
2016.20219     -7.86      3.17
2016.20492    -12.33      3.24
2016.20765    -11.30      2.81
2016.21038    -12.09      3.05
2016.21311    -12.85      2.95
2016.21585    -11.25      3.12
2016.21858    -10.08      2.78
2016.22131     -7.95      2.75
2016.22404    -12.58      2.85
2016.22678     -8.79      3.73
2016.22951     -7.71      2.45
2016.23224     -7.11      2.62
2016.23497     -9.51      2.47
2016.23770    -10.78      2.81
2016.24044    -10.26      3.07
2016.24317    -12.59      2.73
2016.24590    -13.60      3.04
2016.24863    -11.98      3.20
2016.25137    -12.24      3.05
2016.25683     -6.45      5.98
2016.25956    -10.97      2.89
2016.26230    -14.65      2.97
2016.26503    -11.11      3.08
2016.26776    -16.96      2.98
2016.27049    -13.81      3.07
2016.27322    -14.78      3.16
2016.27596    -12.37      4.00
2016.27869    -13.92      3.26
2016.28142    -18.63      3.20
2016.28415    -13.92      4.39
2016.28689    -10.44      4.84
2016.28962    -16.53      3.46
2016.29235    -18.69      3.52
2016.29508    -20.32      3.52
2016.29781    -14.91      3.69
2016.30055    -15.29      3.05
2016.30328    -19.03      3.14
2016.30601    -18.16      3.14
2016.30874    -20.37      3.05
2016.31148    -19.18      3.18
2016.31421    -18.38      3.16
2016.31694    -18.29      2.96
2016.31967    -17.46      3.36
2016.32240    -15.65      3.33
2016.32514    -15.87      3.46
2016.32787    -16.18      2.99
2016.33060    -19.14      2.81
2016.33333    -18.73      3.06
2016.33607    -15.23      3.39
2016.33880    -17.41      3.30
2016.34153    -17.18      3.00
2016.34426    -21.54      3.08
2016.34699    -19.12      3.25
2016.34973    -18.79      3.55
2016.35246    -20.10      3.53
2016.35519    -22.15      3.45
2016.35792    -18.16      4.06
2016.36066    -18.37      3.72
2016.36339    -19.40      3.66
2016.36612    -20.32      4.04
2016.36885    -19.60      3.86
2016.37158    -19.99      3.58
2016.37432    -19.71      3.14
2016.37705    -21.24      2.85
2016.37978    -20.55      3.06
2016.38251    -21.62      3.05
2016.38525    -19.02      2.96
2016.38798    -14.74      3.10
2016.39071    -16.49      4.01
2016.39344    -19.58      3.84
2016.39617    -21.09      4.14
2016.39891    -24.17      3.88
2016.40164    -21.44      3.11
2016.40437    -22.43      3.08
2016.40710    -23.69      3.24
2016.40984    -18.79      3.34
2016.41257    -20.51      3.84
2016.41530    -20.45      3.30
2016.41803    -18.48      3.33
2016.42077    -18.32      3.48
2016.42350    -21.61      3.31
2016.42623    -21.10      3.57
2016.42896    -17.97      4.41
2016.43169    -20.22      4.02
2016.43443    -24.69      5.56
2016.43716    -19.33      3.90
2016.43989    -16.59      3.27
2016.44262    -16.68      3.64
2016.44536    -14.63      3.44
2016.44809    -16.80      4.09
2016.45082    -20.85      4.32
2016.45355    -18.59      4.40
2016.45628    -24.73      3.79
2016.45902    -23.25      3.59
2016.46175    -23.57      3.66
2016.46448    -24.81      4.67
2016.46721    -19.69      4.08
2016.46995    -22.34      3.65
2016.47268    -21.45      3.72
2016.47541    -22.99      3.62
2016.47814    -17.48      4.02
2016.48087    -20.75      3.98
2016.48361    -21.03      3.96
2016.48634    -24.21      4.87
2016.48907    -23.73      3.70
2016.49180    -18.83      4.02
2016.49454    -22.23      4.32
2016.49727    -19.35      4.22
2016.50000    -22.57      3.67
2016.50273    -20.33      3.72
2016.50546    -19.69      3.96
2016.50820    -21.68      3.71
2016.51093    -20.06      3.84
2016.51366    -16.45      4.17
2016.51639    -16.55      3.80
2016.51913    -13.10      4.67
2016.52186    -17.36      4.72
2016.52459    -14.71      4.10
2016.52732    -14.49      4.73
2016.53005    -17.86      4.81
2016.53279    -19.92      3.45
2016.53552    -19.99      3.54
2016.53825    -25.13      3.52
2016.54098    -24.04      4.01
2016.54372    -18.19      4.24
2016.54645    -22.18      4.08
2016.54918    -17.09      3.25
2016.55191    -20.80      3.95
2016.55464    -23.87      3.38
2016.55738    -22.86      3.85
2016.56011    -15.46      3.99
2016.56284    -16.52      4.20
2016.56557    -21.06      3.28
2016.56831    -19.61      3.54
2016.57104    -17.59      3.96
2016.57377    -17.23      4.34
2016.57650    -19.61      4.34
2016.57923    -18.33      4.01
2016.58197    -18.81      4.20
2016.58470    -13.51      4.15
2016.58743    -17.93      3.37
2016.59016    -20.53      3.30
2016.59290    -19.57      3.47
2016.59563    -17.73      3.39
2016.59836    -16.08      4.02
2016.60109    -21.33      5.11
2016.60383    -20.09      4.58
2016.60656    -18.17      4.35
2016.60929    -17.98      4.34
2016.61202    -17.01      3.85
2016.61475    -16.54      2.99
2016.61749    -15.87      3.14
2016.62022    -21.37      3.41
2016.62295    -18.27      3.79
2016.62568    -15.64      3.60
2016.62842    -17.35      3.64
2016.63115    -18.14      4.39
2016.63388    -17.83      4.39
2016.63661    -24.55      4.30
2016.63934    -24.22      5.05
2016.64208    -20.55      4.60
2016.64481    -20.42      4.11
2016.64754    -18.25      4.19
2016.65027    -18.25      4.03
2016.65301    -20.93      4.86
2016.65574    -16.78      5.01
2016.65847    -16.13      4.30
2016.66120     -9.35      5.00
2016.66393    -14.84      3.61
2016.66667    -19.67      3.65
2016.66940    -19.25      3.64
2016.67213    -14.57      4.82
2016.67486    -13.99      3.69
2016.67760    -19.17      4.16
2016.68033    -17.99      4.38
2016.68306    -11.93      4.03
2016.68579    -16.00      3.51
2016.68852    -13.32      3.44
2016.69126    -20.01      3.82
2016.69399    -18.18      3.41
2016.69672    -15.64      4.23
2016.69945    -16.82      3.88
2016.70219    -16.84      3.77
2016.70492    -18.91      6.93
2016.71585    -18.21      3.27
2016.71858    -16.69      4.36
2016.72131    -18.03      4.14
2016.72404    -15.16      3.96
2016.72678    -11.84      5.06
2016.72951    -16.20      4.65
2016.73224    -18.91      3.77
2016.73497    -12.29      4.20
2016.73770    -17.82      3.90
2016.74044    -13.83      5.31
2016.74317    -18.44      6.74
2016.74590    -15.69      4.48
2016.74863    -13.55      3.94
2016.75137    -14.72      3.91
2016.75410    -18.95      3.96
2016.75683    -14.26      3.85
2016.75956    -22.57      5.16
2016.76230    -19.73      4.61
2016.76503    -13.22      4.22
2016.76776    -15.36      3.99
2016.77049    -12.28      3.67
2016.77322    -14.14      3.84
2016.77596    -15.98      3.78
2016.77869    -14.25      4.25
2016.78142    -19.26      4.03
2016.78415    -16.68      4.03
2016.78689    -16.87      3.94
2016.78962    -18.84      4.44
2016.79235    -16.17      4.22
2016.79508    -15.55      4.05
2016.79781    -20.30      3.63
2016.80328    -16.18      6.01
2016.80601    -17.51      3.98
2016.80874    -18.79      3.73
2016.81148    -18.69      3.76
2016.81421    -17.82      3.74
2016.81694    -19.65      3.79
2016.81967    -16.96      3.58
2016.82240    -17.63      3.24
2016.82514    -18.18      3.55
2016.82787    -15.52      3.68
2016.83060    -17.22      3.57
2016.83333    -15.49      3.51
2016.83607    -17.05      3.47
2016.83880    -15.79      3.71
2016.84153    -16.01      3.38
2016.84426    -20.03      5.21
2016.84699    -15.70      3.56
2016.84973    -15.64      3.64
2016.85246    -17.10      3.43
2016.85519    -13.42      2.82
2016.85792    -15.01      2.85
2016.86066    -13.31      3.12
2016.86339    -15.49      2.73
2016.86612    -17.55      2.91
2016.86885    -18.63      2.91
2016.87158    -15.37      2.91
2016.87432    -15.85      2.99
2016.87705    -15.82      2.93
2016.87978    -14.37      3.45
2016.88251    -14.68      2.89
2016.88525    -17.44      3.52
2016.88798    -16.21      3.20
2016.89071    -17.73      3.22
2016.89344    -14.73      3.01
2016.89617    -12.44      3.24
2016.89891    -15.97      3.03
2016.90164    -16.52      2.86
2016.90437    -13.22      3.21
2016.90710     -9.06      3.70
2016.90984    -11.39      3.52
2016.91257    -14.37      3.11
2016.91530    -13.59      3.39
2016.91803    -13.44      3.37
2016.92077    -15.20      3.15
2016.92350    -16.17      3.09
2016.92623    -15.83      3.33
2016.92896    -15.83      2.97
2016.93169    -13.29      2.77
2016.93443    -13.44      2.99
2016.93716    -13.44      3.19
2016.93989    -12.95      3.25
2016.94262    -14.48      2.97
2016.94536    -11.82      3.02
2016.94809    -14.43      3.18
2016.95082    -11.31      3.04
2016.95355    -11.39      2.95
2016.95628    -12.97      2.61
2016.95902     -9.20      2.99
2016.96175    -10.44      2.83
2016.96448    -12.67      2.93
2016.96721    -16.86      3.34
2016.96995    -16.13      3.16
2016.97268    -17.96      2.96
2016.97541    -15.47      2.78
2016.97814    -14.74      2.89
2016.98087    -16.35      2.51
2016.98361    -18.31      2.74
2016.98634    -13.05      3.06
2016.98907    -13.03      3.17
2016.99180    -13.62      2.74
2016.99454    -11.03      2.79
2016.99727    -11.60      2.77
2017.00000    -10.91      2.95
2017.00274    -13.61      2.86
2017.00548    -11.36      2.77
2017.00822    -15.63      2.59
2017.01096    -15.75      2.76
2017.01370    -12.79      2.79
2017.01644    -15.90      2.67
2017.01918    -12.32      2.92
2017.02192    -12.02      2.93
2017.02466    -12.04      3.15
2017.02740    -10.99      3.58
2017.03014     -8.63      3.09
2017.03288    -11.81      2.92
2017.03562    -10.45      2.67
2017.03836    -11.78      2.34
2017.04110     -8.72      2.61
2017.04384    -10.09      2.62
2017.04658    -10.07      3.03
2017.04932    -13.16      2.97
2017.05205    -12.86      2.82
2017.05479    -10.72      2.67
2017.05753    -11.17      2.83
2017.06027    -12.09      2.75
2017.06301    -11.45      2.67
2017.06575     -9.60      2.53
2017.06849     -9.53      3.34
2017.07123    -11.73      2.73
2017.07397     -8.36      2.91
2017.07671    -12.06      2.95
2017.07945    -12.40      2.92
2017.08219     -9.74      3.14
2017.08493     -8.94      2.85
2017.08767    -10.84      2.81
2017.09041     -9.07      2.62
2017.09589     -8.77      3.81
2017.09863     -8.89      3.03
2017.10137    -10.76      2.85
2017.10411    -11.84      2.90
2017.10685     -8.37      3.25
2017.10959    -11.50      2.27
2017.11233     -8.95      2.42
2017.11507     -6.47      2.73
2017.11781     -8.69      2.79
2017.12055    -11.08      2.60
2017.12329    -12.80      2.71
2017.12603    -10.32      2.65
2017.12877    -12.72      2.50
2017.13151    -13.54      2.70
2017.13425    -14.29      3.02
2017.13699    -14.38      3.07
2017.13973    -12.31      3.01
2017.14247    -16.87      3.07
2017.14521    -15.89      3.17
2017.14795    -15.51      2.93
2017.15068     -8.59      2.88
2017.15616    -12.74      2.64
2017.15890    -13.68      2.64
2017.16164    -13.96      2.64
2017.16438    -13.98      2.76
2017.16712    -15.41      2.81
2017.16986    -15.76      2.45
2017.17260    -14.61      2.74
2017.17534    -16.99      2.91
2017.17808    -15.96      2.66
2017.18082    -12.58      2.35
2017.18356    -11.63      2.67
2017.18630    -11.78      2.72
2017.18904    -17.40      2.79
2017.19178    -11.30      2.55
2017.19452    -18.39      2.50
2017.19726    -20.47      2.81
2017.20000    -19.28      2.62
2017.20274    -10.47      3.65
2017.20548    -12.72      3.89
2017.20822    -18.03      2.51
2017.21096    -18.13      2.91
2017.21370    -15.86      3.15
2017.21644    -19.83      2.86
2017.21918    -15.15      3.57
2017.22192    -15.33      4.35
2017.22466    -19.00      3.31
2017.22740    -17.72      3.55
2017.23014    -18.52      3.04
2017.23288    -10.48      3.17
2017.23562    -17.54      3.58
2017.23836    -17.63      3.40
2017.24110    -18.89      3.33
2017.24384    -19.68      3.09
2017.24658    -20.85      4.53
2017.24932    -12.90      3.54
2017.25205    -15.32      4.27
2017.25479    -16.31      3.99
2017.25753    -13.40      4.03
2017.26027    -16.22      3.30
2017.26301    -19.43      3.57
2017.26575    -19.58      3.32
2017.26849     -9.27      6.58
2017.27123    -10.45      5.55
2017.27397    -15.02      3.77
2017.27671    -16.49      4.73
2017.27945    -21.12      4.07
2017.28219    -10.48      4.51
2017.28493    -16.97      3.39
2017.28767    -18.30      4.33
2017.29041    -16.68      4.31
2017.29315    -19.98      3.65
2017.29589    -22.43      3.41
2017.29863    -22.60      4.31
2017.30137    -13.85      4.70
2017.30411    -13.03      4.27
2017.30685    -15.04      3.15
2017.30959    -16.31      2.79
2017.31233    -10.89      2.86
2017.31507    -14.08      3.12
2017.31781    -16.29      3.14
2017.32055    -14.46      3.43
2017.32329    -11.85      3.63
2017.32603    -15.03      3.37
2017.32877    -16.95      3.03
2017.33151    -21.79      2.97
2017.33425    -18.94      3.08
2017.33699    -15.50      3.19
2017.33973    -18.71      3.29
2017.34247    -20.70      3.43
2017.34521    -14.53      3.69
2017.34795    -17.01      3.12
2017.35068    -14.65      3.36
2017.35342    -17.81      3.42
2017.35616    -18.64      3.81
2017.35890    -16.49      3.32
2017.36164    -16.70      3.27
2017.36438    -16.20      3.40
2017.36712    -18.26      3.35
2017.36986    -15.41      3.33
2017.37260    -10.13      2.98
2017.37534    -17.09      2.93
2017.37808    -13.40      3.53
2017.38082    -13.22      3.33
2017.38356    -12.71      3.06
2017.38630    -17.33      3.11
2017.38904    -18.32      3.15
2017.39178    -18.35      3.14
2017.39452    -14.94      4.15
2017.39726    -11.53      3.75
2017.40000    -13.73      2.90
2017.40274    -12.40      2.82
2017.40548    -13.83      3.72
2017.40822    -13.49      3.77
2017.41096    -11.64      4.47
2017.41370    -17.38      3.92
2017.41644    -12.71      4.90
2017.41918    -13.04      4.53
2017.42192    -15.60      4.34
2017.42466    -12.96      3.89
2017.42740    -20.26      3.35
2017.43014    -19.60      3.51
2017.43288    -12.11      3.93
2017.43562    -18.57      4.40
2017.43836    -18.48      4.36
2017.44110    -16.15      3.45
2017.44384    -20.37      3.24
2017.44658    -14.93      4.14
2017.44932    -16.86      4.07
2017.45205    -13.87      4.54
2017.45479    -11.14      4.10
2017.45753    -18.52      5.11
2017.46027    -14.71      5.36
2017.46301    -13.43      4.30
2017.46575    -14.82      3.70
2017.46849    -14.52      4.08
2017.47123    -16.71      3.54
2017.47397    -17.18      3.39
2017.47671    -14.07      3.72
2017.47945    -17.58      3.98
2017.48219    -16.03      3.47
2017.48493    -16.93      3.31
2017.48767    -15.18      3.55
2017.49041    -14.09      3.97
2017.49315    -16.54      3.95
2017.49589    -13.58      3.65
2017.49863    -15.28      3.56
2017.50411    -19.33      4.28
2017.50685    -13.43      3.64
2017.50959    -21.36      3.74
2017.51233    -18.18      3.82
2017.51507    -17.34      3.89
2017.51781    -18.34      3.81
2017.52055    -16.27      3.43
2017.52603    -13.96      4.61
2017.52877    -14.17      4.36
2017.53151    -17.20      4.03
2017.53425    -15.12      4.11
2017.53699    -14.74      4.42
2017.53973    -14.02      4.24
2017.54247    -15.53      3.06
2017.54521    -19.02      3.73
2017.54795    -18.15      3.60
2017.55068    -18.27      3.38
2017.55616    -13.84      3.28
2017.55890    -17.16      3.51
2017.56164    -16.09      4.23
2017.56438    -15.14      3.97
2017.56712    -17.09      4.35
2017.56986    -14.96      3.67
2017.57260    -16.24      3.83
2017.57534    -10.84      4.62
2017.57808    -13.08      5.33
2017.58082    -11.14      5.85
2017.58356    -13.97      4.71
2017.58630    -14.49      3.62
2017.58904    -17.93      4.71
2017.59178    -16.07      3.90
2017.59452    -17.51      3.72
2017.59726    -17.74      3.75
2017.60000    -18.32      4.02
2017.60274    -20.43      4.05
2017.60548    -15.87      3.94
2017.60822    -15.16      4.73
2017.61096    -11.45      3.87
2017.61370    -15.25      3.53
2017.61644    -12.23      3.40
2017.61918    -14.59      3.31
2017.62466    -13.76      3.77
2017.62740    -15.92      3.66
2017.63014    -16.19      4.22
2017.63288    -16.13      4.81
2017.63562    -13.47      4.26
2017.63836    -12.80      4.58
2017.64110    -14.72      4.30
2017.64384    -15.69      3.28
2017.64658    -12.04      3.34
2017.64932    -16.58      3.73
2017.65205    -17.68      4.00
2017.65479    -15.04      3.61
2017.65753    -14.36      3.89
2017.66027    -19.12      4.25
2017.66301    -15.43      4.08
2017.66575    -15.08      3.86
2017.66849    -13.47      5.41
2017.67123    -11.90      3.54
2017.67397    -14.42      3.94
2017.67671    -17.06      4.37
2017.67945    -15.59      3.75
2017.68219    -17.30      3.48
2017.68493    -14.40      3.67
2017.68767    -17.75      3.47
2017.69041    -15.60      3.45
2017.69315    -18.97      3.59
2017.69589    -20.02      3.79
2017.69863    -18.99      3.72
2017.70137    -17.26      3.84
2017.70411    -15.57      3.58
2017.70685    -17.13      3.13
2017.70959    -14.92      3.67
2017.71233    -17.17      3.50
2017.71507    -16.62      3.57
2017.71781    -13.88      3.96
2017.72055    -17.31      3.32
2017.72329    -17.18      3.17
2017.72603    -13.74      4.17
2017.72877    -15.74      3.43
2017.73151    -16.12      3.56
2017.73425    -19.41      4.03
2017.73699    -16.53      3.44
2017.73973    -15.73      3.30
2017.74247    -18.09      3.84
2017.74521    -16.76      5.01
2017.74795    -13.97      3.54
2017.75342    -16.83      3.61
2017.75616    -11.09      4.15
2017.75890    -14.42      4.80
2017.76164    -16.47      3.64
2017.76438    -18.79      4.29
2017.76712    -14.35      3.96
2017.76986    -15.57      4.88
2017.77260    -10.75      4.76
2017.77808    -18.97      4.25
2017.78082    -15.05      4.41
2017.78356    -18.19      3.46
2017.78630    -16.98      4.12
2017.78904    -15.12      4.33
2017.79178    -15.93      4.50
2017.79452     -9.38      3.95
2017.79726    -15.17      3.56
2017.80000    -12.33      3.67
2017.80274    -13.66      2.93
2017.80548     -8.50      2.77
2017.80822    -12.29      2.92
2017.81096    -11.86      3.03
2017.81370    -10.55      3.06
2017.81644    -13.92      3.21
2017.81918     -8.80      3.12
2017.82192    -13.07      2.99
2017.82466    -13.17      3.03
2017.82740    -13.63      3.20
2017.83014     -6.90      3.33
2017.83288    -10.62      3.01
2017.83562    -10.77      3.22
2017.83836     -9.91      3.24
2017.84110    -10.69      3.42
2017.84384    -10.96      3.06
2017.84658    -12.57      2.70
2017.84932    -11.45      3.12
2017.85205    -14.13      3.61
2017.85479    -11.24      3.39
2017.85753    -10.47      2.94
2017.86301    -11.60      3.24
2017.86575    -10.96      2.74
2017.86849    -11.51      2.75
2017.87123    -12.32      3.27
2017.87397    -12.24      3.09
2017.87671    -15.58      3.10
2017.87945    -13.80      3.00
2017.88219    -13.11      3.20
2017.88493    -13.87      2.71
2017.88767    -11.81      2.85
2017.89041    -12.21      3.01
2017.89315    -10.42      2.94
2017.89589    -12.42      3.01
2017.89863     -9.16      2.81
2017.90137    -11.25      2.83
2017.90411     -9.10      2.84
2017.90685    -14.86      3.06
2017.90959    -12.30      2.81
2017.91233    -10.80      2.97
2017.91507    -10.55      3.13
2017.91781    -12.55      3.24
2017.92055    -10.41      3.16
2017.92329    -10.10      3.04
2017.92603    -12.43      2.94
2017.92877     -8.74      2.70
2017.93151     -9.97      2.91
2017.93425     -8.08      2.96
2017.93699    -10.99      2.60
2017.93973     -6.59      2.79
2017.94247     -7.27      2.80
2017.94521     -8.92      2.78
2017.94795     -8.89      2.86
2017.95068    -13.42      2.48
2017.95342     -7.26      2.79
2017.95616     -9.97      2.85
2017.95890     -5.75      3.01
2017.96164     -5.70      3.09
2017.96438     -8.30      3.06
2017.96712     -7.41      3.35
2017.96986     -5.64      3.52
2017.97260     -6.41      2.86
2017.97534     -9.16      2.72
2017.97808     -8.80      2.92
2017.98082    -10.57      2.91
2017.98356     -8.45      2.58
2017.98630    -11.95      2.76
2017.98904     -9.00      2.76
2017.99178    -10.83      2.98
2017.99452     -9.74      3.65
2018.00548     -6.66      2.94
2018.00822     -8.58      2.79
2018.01096     -6.47      3.15
2018.01370     -7.63      2.93
2018.01644     -6.61      2.84
2018.01918     -9.07      2.68
2018.02192     -7.40      3.04
2018.02466     -6.30      2.98
2018.02740     -6.51      2.69
2018.03014     -5.42      2.80
2018.03288     -7.30      2.68
2018.03562     -8.13      2.65
2018.03836     -6.48      3.06
2018.04110     -8.95      2.90
2018.04384     -7.02      2.94
2018.04658    -11.65      3.09
2018.04932     -9.56      3.07
2018.05205     -8.03      3.15
2018.05479    -10.66      2.86
2018.05753    -11.78      3.21
2018.06027     -8.89      3.18
2018.06301     -9.55      2.97
2018.06575     -8.09      2.94
2018.06849     -6.15      3.16
2018.07123     -8.85      3.02
2018.07397     -9.22      3.12
2018.07671     -5.08      3.62
2018.07945     -7.33      2.67
2018.08219     -6.84      3.06
2018.08493    -10.37      2.75
2018.08767     -5.84      2.68
2018.09041     -9.71      2.81
2018.09315     -5.26      2.49
2018.09589     -5.04      2.49
2018.09863     -7.24      2.73
2018.10137     -8.22      2.85
2018.10411     -9.17      2.86
2018.10685     -7.51      2.73
2018.10959    -12.49      2.84
2018.11233    -10.86      2.94
2018.11507     -6.46      2.58
2018.11781     -8.84      2.59
2018.12055     -8.79      2.85
2018.12329    -12.88      2.90
2018.12603    -11.73      3.16
2018.12877    -12.12      3.45
2018.13151    -11.47      2.92
2018.13425    -14.29      3.10
2018.13699    -11.05      2.98
2018.13973    -12.38      3.19
2018.14247    -12.15      3.06
2018.14521    -11.46      3.15
2018.14795    -13.49      3.06
2018.15068    -14.02      3.11
2018.15342    -12.62      3.08
2018.15616    -11.27      2.92
2018.15890    -13.48      3.47
2018.16164    -17.74      3.56
