2012.00000    -14.91
2012.00273    -14.94
2012.00546    -14.96
2012.00820    -14.99
2012.01093    -15.02
2012.01366    -15.04
2012.01639    -15.07
2012.01913    -15.09
2012.02186    -15.12
2012.02459    -15.15
2012.02732    -15.17
2012.03005    -15.20
2012.03279    -15.22
2012.03552    -15.25
2012.03825    -15.27
2012.04098    -15.29
2012.04372    -15.32
2012.04645    -15.34
2012.04918    -15.37
2012.05191    -15.39
2012.05464    -15.41
2012.05738    -15.43
2012.06011    -15.46
2012.06284    -15.48
2012.06557    -15.50
2012.06831    -15.52
2012.07104    -15.54
2012.07377    -15.56
2012.07650    -15.58
2012.07923    -15.60
2012.08197    -15.61
2012.08470    -15.63
2012.08743    -15.65
2012.09016    -15.67
2012.09290    -15.68
2012.09563    -15.70
2012.09836    -15.71
2012.10109    -15.73
2012.10383    -15.74
2012.10656    -15.75
2012.10929    -15.76
2012.11202    -15.78
2012.11475    -15.79
2012.11749    -15.80
2012.12022    -15.81
2012.12295    -15.82
2012.12568    -15.82
2012.12842    -15.83
2012.13115    -15.84
2012.13388    -15.84
2012.13661    -15.85
2012.13934    -15.85
2012.14208    -15.86
2012.14481    -15.86
2012.14754    -15.86
2012.15027    -15.87
2012.15301    -15.87
2012.15574    -15.87
2012.15847    -15.87
2012.16120    -15.87
2012.16393    -15.86
2012.16667    -15.86
2012.16940    -15.86
2012.17213    -15.86
2012.17486    -15.85
2012.17760    -15.85
2012.18033    -15.84
2012.18306    -15.83
2012.18579    -15.83
2012.18852    -15.82
2012.19126    -15.81
2012.19399    -15.80
2012.19672    -15.79
2012.19945    -15.78
2012.20219    -15.77
2012.20492    -15.76
2012.20765    -15.75
2012.21038    -15.74
2012.21311    -15.72
2012.21585    -15.71
2012.21858    -15.70
2012.22131    -15.68
2012.22404    -15.67
2012.22678    -15.65
2012.22951    -15.64
2012.23224    -15.62
2012.23497    -15.61
2012.23770    -15.59
2012.24044    -15.57
2012.24317    -15.56
2012.24590    -15.54
2012.24863    -15.52
2012.25137    -15.50
2012.25410    -15.48
2012.25683    -15.47
2012.25956    -15.45
2012.26230    -15.43
2012.26503    -15.41
2012.26776    -15.39
2012.27049    -15.37
2012.27322    -15.35
2012.27596    -15.33
2012.27869    -15.31
2012.28142    -15.29
2012.28415    -15.28
2012.28689    -15.26
2012.28962    -15.24
2012.29235    -15.22
2012.29508    -15.20
2012.29781    -15.18
2012.30055    -15.16
2012.30328    -15.14
2012.30601    -15.13
2012.30874    -15.11
2012.31148    -15.09
2012.31421    -15.07
2012.31694    -15.06
2012.31967    -15.04
2012.32240    -15.02
2012.32514    -15.01
2012.32787    -14.99
2012.33060    -14.98
2012.33333    -14.96
2012.33607    -14.95
2012.33880    -14.93
2012.34153    -14.92
2012.34426    -14.91
2012.34699    -14.90
2012.34973    -14.88
2012.35246    -14.87
2012.35519    -14.86
2012.35792    -14.85
2012.36066    -14.84
2012.36339    -14.83
2012.36612    -14.82
2012.36885    -14.82
2012.37158    -14.81
2012.37432    -14.80
2012.37705    -14.80
2012.37978    -14.79
2012.38251    -14.79
2012.38525    -14.78
2012.38798    -14.78
2012.39071    -14.78
2012.39344    -14.78
2012.39617    -14.78
2012.39891    -14.78
2012.40164    -14.78
2012.40437    -14.78
2012.40710    -14.78
2012.40984    -14.78
2012.41257    -14.79
2012.41530    -14.79
2012.41803    -14.79
2012.42077    -14.80
2012.42350    -14.81
2012.42623    -14.81
2012.42896    -14.82
2012.43169    -14.83
2012.43443    -14.84
2012.43716    -14.85
2012.53005    -15.54
2012.53279    -15.57
2012.53552    -15.59
2012.53825    -15.62
2012.54098    -15.65
2012.54372    -15.68
2012.54645    -15.71
2012.54918    -15.74
2012.55191    -15.76
2012.55464    -15.79
2012.55738    -15.82
2012.56011    -15.85
2012.56284    -15.88
2012.56557    -15.91
2012.56831    -15.93
2012.57104    -15.96
2012.57377    -15.99
2012.57650    -16.02
2012.57923    -16.05
2012.58197    -16.08
2012.58470    -16.10
2012.58743    -16.13
2012.59016    -16.16
2012.59563    -16.21
2012.59836    -16.24
2012.60109    -16.27
2012.60929    -16.34
2012.61202    -16.37
2012.61475    -16.39
2012.61749    -16.42
2012.62022    -16.44
2012.62295    -16.47
2012.62568    -16.49
2012.62842    -16.51
2012.63115    -16.54
2012.63388    -16.56
2012.63661    -16.58
2012.63934    -16.60
2012.64208    -16.63
2012.64481    -16.65
2012.64754    -16.67
2012.65027    -16.69
2012.65301    -16.71
2012.65574    -16.73
2012.65847    -16.74
2012.66120    -16.76
2012.66393    -16.78
2012.66667    -16.80
2012.66940    -16.82
2012.67213    -16.83
2012.67486    -16.85
2012.67760    -16.86
2012.68033    -16.88
2012.68306    -16.89
2012.68579    -16.91
2012.68852    -16.92
2012.69126    -16.94
2012.69399    -16.95
2012.69672    -16.96
2012.69945    -16.97
2012.70219    -16.99
2012.70492    -17.00
2012.70765    -17.01
2012.71038    -17.02
2012.71311    -17.03
2012.71585    -17.04
2012.71858    -17.05
2012.72131    -17.06
2012.72404    -17.07
2012.72678    -17.08
2012.73224    -17.09
2012.73497    -17.10
2012.73770    -17.11
2012.74044    -17.12
2012.74317    -17.12
2012.74590    -17.13
2012.74863    -17.14
2012.75137    -17.14
2012.75410    -17.15
2012.75683    -17.16
2012.75956    -17.16
2012.76230    -17.17
2012.76503    -17.17
2012.76776    -17.18
2012.77049    -17.18
2012.77322    -17.19
2012.77596    -17.20
2012.77869    -17.20
2012.78142    -17.21
2012.78415    -17.21
2012.78689    -17.22
2012.78962    -17.22
2012.79235    -17.23
2012.79508    -17.23
2012.79781    -17.24
2012.80055    -17.24
2012.80328    -17.25
2012.80601    -17.25
2012.80874    -17.26
2012.81148    -17.27
2012.81421    -17.27
2012.81694    -17.28
2012.81967    -17.29
2012.82240    -17.29
2012.82514    -17.30
2012.82787    -17.31
2012.83060    -17.31
2012.83333    -17.32
2012.83607    -17.33
2012.83880    -17.34
2012.84153    -17.35
2012.84426    -17.35
2012.84699    -17.36
2012.84973    -17.37
2012.85246    -17.38
2012.85519    -17.39
2012.85792    -17.40
2012.86066    -17.41
2012.86339    -17.43
2012.86612    -17.44
2012.86885    -17.45
2012.87158    -17.46
2012.87432    -17.47
2012.87705    -17.49
2012.87978    -17.50
2012.88251    -17.51
2012.88525    -17.53
2012.88798    -17.54
2012.89071    -17.56
2012.89344    -17.57
2012.89617    -17.59
2012.89891    -17.61
2012.90164    -17.62
2012.90437    -17.64
2012.90710    -17.66
2012.90984    -17.67
2012.91257    -17.69
2012.91530    -17.71
2012.91803    -17.73
2012.92077    -17.75
2012.92350    -17.77
2012.92623    -17.79
2012.92896    -17.81
2012.93169    -17.83
2012.93443    -17.85
2012.93716    -17.88
2012.93989    -17.90
2012.94262    -17.92
2012.94536    -17.94
2012.94809    -17.97
2012.95082    -17.99
2012.95355    -18.01
2012.95628    -18.04
2012.95902    -18.06
2012.96175    -18.09
2012.96448    -18.11
2012.96721    -18.13
2012.96995    -18.16
2012.97268    -18.19
2012.97541    -18.21
2012.97814    -18.24
2012.98087    -18.26
2012.98361    -18.29
2012.98634    -18.31
2012.98907    -18.34
2012.99180    -18.37
2012.99454    -18.39
2012.99727    -18.42
2013.00000    -18.44
2013.00274    -18.47
2013.00548    -18.50
2013.00822    -18.52
2013.01096    -18.55
2013.01370    -18.58
2013.01644    -18.60
2013.01918    -18.63
2013.02192    -18.65
2013.02466    -18.68
2013.02740    -18.70
2013.03014    -18.73
2013.03288    -18.76
2013.03562    -18.78
2013.03836    -18.80
2013.04110    -18.83
2013.04384    -18.85
2013.04658    -18.88
2013.04932    -18.90
2013.05205    -18.92
2013.05479    -18.95
2013.05753    -18.97
2013.06027    -18.99
2013.06301    -19.01
2013.06575    -19.03
2013.06849    -19.05
2013.07123    -19.07
2013.07397    -19.09
2013.07671    -19.11
2013.07945    -19.13
2013.08219    -19.15
2013.08493    -19.17
2013.08767    -19.18
2013.09041    -19.20
2013.09315    -19.22
2013.09589    -19.23
2013.09863    -19.25
2013.10137    -19.26
2013.10411    -19.27
2013.10685    -19.29
2013.10959    -19.30
2013.11233    -19.31
2013.11507    -19.32
2013.11781    -19.33
2013.12055    -19.34
2013.12329    -19.35
2013.12603    -19.36
2013.12877    -19.37
2013.13151    -19.37
2013.13425    -19.38
2013.13699    -19.38
2013.13973    -19.39
2013.14247    -19.39
2013.14521    -19.40
2013.14795    -19.40
2013.15342    -19.40
2013.15616    -19.40
2013.15890    -19.40
2013.16164    -19.40
2013.16438    -19.40
2013.16712    -19.39
2013.16986    -19.39
2013.17260    -19.39
2013.17534    -19.38
2013.17808    -19.38
2013.18082    -19.37
2013.18356    -19.37
2013.18630    -19.36
2013.18904    -19.35
2013.19178    -19.34
2013.19452    -19.33
2013.19726    -19.32
2013.20000    -19.31
2013.20274    -19.30
2013.20548    -19.29
2013.20822    -19.28
2013.21096    -19.27
2013.21370    -19.25
2013.21644    -19.24
2013.21918    -19.23
2013.22192    -19.21
2013.22466    -19.20
2013.22740    -19.18
2013.23014    -19.17
2013.23288    -19.15
2013.23562    -19.13
2013.23836    -19.12
2013.24110    -19.10
2013.24384    -19.08
2013.24658    -19.07
2013.24932    -19.05
2013.25205    -19.03
2013.25479    -19.01
2013.25753    -18.99
2013.26027    -18.98
2013.26301    -18.96
2013.26575    -18.94
2013.26849    -18.92
2013.27123    -18.90
2013.27397    -18.88
2013.27671    -18.86
2013.27945    -18.84
2013.28219    -18.82
2013.28493    -18.80
2013.28767    -18.78
2013.29041    -18.77
2013.29315    -18.75
2013.29589    -18.73
2013.29863    -18.71
2013.30137    -18.69
2013.30411    -18.67
2013.30685    -18.65
2013.31233    -18.62
2013.31507    -18.60
2013.31781    -18.58
2013.32055    -18.57
2013.32329    -18.55
2013.32603    -18.54
2013.32877    -18.52
2013.33151    -18.50
2013.33425    -18.49
2013.33699    -18.48
2013.33973    -18.46
2013.34247    -18.45
2013.34521    -18.44
2013.34795    -18.42
2013.35068    -18.41
2013.35342    -18.40
2013.35616    -18.39
2013.35890    -18.38
2013.36164    -18.37
2013.36438    -18.36
2013.36712    -18.35
2013.36986    -18.35
2013.37260    -18.34
2013.37534    -18.33
2013.37808    -18.33
2013.38082    -18.32
2013.38356    -18.32
2013.38630    -18.32
2013.38904    -18.31
2013.39178    -18.31
2013.39452    -18.31
2013.39726    -18.31
2013.40000    -18.31
2013.40274    -18.31
2013.40548    -18.31
2013.40822    -18.31
2013.41096    -18.32
2013.41370    -18.32
2013.41644    -18.32
2013.41918    -18.33
2013.42192    -18.34
2013.42466    -18.34
2013.42740    -18.35
2013.43014    -18.36
2013.43288    -18.37
2013.43562    -18.38
2013.43836    -18.39
2013.44110    -18.40
2013.44384    -18.41
2013.44658    -18.42
2013.44932    -18.43
2013.45205    -18.45
2013.45479    -18.46
2013.45753    -18.48
2013.46027    -18.49
2013.46301    -18.51
2013.46575    -18.53
2013.46849    -18.55
2013.47123    -18.56
2013.47397    -18.58
2013.47671    -18.60
2013.47945    -18.62
2013.48219    -18.64
2013.48493    -18.66
2013.48767    -18.69
2013.49041    -18.71
2013.49315    -18.73
2013.49589    -18.75
2013.49863    -18.78
2013.50137    -18.80
2013.50411    -18.82
2013.50685    -18.85
2013.50959    -18.87
2013.51233    -18.90
2013.51507    -18.93
2013.51781    -18.95
2013.52055    -18.98
2013.52329    -19.01
2013.52603    -19.03
2013.52877    -19.06
2013.53151    -19.09
2013.53425    -19.12
2013.53699    -19.14
2013.53973    -19.17
2013.54247    -19.20
2013.54521    -19.23
2013.54795    -19.26
2013.55616    -19.34
2013.55890    -19.37
2013.56164    -19.40
2013.56438    -19.43
2013.56712    -19.46
2013.56986    -19.48
2013.57260    -19.51
2013.57534    -19.54
2013.57808    -19.57
2013.58082    -19.60
2013.58356    -19.62
2013.58630    -19.65
2013.58904    -19.68
2013.59178    -19.71
2013.59452    -19.73
2013.59726    -19.76
2013.60000    -19.79
2013.60274    -19.81
2013.60548    -19.84
2013.60822    -19.87
2013.61096    -19.89
2013.61370    -19.92
2013.61644    -19.94
2013.61918    -19.97
2013.62192    -19.99
2013.62466    -20.02
2013.62740    -20.04
2013.63014    -20.06
2013.63288    -20.08
2013.63562    -20.11
2013.63836    -20.13
2013.64110    -20.15
2013.64384    -20.17
2013.64658    -20.19
2013.64932    -20.21
2013.65479    -20.25
2013.65753    -20.27
2013.66027    -20.29
2013.66301    -20.31
2013.66575    -20.33
2013.66849    -20.34
2013.67123    -20.36
2013.67671    -20.39
2013.68219    -20.42
2013.68493    -20.44
2013.68767    -20.45
2013.69041    -20.47
2013.69315    -20.48
2013.69589    -20.49
2013.69863    -20.50
2013.70137    -20.52
2013.70411    -20.53
2013.70685    -20.54
2013.70959    -20.55
2013.71233    -20.56
2013.71507    -20.57
2013.71781    -20.58
2013.72055    -20.59
2013.72329    -20.60
2013.72603    -20.61
2013.72877    -20.62
2013.73151    -20.62
2013.73425    -20.63
2013.73699    -20.64
2013.73973    -20.65
2013.74247    -20.65
2013.74521    -20.66
2013.74795    -20.67
2013.75068    -20.67
2013.75342    -20.68
2013.75616    -20.69
2013.75890    -20.69
2013.76164    -20.70
2013.76438    -20.70
2013.76712    -20.71
2013.76986    -20.72
2013.77260    -20.72
2013.77534    -20.73
2013.77808    -20.73
2013.78082    -20.74
2013.78356    -20.74
2013.78630    -20.75
2013.78904    -20.75
2013.79178    -20.76
2013.79452    -20.76
2013.79726    -20.77
2013.80000    -20.77
2013.80274    -20.78
2013.80548    -20.79
2013.80822    -20.79
2013.81096    -20.80
2013.81370    -20.80
2013.81644    -20.81
2013.81918    -20.82
2013.82192    -20.82
2013.82466    -20.83
2013.82740    -20.84
2013.83014    -20.85
2013.83288    -20.85
2013.83562    -20.86
2013.83836    -20.87
2013.84110    -20.88
2013.84384    -20.89
2013.84658    -20.90
2013.84932    -20.90
2013.85205    -20.91
2013.85479    -20.92
2013.85753    -20.93
2013.86027    -20.95
2013.86301    -20.96
2013.86575    -20.97
2013.86849    -20.98
2013.87123    -20.99
2013.87397    -21.00
2013.87671    -21.02
2013.87945    -21.03
2013.88219    -21.05
2013.88493    -21.06
2013.88767    -21.07
2013.89041    -21.09
2013.89315    -21.10
2013.89589    -21.12
2013.89863    -21.14
2013.90137    -21.15
2013.90411    -21.17
2013.90685    -21.19
2013.90959    -21.21
2013.91233    -21.22
2013.91507    -21.24
2013.91781    -21.26
2013.92055    -21.28
2013.92329    -21.30
2013.92603    -21.32
2013.92877    -21.34
2013.93151    -21.36
2013.93425    -21.39
2013.93699    -21.41
2013.93973    -21.43
2013.94247    -21.45
2013.94521    -21.47
2013.94795    -21.50
2013.95068    -21.52
2013.95342    -21.54
2013.95616    -21.57
2013.95890    -21.59
2013.96164    -21.62
2013.96438    -21.64
2013.96712    -21.67
2013.96986    -21.69
2013.97260    -21.72
2013.97534    -21.74
2013.97808    -21.77
2013.98082    -21.79
2013.98356    -21.82
2013.98630    -21.85
2013.98904    -21.87
2013.99726    -21.95
2014.00000    -21.98
2014.00274    -22.00
2014.00548    -22.03
2014.00822    -22.06
2014.01096    -22.08
2014.01370    -22.11
2014.01644    -22.14
2014.01918    -22.16
2014.02192    -22.19
2014.02466    -22.21
2014.02740    -22.24
2014.03014    -22.26
2014.03288    -22.29
2014.03562    -22.31
2014.03836    -22.34
2014.04110    -22.36
2014.04384    -22.39
2014.04658    -22.41
2014.04932    -22.43
2014.05205    -22.46
2014.05479    -22.48
2014.05753    -22.50
2014.06027    -22.52
2014.06301    -22.54
2014.06575    -22.57
2014.06849    -22.59
2014.07123    -22.61
2014.07397    -22.63
2014.07671    -22.65
2014.07945    -22.66
2014.08219    -22.68
2014.08493    -22.70
2014.08767    -22.72
2014.09041    -22.73
2014.09315    -22.75
2014.09589    -22.76
2014.09863    -22.78
2014.10137    -22.79
2014.10411    -22.81
2014.10685    -22.82
2014.10959    -22.83
2014.11233    -22.84
2014.11507    -22.85
2014.11781    -22.86
2014.12055    -22.87
2014.12329    -22.88
2014.12603    -22.89
2014.12877    -22.90
2014.13151    -22.91
2014.13425    -22.91
2014.13699    -22.92
2014.13973    -22.92
2014.14247    -22.92
2014.14521    -22.93
2014.14795    -22.93
2014.15068    -22.93
2014.15342    -22.93
2014.15616    -22.93
2014.15890    -22.93
2014.16164    -22.93
2014.16438    -22.93
2014.16712    -22.93
2014.16986    -22.92
2014.17260    -22.92
2014.17534    -22.92
2014.17808    -22.91
2014.18082    -22.91
2014.18356    -22.90
2014.18630    -22.89
2014.18904    -22.88
2014.19178    -22.88
2014.19452    -22.87
2014.19726    -22.86
2014.20000    -22.85
2014.20274    -22.84
2014.20548    -22.82
2014.20822    -22.81
2014.21096    -22.80
2014.21370    -22.79
2014.21644    -22.77
2014.21918    -22.76
2014.22192    -22.75
2014.22466    -22.73
2014.22740    -22.72
2014.23014    -22.70
2014.23288    -22.68
2014.23562    -22.67
2014.23836    -22.65
2014.24110    -22.63
2014.24384    -22.62
2014.24658    -22.60
2014.24932    -22.58
2014.25205    -22.56
2014.25479    -22.55
2014.25753    -22.53
2014.26027    -22.51
2014.26301    -22.49
2014.26575    -22.47
2014.26849    -22.45
2014.27123    -22.43
2014.27397    -22.41
2014.27671    -22.39
2014.27945    -22.37
2014.28219    -22.36
2014.28493    -22.34
2014.28767    -22.32
2014.29041    -22.30
2014.29315    -22.28
2014.29589    -22.26
2014.29863    -22.24
2014.30137    -22.22
2014.30411    -22.20
2014.30685    -22.19
2014.30959    -22.17
2014.31233    -22.15
2014.31507    -22.13
2014.31781    -22.12
2014.32055    -22.10
2014.32329    -22.08
2014.32603    -22.07
2014.32877    -22.05
2014.33151    -22.04
2014.33425    -22.02
2014.33699    -22.01
2014.33973    -22.00
2014.34247    -21.98
2014.34521    -21.97
2014.34795    -21.96
2014.35068    -21.95
2014.35342    -21.93
2014.35616    -21.92
2014.35890    -21.91
2014.36164    -21.90
2014.36438    -21.90
2014.36712    -21.89
2014.36986    -21.88
2014.37260    -21.87
2014.37534    -21.87
2014.37808    -21.86
2014.38082    -21.86
2014.38356    -21.85
2014.38630    -21.85
2014.38904    -21.85
2014.39178    -21.84
2014.39452    -21.84
2014.39726    -21.84
2014.40000    -21.84
2014.40274    -21.84
2014.40548    -21.84
2014.40822    -21.85
2014.41096    -21.85
2014.41370    -21.85
2014.41644    -21.86
2014.41918    -21.86
2014.42192    -21.87
2014.42466    -21.88
2014.42740    -21.88
2014.43014    -21.89
2014.43288    -21.90
2014.43562    -21.91
2014.43836    -21.92
2014.44110    -21.93
2014.44384    -21.94
2014.44658    -21.95
2014.44932    -21.97
2014.45205    -21.98
2014.45479    -22.00
2014.45753    -22.01
2014.46027    -22.03
2014.46301    -22.04
2014.46575    -22.06
2014.46849    -22.08
2014.47123    -22.10
2014.47397    -22.12
2014.47671    -22.14
2014.47945    -22.16
2014.48219    -22.18
2014.48493    -22.20
2014.48767    -22.22
2014.49041    -22.24
2014.49315    -22.26
2014.49589    -22.29
2014.49863    -22.31
2014.50137    -22.33
2014.50411    -22.36
2014.50685    -22.38
2014.50959    -22.41
2014.51233    -22.43
2014.51507    -22.46
2014.51781    -22.49
2014.52055    -22.51
2014.52329    -22.54
2014.52603    -22.57
2014.52877    -22.59
2014.53151    -22.62
2014.53425    -22.65
2014.53699    -22.68
2014.53973    -22.70
2014.54247    -22.73
2014.54521    -22.76
2014.54795    -22.79
2014.55068    -22.82
2014.55342    -22.85
2014.55616    -22.87
2014.55890    -22.90
2014.56164    -22.93
2014.56438    -22.96
2014.56712    -22.99
2014.56986    -23.02
2014.57260    -23.05
2014.57534    -23.07
2014.57808    -23.10
2014.58082    -23.13
2014.58356    -23.16
2014.58630    -23.19
2014.58904    -23.21
2014.59178    -23.24
2014.59452    -23.27
2014.59726    -23.29
2014.60000    -23.32
2014.60274    -23.35
2014.60548    -23.37
2014.60822    -23.40
2014.61096    -23.43
2014.61370    -23.45
2014.61644    -23.48
2014.61918    -23.50
2014.62192    -23.52
2014.62466    -23.55
2014.62740    -23.57
2014.63014    -23.60
2014.63288    -23.62
2014.63562    -23.64
2014.63836    -23.66
2014.64110    -23.68
2014.64384    -23.71
2014.64658    -23.73
2014.64932    -23.75
2014.65205    -23.77
2014.65479    -23.79
2014.65753    -23.80
2014.66027    -23.82
2014.66301    -23.84
2014.66575    -23.86
2014.66849    -23.88
2014.67123    -23.89
2014.67397    -23.91
2014.67671    -23.93
2014.67945    -23.94
2014.68219    -23.96
2014.68493    -23.97
2014.68767    -23.98
2014.69041    -24.00
2014.69315    -24.01
2014.69589    -24.02
2014.69863    -24.04
2014.70137    -24.05
2014.70411    -24.06
2014.70685    -24.07
2014.70959    -24.08
2014.71233    -24.09
2014.71507    -24.10
2014.71781    -24.11
2014.72055    -24.12
2014.72329    -24.13
2014.72603    -24.14
2014.72877    -24.15
2014.73151    -24.16
2014.73425    -24.17
2014.73699    -24.17
2014.73973    -24.18
2014.74247    -24.19
2014.74521    -24.19
2014.74795    -24.20
2014.75068    -24.21
2014.75342    -24.21
2014.75616    -24.22
2014.75890    -24.23
2014.76164    -24.23
2014.76438    -24.24
2014.76712    -24.24
2014.76986    -24.25
2014.77260    -24.25
2014.77534    -24.26
2014.77808    -24.27
2014.78082    -24.27
2014.78356    -24.28
2014.78630    -24.28
2014.78904    -24.29
2014.79178    -24.29
2014.79452    -24.30
2014.79726    -24.30
2014.80000    -24.31
2014.80274    -24.31
2014.80548    -24.32
2014.80822    -24.33
2014.81096    -24.33
2014.81370    -24.34
2014.81644    -24.34
2014.81918    -24.35
2014.82192    -24.36
2014.82466    -24.36
2014.82740    -24.37
2014.83014    -24.38
2014.83288    -24.39
2014.83562    -24.39
2014.83836    -24.40
2014.84110    -24.41
2014.84384    -24.42
2014.84658    -24.43
2014.84932    -24.44
2014.85205    -24.45
2014.85479    -24.46
2014.85753    -24.47
2014.86027    -24.48
2014.86301    -24.49
2014.86575    -24.50
2014.86849    -24.51
2014.87123    -24.53
2014.87397    -24.54
2014.87671    -24.55
2014.87945    -24.56
2014.88219    -24.58
2014.88493    -24.59
2014.88767    -24.61
2014.89041    -24.62
2014.89315    -24.64
2014.89589    -24.65
2014.89863    -24.67
2014.90137    -24.69
2014.90411    -24.70
2014.90685    -24.72
2014.90959    -24.74
2014.91233    -24.76
2014.91507    -24.78
2014.91781    -24.80
2014.92055    -24.82
2014.92329    -24.84
2014.92603    -24.86
2014.92877    -24.88
2014.93151    -24.90
2014.93425    -24.92
2014.93699    -24.94
2014.93973    -24.96
2014.94247    -24.99
2014.94521    -25.01
2014.94795    -25.03
2014.95068    -25.05
2014.95342    -25.08
2014.95616    -25.10
2014.95890    -25.13
2014.96164    -25.15
2014.96438    -25.18
2014.96712    -25.20
2014.96986    -25.23
2014.97260    -25.25
2014.97534    -25.28
2014.97808    -25.30
2014.98082    -25.33
2014.98356    -25.35
2014.98630    -25.38
2014.98904    -25.41
2014.99178    -25.43
2014.99452    -25.46
2014.99726    -25.48
2015.00000    -25.51
2015.00274    -25.54
2015.00548    -25.56
2015.00822    -25.59
2015.01096    -25.62
2015.01370    -25.64
2015.01644    -25.67
2015.01918    -25.69
2015.02192    -25.72
2015.02466    -25.75
2015.02740    -25.77
2015.03014    -25.80
2015.03288    -25.82
2015.03562    -25.85
2015.03836    -25.87
2015.04110    -25.90
2015.04384    -25.92
2015.04658    -25.94
2015.04932    -25.97
2015.05205    -25.99
2015.05479    -26.01
2015.05753    -26.03
2015.06027    -26.06
2015.06301    -26.08
2015.06575    -26.10
2015.06849    -26.12
2015.07123    -26.14
2015.07397    -26.16
2015.07671    -26.18
2015.07945    -26.20
2015.08219    -26.22
2015.08493    -26.23
2015.08767    -26.25
2015.09041    -26.27
2015.09315    -26.28
2015.09589    -26.30
2015.09863    -26.31
2015.10137    -26.33
2015.10411    -26.34
2015.10685    -26.35
2015.10959    -26.36
2015.11233    -26.38
2015.11507    -26.39
2015.11781    -26.40
2015.12055    -26.41
2015.12329    -26.42
2015.12603    -26.42
2015.12877    -26.43
2015.13151    -26.44
2015.13425    -26.44
2015.13699    -26.45
2015.13973    -26.45
2015.14247    -26.46
2015.14521    -26.46
2015.14795    -26.46
2015.15068    -26.47
2015.15342    -26.47
2015.15616    -26.47
2015.15890    -26.47
2015.16164    -26.47
2015.16438    -26.46
2015.16712    -26.46
2015.16986    -26.46
2015.17260    -26.45
2015.17534    -26.45
2015.17808    -26.44
2015.18082    -26.44
2015.18356    -26.43
2015.18630    -26.42
2015.18904    -26.42
2015.19178    -26.41
2015.19452    -26.40
2015.19726    -26.39
2015.20000    -26.38
2015.20274    -26.37
2015.20548    -26.36
2015.20822    -26.35
2015.21096    -26.33
2015.21370    -26.32
2015.21644    -26.31
2015.21918    -26.29
2015.22192    -26.28
2015.22466    -26.26
2015.22740    -26.25
2015.23014    -26.23
2015.23288    -26.22
2015.23562    -26.20
2015.23836    -26.18
2015.24110    -26.17
2015.24384    -26.15
2015.24658    -26.13
2015.24932    -26.11
2015.25205    -26.10
2015.25479    -26.08
2015.25753    -26.06
2015.26027    -26.04
2015.26301    -26.02
2015.26575    -26.00
2015.26849    -25.98
2015.27123    -25.97
2015.27397    -25.95
2015.27671    -25.93
2015.27945    -25.91
2015.28219    -25.89
2015.28493    -25.87
2015.28767    -25.85
2015.29041    -25.83
2015.29315    -25.81
2015.29589    -25.79
2015.29863    -25.77
2015.30137    -25.76
2015.30411    -25.74
2015.30685    -25.72
2015.30959    -25.70
2015.31233    -25.68
2015.31507    -25.67
2015.31781    -25.65
2015.32055    -25.63
2015.32329    -25.62
2015.32877    -25.59
2015.33151    -25.57
2015.33425    -25.56
2015.33699    -25.54
2015.33973    -25.53
2015.34247    -25.52
2015.34521    -25.50
2015.34795    -25.49
2015.35068    -25.48
2015.35342    -25.47
2015.35616    -25.46
2015.35890    -25.45
2015.36164    -25.44
2015.36438    -25.43
2015.36712    -25.42
2015.36986    -25.41
2015.37260    -25.41
2015.37534    -25.40
2015.37808    -25.39
2015.38082    -25.39
2015.38356    -25.38
2015.38630    -25.38
2015.38904    -25.38
2015.39178    -25.38
2015.39452    -25.38
2015.39726    -25.37
2015.40000    -25.37
2015.40274    -25.38
2015.40548    -25.38
2015.40822    -25.38
2015.41096    -25.38
2015.41370    -25.39
2015.41644    -25.39
2015.41918    -25.40
2015.42192    -25.40
2015.42466    -25.41
2015.42740    -25.42
2015.43014    -25.42
2015.43288    -25.43
2015.43562    -25.44
2015.43836    -25.45
2015.44110    -25.46
2015.44384    -25.48
2015.44658    -25.49
2015.44932    -25.50
2015.45205    -25.51
2015.45479    -25.53
2015.45753    -25.54
2015.46027    -25.56
2015.46301    -25.58
2015.46575    -25.59
2015.46849    -25.61
2015.47123    -25.63
2015.47397    -25.65
2015.47671    -25.67
2015.47945    -25.69
2015.48219    -25.71
2015.48493    -25.73
2015.48767    -25.75
2015.49041    -25.77
2015.49315    -25.80
2015.49589    -25.82
2015.49863    -25.84
2015.50137    -25.87
2015.50411    -25.89
2015.50685    -25.92
2015.50959    -25.94
2015.51233    -25.97
2015.51507    -25.99
2015.51781    -26.02
2015.52055    -26.04
2015.52329    -26.07
2015.52603    -26.10
2015.52877    -26.13
2015.53151    -26.15
2015.53425    -26.18
2015.53699    -26.21
2015.53973    -26.24
2015.54247    -26.27
2015.54521    -26.29
2015.54795    -26.32
2015.55068    -26.35
2015.55342    -26.38
2015.55616    -26.41
2015.55890    -26.44
2015.56164    -26.46
2015.56438    -26.49
2015.56712    -26.52
2015.56986    -26.55
2015.57260    -26.58
2015.57534    -26.61
2015.57808    -26.63
2015.58082    -26.66
2015.58356    -26.69
2015.58630    -26.72
2015.58904    -26.75
2015.59178    -26.77
2015.59452    -26.80
2015.59726    -26.83
2015.60000    -26.85
2015.60274    -26.88
2015.60548    -26.91
2015.60822    -26.93
2015.61096    -26.96
2015.61370    -26.98
2015.61644    -27.01
2015.61918    -27.03
2015.62192    -27.06
2015.62466    -27.08
2015.62740    -27.10
2015.63014    -27.13
2015.63288    -27.15
2015.63562    -27.17
2015.63836    -27.20
2015.64110    -27.22
2015.64384    -27.24
2015.64658    -27.26
2015.64932    -27.28
2015.65205    -27.30
2015.65479    -27.32
2015.65753    -27.34
2015.66027    -27.36
2015.66301    -27.37
2015.66575    -27.39
2015.66849    -27.41
2015.67123    -27.43
2015.67397    -27.44
2015.67671    -27.46
2015.67945    -27.47
2015.68219    -27.49
2015.68493    -27.50
2015.68767    -27.52
2015.69041    -27.53
2015.69315    -27.54
2015.69589    -27.56
2015.69863    -27.57
2015.70137    -27.58
2015.70411    -27.59
2015.70685    -27.60
2015.70959    -27.62
2015.71233    -27.63
2015.71507    -27.64
2015.71781    -27.65
2015.72055    -27.66
2015.72329    -27.66
2015.72603    -27.67
2015.72877    -27.68
2015.73151    -27.69
2015.73425    -27.70
2015.73699    -27.71
2015.73973    -27.71
2015.74247    -27.72
2015.74521    -27.73
2015.74795    -27.73
2015.75068    -27.74
2015.75342    -27.75
2015.75616    -27.75
2015.75890    -27.76
2015.76164    -27.77
2015.76438    -27.77
2015.76712    -27.78
2015.76986    -27.78
2015.77260    -27.79
2015.77534    -27.79
2015.77808    -27.80
2015.78082    -27.80
2015.78356    -27.81
2015.78630    -27.81
2015.78904    -27.82
2015.79178    -27.82
2015.79452    -27.83
2015.79726    -27.84
2015.80000    -27.84
2015.80274    -27.85
2015.80548    -27.85
2015.80822    -27.86
2015.81096    -27.86
2015.81370    -27.87
2015.81644    -27.88
2015.81918    -27.88
2015.82192    -27.89
2015.82466    -27.90
2015.82740    -27.90
2015.83014    -27.91
2015.83288    -27.92
2015.83562    -27.93
2015.83836    -27.93
2015.84110    -27.94
2015.84384    -27.95
2015.84658    -27.96
2015.84932    -27.97
2015.85205    -27.98
2015.85479    -27.99
2015.85753    -28.00
2015.86027    -28.01
2015.86301    -28.02
2015.86575    -28.03
2015.86849    -28.05
2015.87123    -28.06
2015.87397    -28.07
2015.87671    -28.08
2015.87945    -28.10
2015.88219    -28.11
2015.88493    -28.13
2015.88767    -28.14
2015.89041    -28.16
2015.89315    -28.17
2015.89589    -28.19
2015.89863    -28.20
2015.90137    -28.22
2015.90411    -28.24
2015.90685    -28.25
2015.90959    -28.27
2015.91233    -28.29
2015.91507    -28.31
2015.91781    -28.33
2015.92055    -28.35
2015.92329    -28.37
2015.92603    -28.39
2015.92877    -28.41
2015.93151    -28.43
2015.93425    -28.45
2015.93699    -28.47
2015.93973    -28.50
2015.94247    -28.52
2015.94795    -28.56
2015.95068    -28.59
2015.95342    -28.61
2015.95616    -28.63
2015.95890    -28.66
2015.96164    -28.68
2015.96438    -28.71
2015.96712    -28.73
2015.96986    -28.76
2015.97260    -28.78
2015.97534    -28.81
2015.97808    -28.83
2015.98082    -28.86
2015.98356    -28.89
2015.98630    -28.91
2015.98904    -28.94
2015.99178    -28.96
2015.99452    -28.99
2015.99726    -29.02
2016.00000    -29.04
2016.00273    -29.07
2016.00546    -29.10
2016.00820    -29.12
2016.01093    -29.15
2016.01366    -29.17
2016.01639    -29.20
2016.01913    -29.23
2016.02186    -29.25
2016.02459    -29.28
2016.02732    -29.30
2016.03005    -29.33
2016.03279    -29.35
2016.03552    -29.38
2016.03825    -29.40
2016.04098    -29.43
2016.04372    -29.45
2016.04645    -29.47
2016.04918    -29.50
2016.05191    -29.52
2016.05464    -29.54
2016.05738    -29.57
2016.06011    -29.59
2016.06284    -29.61
2016.06557    -29.63
2016.06831    -29.65
2016.07104    -29.67
2016.07377    -29.69
2016.07650    -29.71
2016.07923    -29.73
2016.08197    -29.75
2016.08470    -29.76
2016.08743    -29.78
2016.09016    -29.80
2016.09290    -29.81
2016.09563    -29.83
2016.10383    -34.58
2016.10656    -35.90
2016.10929    -36.94
2016.11202    -37.80
2016.11475    -38.53
2016.11749    -39.17
2016.12022    -39.74
2016.12295    -40.26
2016.12568    -40.73
2016.12842    -41.17
2016.13115    -41.57
2016.13388    -41.94
2016.13661    -42.30
2016.13934    -42.63
2016.14208    -42.94
2016.14481    -43.24
2016.14754    -43.53
2016.15027    -43.80
2016.15301    -44.06
2016.15574    -44.31
2016.15847    -44.55
2016.16120    -44.77
2016.16393    -45.00
2016.16667    -45.21
2016.16940    -45.42
2016.17213    -45.62
2016.17486    -45.81
2016.17760    -46.00
2016.18033    -46.18
2016.18306    -46.36
2016.18579    -46.53
2016.18852    -46.70
2016.19126    -46.86
2016.19399    -47.02
2016.19672    -47.17
2016.19945    -47.33
2016.20219    -47.47
2016.20492    -47.62
2016.20765    -47.76
2016.21038    -47.90
2016.21311    -48.03
2016.21585    -48.16
2016.21858    -48.29
2016.22131    -48.42
2016.22404    -48.54
2016.22678    -48.66
2016.22951    -48.78
2016.23224    -48.90
2016.23497    -49.01
2016.23770    -49.13
2016.24044    -49.24
2016.24317    -49.34
2016.24590    -49.45
2016.24863    -49.56
2016.25137    -49.66
2016.25410    -49.76
2016.25683    -49.86
2016.25956    -49.96
2016.26230    -50.06
2016.26503    -50.16
2016.26776    -50.25
2016.27049    -50.35
2016.27322    -50.44
2016.27596    -50.53
2016.27869    -50.62
2016.28142    -50.71
2016.28415    -50.80
2016.28689    -50.89
2016.28962    -50.98
2016.29235    -51.06
2016.29508    -51.15
2016.29781    -51.23
2016.30055    -51.32
2016.30328    -51.40
2016.30601    -51.48
2016.30874    -51.57
2016.31148    -51.65
2016.31421    -51.73
2016.31694    -51.81
2016.31967    -51.89
2016.32240    -51.97
2016.32514    -52.05
2016.32787    -52.13
2016.33060    -52.21
2016.33333    -52.29
2016.33607    -52.37
2016.33880    -52.45
2016.34153    -52.53
2016.34426    -52.61
2016.34699    -52.69
2016.34973    -52.77
2016.35246    -52.85
2016.35519    -52.93
2016.35792    -53.01
2016.36066    -53.09
2016.36339    -53.17
2016.36612    -53.25
2016.36885    -53.33
2016.37158    -53.41
2016.37432    -53.49
2016.37705    -53.57
2016.37978    -53.65
2016.38251    -53.73
2016.38525    -53.82
2016.38798    -53.90
2016.39071    -53.98
2016.40437    -54.40
2016.40710    -54.48
2016.40984    -54.57
2016.41257    -54.65
2016.41530    -54.74
2016.41803    -54.82
2016.42077    -54.91
2016.42350    -55.00
2016.42623    -55.08
2016.42896    -55.17
2016.43169    -55.26
2016.43443    -55.35
2016.43716    -55.44
2016.43989    -55.53
2016.44262    -55.62
2016.44536    -55.71
2016.44809    -55.80
2016.45082    -55.89
2016.45355    -55.98
2016.45628    -56.07
2016.45902    -56.17
2016.46175    -56.26
2016.46448    -56.35
2016.46721    -56.45
2016.46995    -56.54
2016.47268    -56.63
2016.47541    -56.73
2016.47814    -56.82
2016.48087    -56.92
2016.48361    -57.02
2016.48634    -57.11
2016.48907    -57.21
2016.49180    -57.30
2016.49454    -57.40
2016.49727    -57.50
2016.50000    -57.60
2016.50273    -57.69
2016.50546    -57.79
2016.50820    -57.89
2016.51093    -57.99
2016.51366    -58.08
2016.51639    -58.18
2016.51913    -58.28
2016.52186    -58.38
2016.52459    -58.48
2016.52732    -58.58
2016.53005    -58.68
2016.53279    -58.78
2016.54918    -59.37
2016.55191    -59.47
2016.57104    -60.15
2016.57377    -60.25
2016.57650    -60.35
2016.57923    -60.44
2016.58197    -60.54
2016.58470    -60.64
2016.58743    -60.73
2016.59016    -60.83
2016.59290    -60.92
2016.59563    -61.02
2016.59836    -61.11
2016.60109    -61.21
2016.60383    -61.30
2016.60656    -61.39
2016.60929    -61.49
2016.61202    -61.58
2016.61475    -61.67
2016.61749    -61.76
2016.62022    -61.85
2016.62295    -61.94
2016.62568    -62.03
2016.62842    -62.12
2016.63115    -62.21
2016.63388    -62.30
2016.63661    -62.39
2016.64208    -62.57
2016.64481    -62.65
2016.64754    -62.74
2016.65027    -62.82
2016.65301    -62.91
2016.65574    -62.99
2016.65847    -63.08
2016.66120    -63.16
2016.66393    -63.24
2016.66667    -63.33
2016.66940    -63.41
2016.67213    -63.49
2016.67486    -63.57
2016.67760    -63.65
2016.68033    -63.73
2016.68306    -63.81
2016.68579    -63.89
2016.68852    -63.97
2016.69126    -64.04
2016.69399    -64.12
2016.69672    -64.20
2016.69945    -64.27
2016.70219    -64.35
2016.70492    -64.42
2016.70765    -64.50
2016.71038    -64.57
2016.71311    -64.65
2016.71585    -64.72
2016.71858    -64.79
2016.72131    -64.86
2016.72404    -64.94
2016.72678    -65.01
2016.72951    -65.08
2016.73224    -65.15
2016.73497    -65.22
2016.74317    -65.43
2016.74590    -65.50
2016.74863    -65.57
2016.75137    -65.64
2016.75410    -65.70
2016.75683    -65.77
2016.75956    -65.84
2016.76230    -65.91
2016.76503    -65.98
2016.76776    -66.04
2016.77049    -66.11
2016.77322    -66.18
2016.77596    -66.24
2016.77869    -66.31
2016.78142    -66.38
2016.78415    -66.44
2016.78689    -66.51
2016.78962    -66.58
2016.79235    -66.64
2016.79508    -66.71
2016.79781    -66.78
2016.80055    -66.84
2016.80328    -66.91
2016.80601    -66.97
2016.80874    -67.04
2016.81148    -67.11
2016.81421    -67.17
2016.81694    -67.24
2016.81967    -67.31
2016.82240    -67.37
2016.82514    -67.44
2016.82787    -67.51
2016.83607    -67.71
2016.84153    -67.85
2016.84699    -67.99
2016.84973    -68.06
2016.85519    -68.20
2016.85792    -68.27
2016.86339    -68.41
2016.86612    -68.48
2016.86885    -68.55
2016.87158    -68.62
2016.87432    -68.69
2016.87705    -68.76
2016.88251    -68.91
2016.88525    -68.98
2016.88798    -69.06
2016.89071    -69.13
2016.89344    -69.20
2016.89617    -69.28
2016.89891    -69.35
2016.90164    -69.43
2016.90437    -69.51
2016.90710    -69.58
2016.90984    -69.66
2016.91257    -69.74
2016.91530    -69.81
2016.91803    -69.89
2016.92077    -69.97
2016.92350    -70.05
2016.92623    -70.12
2016.92896    -70.20
2016.93169    -70.28
2016.93443    -70.36
2016.93716    -70.44
2016.93989    -70.52
2016.94262    -70.60
2016.94536    -70.68
2016.94809    -70.76
2016.95082    -70.85
2016.95355    -70.93
2016.95628    -71.01
2016.95902    -71.09
2016.96175    -71.17
2016.96448    -71.25
2016.96721    -71.34
2016.96995    -71.42
2016.97268    -71.50
2016.97541    -71.59
2016.97814    -71.67
2016.98087    -71.75
2016.98361    -71.83
2016.98634    -71.92
2016.98907    -72.00
2016.99180    -72.08
2016.99454    -72.17
2016.99727    -72.25
2017.00000    -72.33
2017.00274    -72.42
2017.00548    -72.50
2017.00822    -72.58
2017.01096    -72.67
2017.01370    -72.75
2017.01644    -72.83
2017.01918    -72.92
2017.02192    -73.00
2017.02466    -73.08
2017.02740    -73.16
2017.03014    -73.25
2017.03288    -73.33
2017.03562    -73.41
2017.03836    -73.49
2017.04110    -73.57
2017.04384    -73.65
2017.04658    -73.73
2017.04932    -73.81
2017.05205    -73.89
2017.05479    -73.97
2017.05753    -74.05
2017.06027    -74.13
2017.06301    -74.21
2017.06575    -74.28
2017.06849    -74.36
2017.07123    -74.44
2017.07397    -74.51
2017.07671    -74.59
2017.07945    -74.66
2017.08219    -74.74
2017.08493    -74.81
2017.08767    -74.89
2017.09041    -74.96
2017.09315    -75.03
2017.09589    -75.10
2017.09863    -75.17
2017.10137    -75.24
2017.10411    -75.31
2017.10685    -75.38
2017.10959    -75.45
2017.11233    -75.51
2017.11507    -75.58
2017.11781    -75.65
2017.12055    -75.71
2017.12329    -75.78
2017.12603    -75.84
2017.12877    -75.90
2017.13151    -75.97
2017.13425    -76.03
2017.13699    -76.09
2017.13973    -76.15
2017.14247    -76.21
2017.14521    -76.27
2017.14795    -76.32
2017.15068    -76.38
2017.15616    -76.49
2017.15890    -76.55
2017.16164    -76.60
2017.16438    -76.65
2017.16712    -76.71
2017.16986    -76.76
2017.17260    -76.81
2017.17534    -76.86
2017.17808    -76.91
2017.18082    -76.96
2017.18356    -77.01
2017.18630    -77.06
2017.18904    -77.10
2017.19178    -77.15
2017.19452    -77.20
2017.19726    -77.24
2017.20000    -77.29
2017.20274    -77.33
2017.20548    -77.37
2017.20822    -77.42
2017.21096    -77.46
2017.21370    -77.50
2017.21644    -77.54
2017.21918    -77.58
2017.22192    -77.62
2017.22466    -77.66
2017.22740    -77.70
2017.23014    -77.74
2017.23288    -77.78
2017.23562    -77.82
2017.23836    -77.86
2017.24110    -77.89
2017.24384    -77.93
2017.24658    -77.97
2017.24932    -78.00
2017.25205    -78.04
2017.25479    -78.08
2017.25753    -78.11
2017.26027    -78.15
2017.26301    -78.18
2017.26575    -78.22
2017.26849    -78.25
2017.27123    -78.29
2017.27397    -78.32
2017.27671    -78.36
2017.27945    -78.39
2017.28219    -78.43
2017.28493    -78.46
2017.28767    -78.50
2017.29041    -78.53
2017.29315    -78.57
2017.29589    -78.60
2017.29863    -78.64
2017.30137    -78.67
2017.30411    -78.71
2017.30685    -78.74
2017.30959    -78.78
2017.31233    -78.82
2017.31507    -78.85
2017.31781    -78.89
2017.32055    -78.93
2017.32329    -78.96
2017.32603    -79.00
2017.32877    -79.04
2017.33151    -79.08
2017.33425    -79.12
2017.33699    -79.16
2017.33973    -79.20
2017.34247    -79.24
2017.34521    -79.28
2017.34795    -79.32
2017.35068    -79.36
2017.35342    -79.40
2017.35616    -79.45
2017.35890    -79.49
2017.36164    -79.53
2017.36438    -79.58
2017.36712    -79.62
2017.36986    -79.67
2017.37260    -79.72
2017.37534    -79.76
2017.37808    -79.81
2017.38082    -79.86
2017.38356    -79.91
2017.38630    -79.96
2017.38904    -80.01
2017.39178    -80.06
2017.39452    -80.11
2017.39726    -80.16
2017.40000    -80.22
2017.40274    -80.27
2017.40548    -80.33
2017.40822    -80.38
2017.41096    -80.44
2017.41370    -80.49
2017.41644    -80.55
2017.41918    -80.61
2017.42192    -80.67
2017.42466    -80.73
2017.42740    -80.79
2017.43014    -80.85
2017.43288    -80.91
2017.43562    -80.97
2017.43836    -81.04
2017.44110    -81.10
2017.44384    -81.17
2017.44658    -81.23
2017.44932    -81.30
2017.45205    -81.36
2017.45479    -81.43
2017.45753    -81.50
2017.46301    -81.64
2017.46575    -81.71
2017.46849    -81.78
2017.47123    -81.85
2017.47397    -81.92
2017.47671    -81.99
2017.47945    -82.06
2017.48219    -82.14
2017.48493    -82.21
2017.48767    -82.28
2017.49041    -82.36
2017.49315    -82.43
2017.49589    -82.51
2017.49863    -82.59
2017.50137    -82.66
2017.50411    -82.74
2017.50685    -82.82
2017.50959    -82.89
2017.51233    -82.97
2017.51507    -83.05
2017.51781    -83.13
2017.52055    -83.21
2017.52603    -83.37
2017.52877    -83.44
2017.53151    -83.52
2017.53425    -83.60
2017.53699    -83.68
2017.53973    -83.77
2017.54247    -83.85
2017.54521    -83.93
2017.54795    -84.01
2017.55068    -84.09
2017.55616    -84.25
2017.55890    -84.33
2017.56164    -84.41
2017.56438    -84.49
2017.56712    -84.57
2017.56986    -84.65
2017.57260    -84.73
2017.57534    -84.81
2017.57808    -84.89
2017.58082    -84.97
2017.58356    -85.05
2017.58630    -85.13
2017.58904    -85.21
2017.59178    -85.29
2017.59452    -85.37
2017.59726    -85.45
2017.60000    -85.53
2017.60274    -85.61
2017.60548    -85.68
2017.60822    -85.76
2017.61096    -85.84
2017.61370    -85.92
2017.61644    -85.99
2017.61918    -86.07
2017.62192    -86.15
2017.62466    -86.22
2017.62740    -86.30
2017.63014    -86.37
2017.63288    -86.45
2017.63562    -86.52
2017.63836    -86.59
2017.64110    -86.67
2017.64384    -86.74
2017.64658    -86.81
2017.64932    -86.88
2017.65205    -86.96
2017.65479    -87.03
2017.65753    -87.10
2017.66027    -87.17
2017.66301    -87.24
2017.66575    -87.31
2017.66849    -87.38
2017.67123    -87.44
2017.67397    -87.51
2017.67671    -87.58
2017.67945    -87.65
2017.68219    -87.71
2017.68493    -87.78
2017.68767    -87.84
2017.69041    -87.91
2017.69315    -87.97
2017.69589    -88.04
2017.69863    -88.10
2017.70137    -88.17
2017.70411    -88.23
2017.70685    -88.29
2017.70959    -88.35
2017.71233    -88.42
2017.71507    -88.48
2017.71781    -88.54
2017.72055    -88.60
2017.72329    -88.66
2017.72603    -88.72
2017.72877    -88.78
2017.73151    -88.84
2017.73425    -88.90
2017.73699    -88.96
2017.73973    -89.02
2017.74247    -89.07
2017.74521    -89.13
2017.74795    -89.19
2017.75068    -89.25
2017.75342    -89.31
2017.75616    -89.36
2017.75890    -89.42
2017.76164    -89.48
2017.76438    -89.53
2017.76712    -89.59
2017.76986    -89.65
2017.77260    -89.70
2017.77534    -89.76
2017.77808    -89.82
2017.78082    -89.87
2017.78630    -89.99
2017.78904    -90.04
2017.79178    -90.10
2017.79452    -90.15
2017.79726    -90.21
2017.80000    -90.27
2017.80274    -90.32
2017.80548    -90.38
2017.80822    -90.44
2017.81096    -90.49
2017.81370    -90.55
2017.81644    -90.61
2017.81918    -90.67
2017.82192    -90.72
2017.82466    -90.78
2017.82740    -90.84
2017.83014    -90.90
2017.83288    -90.96
2017.83562    -91.01
2017.83836    -91.07
2017.84110    -91.13
2017.84384    -91.19
2017.84658    -91.25
2017.84932    -91.31
2017.85205    -91.37
2017.85479    -91.43
2017.85753    -91.49
2017.86301    -91.62
2017.86575    -91.68
2017.86849    -91.74
2017.87123    -91.81
2017.87397    -91.87
2017.87671    -91.93
2017.87945    -92.00
2017.88219    -92.06
2017.88493    -92.13
2017.88767    -92.19
2017.89041    -92.26
2017.89315    -92.32
2017.89589    -92.39
2017.89863    -92.46
2017.90137    -92.52
2017.90411    -92.59
2017.90685    -92.66
2017.90959    -92.73
2017.91233    -92.80
2017.91507    -92.87
2017.91781    -92.94
2017.92055    -93.01
2017.92329    -93.08
2017.92603    -93.15
2017.92877    -93.22
2017.93151    -93.29
2017.93425    -93.36
2017.93699    -93.43
2017.93973    -93.51
2017.94247    -93.58
2017.94521    -93.65
2017.94795    -93.73
2017.95342    -93.87
2017.95616    -93.95
2017.95890    -94.02
2017.96164    -94.10
2017.96438    -94.17
2017.96712    -94.25
2017.96986    -94.32
2017.97260    -94.40
2017.97534    -94.47
2017.97808    -94.55
2017.98082    -94.63
2017.98356    -94.70
2017.98630    -94.78
2017.98904    -94.86
2017.99178    -94.93
2017.99452    -95.01
2017.99726    -95.09
2018.00000    -95.16
2018.00274    -95.24
2018.00548    -95.31
2018.00822    -95.39
2018.01096    -95.47
2018.01370    -95.54
2018.01644    -95.62
2018.01918    -95.70
2018.02192    -95.77
2018.02466    -95.85
2018.02740    -95.92
2018.03014    -96.00
2018.03288    -96.07
2018.03562    -96.15
2018.03836    -96.22
2018.04110    -96.30
2018.04384    -96.37
2018.04658    -96.45
2018.04932    -96.52
2018.05205    -96.59
2018.05479    -96.67
2018.05753    -96.74
2018.06027    -96.81
2018.06301    -96.88
2018.06575    -96.95
2018.06849    -97.02
2018.07123    -97.09
2018.07397    -97.16
2018.07671    -97.23
2018.07945    -97.30
2018.08219    -97.37
2018.08493    -97.44
2018.08767    -97.50
2018.09041    -97.57
2018.09315    -97.64
2018.09589    -97.70
2018.09863    -97.77
2018.10137    -97.83
2018.10411    -97.89
2018.10685    -97.96
2018.10959    -98.02
2018.11233    -98.08
2018.11507    -98.14
2018.11781    -98.20
2018.12055    -98.26
2018.12329    -98.32
2018.12603    -98.38
2018.12877    -98.43
2018.13151    -98.49
2018.13425    -98.55
2018.13699    -98.60
2018.13973    -98.65
2018.14247    -98.71
2018.14521    -98.76
2018.14795    -98.81
2018.15068    -98.86
2018.15342    -98.92
2018.15616    -98.97
2018.15890    -99.01
2018.16164    -99.06
