2012.00000	  -8.740	   3.000
2012.00273	  -6.950	   2.990
2012.00546	  -7.670	   2.930
2012.00820	  -7.210	   2.880
2012.01093	  -7.970	   2.920
2012.01366	  -7.540	   2.900
2012.01639	  -6.530	   2.980
2012.01913	  -9.290	   2.940
2012.02186	  -9.710	   3.140
2012.02459	  -9.330	   2.970
2012.02732	  -9.150	   3.090
2012.03005	  -7.950	   3.340
2012.03279	  -7.980	   2.890
2012.03552	  -9.690	   2.910
2012.03825	  -9.320	   2.840
2012.04098	  -7.760	   3.080
2012.04372	  -9.690	   3.290
2012.04645	 -10.600	   3.060
2012.04918	 -10.380	   2.980
2012.05191	 -10.940	   3.030
2012.05464	 -10.100	   3.100
2012.05738	  -9.020	   3.040
2012.06011	  -9.270	   3.120
2012.06284	 -13.080	   3.050
2012.06557	 -10.210	   2.960
2012.06831	 -11.120	   2.940
2012.07104	  -9.930	   2.890
2012.07377	 -11.620	   3.070
2012.07650	 -11.460	   2.980
2012.07923	  -7.860	   3.070
2012.08197	  -9.580	   3.190
2012.08470	 -10.040	   2.940
2012.08743	 -10.940	   3.000
2012.09016	 -11.510	   3.010
2012.09290	 -11.780	   2.960
2012.09563	  -8.620	   3.170
2012.09836	  -8.960	   3.600
2012.10109	  -7.970	   4.150
2012.10383	  -9.010	   3.510
2012.10656	  -9.170	   2.910
2012.10929	  -7.900	   2.870
2012.11202	  -9.230	   2.980
2012.11475	  -7.130	   2.990
2012.11749	  -8.930	   3.050
2012.12022	  -8.710	   3.270
2012.12295	  -5.180	   3.320
2012.12568	 -10.360	   3.960
2012.12842	  -8.510	   3.050
2012.13115	 -11.880	   3.040
2012.13388	 -11.790	   3.250
2012.13661	  -9.500	   3.310
2012.13934	  -8.190	   3.320
2012.14208	  -8.190	   3.770
2012.14481	  -9.090	   3.670
2012.14754	  -8.440	   3.480
2012.15027	  -9.440	   3.680
2012.15301	 -10.230	   3.390
2012.15574	 -10.380	   3.190
2012.15847	 -12.400	   3.030
2012.16120	 -12.150	   3.450
2012.16393	 -10.830	   3.160
2012.16667	 -13.260	   3.280
2012.16940	 -12.940	   3.400
2012.17213	 -12.470	   3.310
2012.17486	 -11.150	   3.480
2012.17760	 -10.290	   3.650
2012.18033	 -13.040	   3.480
2012.18306	 -13.410	   3.490
2012.18579	 -11.110	   3.660
2012.18852	 -10.040	   3.580
2012.19126	  -9.580	   3.480
2012.19399	 -10.620	   3.610
2012.19672	 -11.870	   3.940
2012.19945	 -12.280	   3.580
2012.20219	 -12.380	   3.540
2012.20492	 -14.700	   3.560
2012.20765	 -13.410	   3.760
2012.21038	 -10.750	   3.720
2012.21311	 -13.040	   3.400
2012.21585	 -15.540	   3.450
2012.21858	 -12.390	   3.490
2012.22131	 -15.320	   3.410
2012.22404	 -12.020	   3.520
2012.22678	 -11.450	   3.810
2012.22951	 -13.830	   3.410
2012.23224	 -15.050	   3.400
2012.23497	 -14.240	   3.600
2012.23770	 -14.600	   3.500
2012.24044	 -10.440	   4.480
2012.24317	 -11.410	   3.420
2012.24590	 -13.380	   3.360
2012.24863	 -12.050	   3.350
2012.25137	 -16.510	   3.530
2012.25410	 -12.610	   3.640
2012.25683	 -15.110	   3.450
2012.25956	 -11.340	   3.350
2012.26230	 -12.630	   3.220
2012.26503	 -12.600	   3.860
2012.26776	 -14.290	   3.470
2012.27049	 -12.970	   3.300
2012.27322	 -14.420	   3.560
2012.27596	 -11.650	   3.360
2012.27869	 -12.970	   3.340
2012.28142	 -12.180	   3.470
2012.28415	 -14.920	   3.520
2012.28689	 -13.370	   3.200
2012.28962	 -13.840	   3.170
2012.29235	 -10.000	   3.920
2012.29508	 -11.160	   3.710
2012.29781	 -12.850	   3.300
2012.30055	 -10.870	   3.410
2012.30328	 -11.440	   3.950
2012.30601	  -9.970	   3.630
2012.30874	  -9.730	   3.530
2012.31148	  -8.520	   4.150
2012.31421	  -9.630	   3.400
2012.31694	 -11.680	   6.590
2012.31967	 -11.820	   3.820
2012.32240	  -9.030	   4.300
2012.32514	 -11.440	   3.880
2012.32787	  -8.960	   5.020
2012.33060	  -7.210	   4.250
2012.33333	 -11.310	   3.800
2012.33607	 -12.140	   5.480
2012.33880	  -6.750	   4.110
2012.34153	 -10.060	   4.160
2012.34426	  -9.440	   3.350
2012.34699	  -9.660	   3.010
2012.34973	 -11.170	   3.450
2012.35246	  -8.970	   3.390
2012.35519	 -11.160	   3.520
2012.35792	 -13.470	   4.500
2012.36066	 -12.310	   3.280
2012.36339	  -8.970	   3.350
2012.36612	  -8.900	   3.350
2012.36885	 -10.900	   3.430
2012.37158	 -10.230	   3.410
2012.37432	 -10.720	   3.530
2012.37705	 -13.700	   3.870
2012.37978	 -10.620	   3.280
2012.38251	 -10.970	   4.790
2012.38525	 -10.010	   3.730
2012.38798	  -9.020	   3.650
2012.39071	 -12.890	   3.380
2012.39344	  -9.060	   3.570
2012.39617	 -10.170	   3.400
2012.39891	  -9.410	   3.310
2012.40164	  -9.130	   3.860
2012.40437	 -14.410	   4.140
2012.40710	  -9.770	   3.440
2012.40984	 -12.520	   4.530
2012.41257	  -7.010	   3.880
2012.41530	 -13.360	   3.610
2012.41803	 -11.380	   3.150
2012.42077	  -8.510	   3.210
2012.42350	  -9.740	   3.460
2012.42623	 -14.250	   3.310
2012.42896	 -12.060	   3.420
2012.43169	 -11.000	   3.440
2012.43443	 -10.270	   3.850
2012.43716	 -11.170	   4.730
2012.53005	 -10.430	   6.140
2012.53279	 -12.330	   3.880
2012.53552	 -14.600	   4.400
2012.53825	 -15.740	   4.250
2012.54098	 -11.870	   3.580
2012.54372	 -12.050	   3.870
2012.54645	 -15.010	   3.610
2012.54918	 -11.630	   4.100
2012.55191	 -14.500	   3.720
2012.55464	 -17.510	   3.950
2012.55738	 -12.560	   3.790
2012.56011	 -13.800	   3.580
2012.56284	 -13.890	   3.820
2012.56557	 -10.350	   3.860
2012.56831	 -10.250	   3.530
2012.57104	  -9.990	   3.680
2012.57377	 -13.570	   3.440
2012.57650	 -11.950	   4.040
2012.57923	 -11.860	   3.490
2012.58197	 -14.170	   3.770
2012.58470	 -11.760	   3.950
2012.58743	 -12.020	   4.110
2012.59016	 -11.680	   4.870
2012.59563	 -11.120	   4.500
2012.59836	 -13.820	   4.850
2012.60109	 -14.370	   6.450
2012.60929	 -12.100	   5.110
2012.61202	 -12.960	   4.050
2012.61475	 -12.760	   3.740
2012.61749	 -10.410	   3.690
2012.62022	 -14.520	   3.810
2012.62295	 -14.010	   3.950
2012.62568	 -16.050	   3.640
2012.62842	 -12.950	   3.660
2012.63115	 -11.810	   4.010
2012.63388	  -6.780	   4.300
2012.63661	 -13.600	   3.910
2012.63934	 -11.920	   4.590
2012.64208	  -9.350	   4.050
2012.64481	 -11.270	   4.400
2012.64754	  -9.040	   4.590
2012.65027	 -12.150	   4.080
2012.65301	 -11.600	   4.010
2012.65574	 -14.790	   4.750
2012.65847	 -15.930	   4.610
2012.66120	 -14.300	   4.650
2012.66393	  -8.760	   4.770
2012.66667	  -8.980	   4.480
2012.66940	 -15.740	   4.300
2012.67213	 -13.710	   4.060
2012.67486	 -15.590	   3.980
2012.67760	 -12.560	   3.670
2012.68033	 -12.000	   3.860
2012.68306	 -14.280	   3.780
2012.68579	 -12.020	   3.920
2012.68852	 -10.410	   4.330
2012.69126	 -16.330	   4.170
2012.69399	 -14.150	   4.310
2012.69672	 -12.440	   3.860
2012.69945	 -12.280	   3.850
2012.70219	 -16.730	   5.230
2012.70492	 -18.000	   4.280
2012.70765	 -16.470	   3.310
2012.71038	 -16.500	   3.410
2012.71311	 -17.130	   3.390
2012.71585	 -17.660	   3.710
2012.71858	 -14.830	   3.540
2012.72131	 -18.060	   3.600
2012.72404	 -13.830	   3.640
2012.72678	 -15.590	   3.510
2012.73224	 -17.550	   3.900
2012.73497	 -15.000	   3.910
2012.73770	 -16.970	   4.340
2012.74044	 -14.790	   4.210
2012.74317	 -15.820	   4.080
2012.74590	 -15.530	   3.790
2012.74863	 -16.490	   3.550
2012.75137	 -16.170	   3.660
2012.75410	 -13.820	   3.910
2012.75683	 -13.510	   3.940
2012.75956	 -13.730	   3.610
2012.76230	 -14.170	   3.380
2012.76503	 -19.900	   3.630
2012.76776	 -15.570	   3.480
2012.77049	 -15.760	   3.240
2012.77322	 -17.250	   3.160
2012.77596	 -18.420	   3.410
2012.77869	 -16.320	   3.440
2012.78142	 -15.740	   3.470
2012.78415	 -17.150	   3.170
2012.78689	 -18.730	   3.170
2012.78962	 -17.680	   3.210
2012.79235	 -15.520	   3.390
2012.79508	 -14.530	   3.620
2012.79781	 -15.790	   3.690
2012.80055	 -17.260	   3.410
2012.80328	 -17.810	   3.360
2012.80601	 -15.430	   3.480
2012.80874	 -15.300	   3.300
2012.81148	 -16.370	   3.440
2012.81421	 -17.140	   3.300
2012.81694	 -16.690	   3.630
2012.81967	 -14.000	   3.970
2012.82240	 -11.690	   4.390
2012.82514	 -16.960	   3.300
2012.82787	 -16.180	   3.920
2012.83060	 -17.740	   3.380
2012.83333	 -16.650	   3.560
2012.83607	 -16.930	   4.240
2012.83880	 -17.900	   4.250
2012.84153	 -17.320	   4.450
2012.84426	 -15.890	   4.260
2012.84699	 -16.750	   3.650
2012.84973	 -15.140	   3.540
2012.85246	 -15.240	   3.590
2012.85519	 -16.050	   3.420
2012.85792	 -17.430	   3.460
2012.86066	 -15.740	   3.870
2012.86339	 -15.990	   3.860
2012.86612	 -14.750	   3.550
2012.86885	 -17.060	   3.620
2012.87158	 -18.150	   3.560
2012.87432	 -19.050	   3.690
2012.87705	 -16.250	   4.060
2012.87978	 -19.730	   3.800
2012.88251	 -17.360	   3.970
2012.88525	 -16.460	   3.870
2012.88798	 -16.100	   3.690
2012.89071	 -16.510	   4.170
2012.89344	 -20.310	   4.050
2012.89617	 -19.370	   4.090
2012.89891	 -18.590	   3.090
2012.90164	 -19.250	   3.330
2012.90437	 -14.340	   3.380
2012.90710	 -18.080	   3.220
2012.90984	 -18.590	   3.450
2012.91257	 -17.210	   3.180
2012.91530	 -17.370	   3.240
2012.91803	 -18.440	   4.040
2012.92077	 -18.310	   3.770
2012.92350	 -16.340	   3.790
2012.92623	 -17.760	   3.430
2012.92896	 -19.250	   4.190
2012.93169	 -19.120	   3.750
2012.93443	 -16.470	   3.560
2012.93716	 -16.870	   3.730
2012.93989	 -14.350	   3.690
2012.94262	 -17.240	   3.330
2012.94536	 -15.310	   3.260
2012.94809	 -15.470	   3.380
2012.95082	 -15.250	   3.440
2012.95355	 -16.240	   3.000
2012.95628	 -15.190	   3.290
2012.95902	 -17.000	   3.230
2012.96175	 -15.650	   3.170
2012.96448	 -18.720	   3.070
2012.96721	 -16.930	   2.980
2012.96995	 -17.830	   2.950
2012.97268	 -16.020	   2.990
2012.97541	 -16.920	   3.120
2012.97814	 -19.680	   3.070
2012.98087	 -19.150	   2.960
2012.98361	 -17.510	   2.980
2012.98634	 -16.870	   3.000
2012.98907	 -18.150	   3.150
2012.99180	 -15.900	   3.120
2012.99454	 -17.970	   3.820
2012.99727	 -16.390	   3.190
2013.00000	 -17.650	   2.880
2013.00274	 -20.010	   3.250
2013.00548	 -17.340	   3.360
2013.00822	 -18.040	   3.180
2013.01096	 -16.990	   3.040
2013.01370	 -20.210	   3.270
2013.01644	 -18.460	   3.380
2013.01918	 -19.900	   3.370
2013.02192	 -17.600	   3.400
2013.02466	 -17.850	   3.080
2013.02740	 -17.290	   3.240
2013.03014	 -17.540	   3.230
2013.03288	 -19.410	   3.870
2013.03562	 -15.540	   3.570
2013.03836	 -17.570	   3.000
2013.04110	 -19.580	   2.880
2013.04384	 -18.890	   3.140
2013.04658	 -18.950	   2.920
2013.04932	 -18.850	   2.920
2013.05205	 -18.320	   2.960
2013.05479	 -19.960	   3.100
2013.05753	 -19.210	   2.820
2013.06027	 -19.670	   2.960
2013.06301	 -19.460	   3.050
2013.06575	 -19.190	   2.980
2013.06849	 -19.020	   3.000
2013.07123	 -19.730	   2.940
2013.07397	 -19.340	   3.030
2013.07671	 -21.620	   2.820
2013.07945	 -21.280	   2.890
2013.08219	 -20.830	   3.270
2013.08493	 -21.420	   3.180
2013.08767	 -19.150	   3.640
2013.09041	 -19.600	   3.490
2013.09315	 -20.300	   3.130
2013.09589	 -21.250	   3.190
2013.09863	 -23.390	   3.560
2013.10137	 -20.540	   3.280
2013.10411	 -20.030	   3.140
2013.10685	 -21.080	   3.030
2013.10959	 -22.990	   3.190
2013.11233	 -19.610	   3.260
2013.11507	 -20.770	   3.090
2013.11781	 -21.000	   3.120
2013.12055	 -20.930	   3.460
2013.12329	 -22.110	   3.250
2013.12603	 -21.770	   3.530
2013.12877	 -21.110	   3.090
2013.13151	 -20.010	   3.220
2013.13425	 -21.510	   3.330
2013.13699	 -22.130	   3.360
2013.13973	 -25.290	   3.890
2013.14247	 -20.420	   3.410
2013.14521	 -20.480	   3.860
2013.14795	 -21.160	   3.380
2013.15342	 -20.710	   3.320
2013.15616	 -22.950	   3.340
2013.15890	 -21.200	   3.250
2013.16164	 -22.610	   3.220
2013.16438	 -21.730	   3.770
2013.16712	 -23.040	   3.380
2013.16986	 -22.230	   3.270
2013.17260	 -21.610	   3.250
2013.17534	 -23.080	   3.970
2013.17808	 -23.480	   3.630
2013.18082	 -21.250	   4.000
2013.18356	 -24.670	   3.360
2013.18630	 -20.920	   3.660
2013.18904	 -24.600	   3.990
2013.19178	 -25.140	   3.800
2013.19452	 -23.430	   3.730
2013.19726	 -22.850	   4.080
2013.20000	 -22.960	   3.550
2013.20274	 -22.550	   3.510
2013.20548	 -23.030	   3.660
2013.20822	 -21.490	   4.080
2013.21096	 -24.210	   3.630
2013.21370	 -23.050	   3.740
2013.21644	 -26.470	   4.140
2013.21918	 -26.530	   3.980
2013.22192	 -24.420	   3.740
2013.22466	 -25.810	   4.020
2013.22740	 -22.740	   4.600
2013.23014	 -24.210	   3.500
2013.23288	 -26.080	   4.020
2013.23562	 -25.400	   3.540
2013.23836	 -24.890	   4.090
2013.24110	 -24.930	   3.910
2013.24384	 -23.530	   3.510
2013.24658	 -22.130	   3.540
2013.24932	 -23.890	   3.620
2013.25205	 -27.250	   3.780
2013.25479	 -27.280	   4.410
2013.25753	 -20.300	   4.280
2013.26027	 -24.820	   5.750
2013.26301	 -22.060	   4.060
2013.26575	 -24.070	   3.670
2013.26849	 -24.580	   3.600
2013.27123	 -22.880	   4.280
2013.27397	 -22.620	   3.760
2013.27671	 -21.410	   3.810
2013.27945	 -25.140	   4.120
2013.28219	 -23.230	   3.770
2013.28493	 -21.090	   3.760
2013.28767	 -24.380	   3.840
2013.29041	 -20.260	   3.960
2013.29315	 -22.100	   4.160
2013.29589	 -22.630	   4.050
2013.29863	 -23.660	   4.060
2013.30137	 -22.880	   4.140
2013.30411	 -24.480	   3.540
2013.30685	 -23.910	   3.580
2013.31233	 -22.120	   3.650
2013.31507	 -21.650	   4.000
2013.31781	 -22.470	   3.810
2013.32055	 -22.520	   4.370
2013.32329	 -21.280	   3.960
2013.32603	 -21.000	   3.510
2013.32877	 -24.090	   4.250
2013.33151	 -21.250	   4.040
2013.33425	 -21.540	   4.250
2013.33699	 -21.440	   4.100
2013.33973	 -22.480	   3.830
2013.34247	 -21.760	   4.440
2013.34521	 -22.920	   5.270
2013.34795	 -23.150	   4.050
2013.35068	 -23.500	   3.900
2013.35342	 -22.320	   4.030
2013.35616	 -25.050	   4.840
2013.35890	 -25.370	   4.190
2013.36164	 -25.170	   4.200
2013.36438	 -20.900	   4.600
2013.36712	 -19.500	   4.930
2013.36986	 -24.050	   5.300
2013.37260	 -23.720	   6.320
2013.37534	 -16.850	   4.930
2013.37808	 -17.100	   5.690
2013.38082	 -23.970	   5.350
2013.38356	 -21.270	   5.480
2013.38630	 -21.630	   4.050
2013.38904	 -23.720	   4.650
2013.39178	 -17.940	   4.470
2013.39452	 -21.810	   4.500
2013.39726	 -21.230	   4.430
2013.40000	 -22.480	   4.020
2013.40274	 -19.840	   4.220
2013.40548	 -22.770	   3.960
2013.40822	 -19.430	   4.050
2013.41096	 -25.140	   4.860
2013.41370	 -27.150	   4.580
2013.41644	 -24.190	   4.210
2013.41918	 -23.910	   4.170
2013.42192	 -22.860	   4.500
2013.42466	 -22.170	   4.120
2013.42740	 -21.670	   4.520
2013.43014	 -23.520	   4.510
2013.43288	 -29.250	   4.530
2013.43562	 -23.760	   4.860
2013.43836	 -24.570	   4.540
2013.44110	 -26.690	   4.320
2013.44384	 -22.290	   4.660
2013.44658	 -22.420	   5.420
2013.44932	 -16.950	   4.780
2013.45205	 -23.740	   4.110
2013.45479	 -26.710	   3.850
2013.45753	 -25.380	   4.470
2013.46027	 -21.770	   5.060
2013.46301	 -24.090	   4.580
2013.46575	 -22.770	   4.470
2013.46849	 -25.070	   4.380
2013.47123	 -24.210	   4.380
2013.47397	 -24.180	   4.100
2013.47671	 -19.860	   5.040
2013.47945	 -23.060	   4.210
2013.48219	 -19.740	   4.310
2013.48493	 -24.790	   4.100
2013.48767	 -22.570	   3.680
2013.49041	 -22.160	   3.730
2013.49315	 -19.210	   4.630
2013.49589	 -22.370	   4.280
2013.49863	 -21.490	   4.020
2013.50137	 -24.880	   4.450
2013.50411	 -20.950	   4.710
2013.50685	 -22.840	   4.280
2013.50959	 -25.350	   5.130
2013.51233	 -18.730	   4.300
2013.51507	 -25.180	   4.530
2013.51781	 -26.150	   4.310
2013.52055	 -23.830	   4.490
2013.52329	 -21.600	   4.530
2013.52603	 -24.740	   4.050
2013.52877	 -24.080	   4.760
2013.53151	 -24.990	   7.420
2013.53425	 -20.020	   4.160
2013.53699	 -21.630	   3.970
2013.53973	 -21.860	   4.500
2013.54247	 -22.500	   4.410
2013.54521	 -20.330	   3.880
2013.54795	 -21.780	   3.800
2013.55616	 -22.770	   4.490
2013.55890	 -25.250	   4.300
2013.56164	 -18.780	   5.090
2013.56438	 -26.030	   4.940
2013.56712	 -26.620	   4.340
2013.56986	 -23.800	   4.600
2013.57260	 -24.520	   4.960
2013.57534	 -19.760	   4.540
2013.57808	 -20.440	   4.090
2013.58082	 -22.370	   4.680
2013.58356	 -20.540	   3.930
2013.58630	 -23.290	   3.900
2013.58904	 -25.320	   4.580
2013.59178	 -28.100	   4.450
2013.59452	 -23.780	   4.400
2013.59726	 -22.800	   4.110
2013.60000	 -25.450	   4.290
2013.60274	 -26.390	   3.670
2013.60548	 -23.780	   4.790
2013.60822	 -17.270	   5.290
2013.61096	 -26.010	   4.400
2013.61370	 -21.670	   4.170
2013.61644	 -22.450	   4.070
2013.61918	 -21.980	   3.850
2013.62192	 -21.500	   4.430
2013.62466	 -24.620	   4.700
2013.62740	 -19.050	   4.970
2013.63014	 -25.170	   4.340
2013.63288	 -28.980	   5.060
2013.63562	 -22.670	   4.730
2013.63836	 -24.700	   5.460
2013.64110	 -21.690	   6.150
2013.64384	 -20.310	   4.640
2013.64658	 -19.360	   4.960
2013.64932	 -21.300	   5.230
2013.65479	 -25.160	   4.750
2013.65753	 -21.530	   5.130
2013.66027	 -22.250	   7.130
2013.66301	 -22.810	   5.750
2013.66575	 -26.020	   5.130
2013.66849	 -25.050	   5.010
2013.67123	 -22.800	   4.120
2013.67671	 -27.350	   4.240
2013.68219	 -25.990	   3.590
2013.68493	 -23.010	   3.650
2013.68767	 -25.250	   3.920
2013.69041	 -24.210	   4.630
2013.69315	 -23.300	   4.300
2013.69589	 -23.050	   4.370
2013.69863	 -24.170	   4.050
2013.70137	 -21.060	   4.430
2013.70411	 -25.270	   4.040
2013.70685	 -25.090	   4.940
2013.70959	 -28.930	   4.740
2013.71233	 -25.450	   4.600
2013.71507	 -24.950	   4.420
2013.71781	 -29.880	   4.350
2013.72055	 -21.510	   4.250
2013.72329	 -22.350	   5.110
2013.72603	 -24.490	   4.260
2013.72877	 -23.450	   4.730
2013.73151	 -24.820	   4.220
2013.73425	 -23.540	   4.600
2013.73699	 -26.060	   4.220
2013.73973	 -24.540	   3.870
2013.74247	 -22.300	   3.650
2013.74521	 -24.780	   4.140
2013.74795	 -28.240	   4.120
2013.75068	 -25.280	   3.980
2013.75342	 -23.080	   4.160
2013.75616	 -28.980	   3.860
2013.75890	 -24.670	   3.940
2013.76164	 -25.410	   3.970
2013.76438	 -24.140	   3.930
2013.76712	 -23.970	   3.550
2013.76986	 -25.300	   3.780
2013.77260	 -23.610	   4.030
2013.77534	 -18.420	   5.140
2013.77808	 -23.190	   4.460
2013.78082	 -23.510	   4.320
2013.78356	 -24.570	   4.430
2013.78630	 -24.370	   4.100
2013.78904	 -21.970	   3.980
2013.79178	 -25.040	   3.650
2013.79452	 -21.970	   3.540
2013.79726	 -18.460	   6.320
2013.80000	 -21.370	   3.680
2013.80274	 -24.890	   3.500
2013.80548	 -21.320	   3.510
2013.80822	 -25.030	   3.740
2013.81096	 -21.420	   3.660
2013.81370	 -23.350	   3.460
2013.81644	 -22.390	   3.880
2013.81918	 -24.150	   3.610
2013.82192	 -25.160	   3.710
2013.82466	 -22.900	   3.660
2013.82740	 -22.710	   3.530
2013.83014	 -24.990	   3.770
2013.83288	 -23.200	   4.210
2013.83562	 -26.180	   4.160
2013.83836	 -23.370	   4.210
2013.84110	 -23.400	   3.960
2013.84384	 -22.180	   3.900
2013.84658	 -23.240	   3.570
2013.84932	 -24.430	   3.390
2013.85205	 -25.530	   3.510
2013.85479	 -22.260	   3.880
2013.85753	 -23.060	   3.790
2013.86027	 -23.370	   3.650
2013.86301	 -25.720	   3.600
2013.86575	 -23.800	   3.630
2013.86849	 -22.070	   3.540
2013.87123	 -21.350	   3.680
2013.87397	 -25.900	   3.400
2013.87671	 -23.770	   3.620
2013.87945	 -22.100	   3.490
2013.88219	 -23.610	   3.440
2013.88493	 -24.010	   3.420
2013.88767	 -23.360	   3.510
2013.89041	 -25.240	   3.400
2013.89315	 -23.850	   3.400
2013.89589	 -25.670	   3.480
2013.89863	 -26.210	   4.040
2013.90137	 -27.950	   3.430
2013.90411	 -25.280	   3.570
2013.90685	 -26.850	   3.500
2013.90959	 -26.950	   3.430
2013.91233	 -28.720	   3.240
2013.91507	 -27.010	   3.380
2013.91781	 -28.160	   3.320
2013.92055	 -24.670	   3.180
2013.92329	 -26.660	   3.010
2013.92603	 -26.140	   3.150
2013.92877	 -27.210	   3.220
2013.93151	 -27.260	   3.190
2013.93425	 -26.160	   3.130
2013.93699	 -27.030	   3.780
2013.93973	 -26.510	   3.450
2013.94247	 -28.940	   3.310
2013.94521	 -25.870	   3.550
2013.94795	 -30.700	   3.280
2013.95068	 -25.220	   3.460
2013.95342	 -27.520	   3.570
2013.95616	 -26.820	   3.670
2013.95890	 -28.630	   3.950
2013.96164	 -29.400	   3.780
2013.96438	 -28.620	   3.540
2013.96712	 -27.900	   3.600
2013.96986	 -27.790	   4.130
2013.97260	 -23.540	   3.230
2013.97534	 -30.100	   3.350
2013.97808	 -25.950	   3.260
2013.98082	 -29.640	   3.430
2013.98356	 -30.060	   3.380
2013.98630	 -29.460	   3.270
2013.98904	 -27.980	   6.960
2013.99726	 -27.990	   3.460
2014.00000	 -26.260	   3.370
2014.00274	 -27.610	   3.380
2014.00548	 -26.740	   3.550
2014.00822	 -25.900	   3.410
2014.01096	 -26.120	   3.530
2014.01370	 -28.370	   3.380
2014.01644	 -28.550	   3.180
2014.01918	 -27.210	   3.330
2014.02192	 -26.950	   3.490
2014.02466	 -28.290	   3.420
2014.02740	 -28.860	   3.450
2014.03014	 -28.830	   3.360
2014.03288	 -28.720	   3.300
2014.03562	 -28.530	   3.180
2014.03836	 -32.080	   3.440
2014.04110	 -29.700	   3.260
2014.04384	 -30.990	   3.340
2014.04658	 -27.700	   3.330
2014.04932	 -29.140	   3.320
2014.05205	 -26.460	   3.220
2014.05479	 -27.010	   3.630
2014.05753	 -30.980	   3.430
2014.06027	 -29.310	   3.810
2014.06301	 -32.780	   3.580
2014.06575	 -29.270	   3.450
2014.06849	 -29.660	   3.700
2014.07123	 -29.210	   3.620
2014.07397	 -32.180	   4.010
2014.07671	 -28.460	   3.790
2014.07945	 -29.910	   4.850
2014.08219	 -26.400	   3.920
2014.08493	 -28.000	   3.690
2014.08767	 -26.820	   3.920
2014.09041	 -25.930	   4.400
2014.09315	 -28.430	   4.090
2014.09589	 -30.090	   3.880
2014.09863	 -26.060	   3.910
2014.10137	 -29.830	   4.220
2014.10411	 -27.520	   3.670
2014.10685	 -26.130	   3.650
2014.10959	 -28.130	   3.760
2014.11233	 -26.000	   3.970
2014.11507	 -25.310	   3.420
2014.11781	 -27.200	   3.500
2014.12055	 -27.210	   3.700
2014.12329	 -27.370	   3.660
2014.12603	 -27.630	   3.540
2014.12877	 -27.110	   3.510
2014.13151	 -25.880	   3.610
2014.13425	 -28.250	   3.930
2014.13699	 -26.800	   3.520
2014.13973	 -25.990	   3.520
2014.14247	 -27.960	   3.470
2014.14521	 -27.500	   3.520
2014.14795	 -24.860	   3.600
2014.15068	 -26.080	   3.660
2014.15342	 -26.280	   3.670
2014.15616	 -25.940	   3.730
2014.15890	 -27.650	   3.930
2014.16164	 -25.450	   4.090
2014.16438	 -24.640	   3.830
2014.16712	 -29.150	   3.330
2014.16986	 -22.880	   3.710
2014.17260	 -25.330	   3.570
2014.17534	 -31.360	   4.170
2014.17808	 -28.620	   3.860
2014.18082	 -30.230	   4.090
2014.18356	 -25.830	   4.130
2014.18630	 -26.250	   3.990
2014.18904	 -28.680	   3.720
2014.19178	 -26.210	   3.810
2014.19452	 -28.120	   4.530
2014.19726	 -29.560	   4.090
2014.20000	 -30.700	   4.730
2014.20274	 -26.300	   3.810
2014.20548	 -27.930	   4.300
2014.20822	 -28.860	   3.750
2014.21096	 -26.350	   3.530
2014.21370	 -26.320	   3.750
2014.21644	 -28.300	   3.880
2014.21918	 -27.380	   3.570
2014.22192	 -28.280	   3.600
2014.22466	 -28.880	   3.290
2014.22740	 -26.900	   3.720
2014.23014	 -24.710	   3.760
2014.23288	 -23.130	   3.920
2014.23562	 -25.240	   3.850
2014.23836	 -25.680	   3.910
2014.24110	 -23.900	   4.600
2014.24384	 -23.830	   3.890
2014.24658	 -26.550	   5.260
2014.24932	 -24.030	   4.240
2014.25205	 -21.960	   3.860
2014.25479	 -26.450	   4.440
2014.25753	 -25.460	   4.410
2014.26027	 -25.730	   3.600
2014.26301	 -26.730	   3.770
2014.26575	 -25.750	   3.460
2014.26849	 -25.200	   3.900
2014.27123	 -24.140	   3.930
2014.27397	 -22.180	   4.840
2014.27671	 -23.350	   4.250
2014.27945	 -23.080	   3.990
2014.28219	 -20.470	   4.070
2014.28493	 -22.550	   3.910
2014.28767	 -27.110	   4.260
2014.29041	 -23.190	   3.870
2014.29315	 -23.670	   4.040
2014.29589	 -28.040	   4.010
2014.29863	 -24.760	   4.050
2014.30137	 -22.390	   3.730
2014.30411	 -25.160	   3.680
2014.30685	 -24.860	   3.800
2014.30959	 -27.940	   4.120
2014.31233	 -23.930	   3.980
2014.31507	 -21.850	   3.800
2014.31781	 -23.250	   4.320
2014.32055	 -19.340	   4.330
2014.32329	 -27.650	   3.850
2014.32603	 -25.280	   3.840
2014.32877	 -23.700	   4.550
2014.33151	 -23.750	   4.230
2014.33425	 -23.200	   3.740
2014.33699	 -23.350	   3.940
2014.33973	 -24.180	   3.730
2014.34247	 -26.330	   3.790
2014.34521	 -24.410	   3.790
2014.34795	 -22.530	   3.810
2014.35068	 -22.420	   3.830
2014.35342	 -25.670	   3.890
2014.35616	 -21.870	   3.850
2014.35890	 -23.610	   3.980
2014.36164	 -25.450	   4.190
2014.36438	 -24.470	   4.830
2014.36712	 -22.100	   4.440
2014.36986	 -26.110	   4.970
2014.37260	 -22.640	   4.680
2014.37534	 -21.140	   4.510
2014.37808	 -22.380	   5.690
2014.38082	 -24.060	   5.380
2014.38356	 -18.510	   5.660
2014.38630	 -29.110	   4.550
2014.38904	 -24.850	   4.190
2014.39178	 -24.870	   4.560
2014.39452	 -18.680	   4.330
2014.39726	 -23.240	   4.300
2014.40000	 -20.170	   4.810
2014.40274	 -19.000	   4.920
2014.40548	 -20.210	   4.820
2014.40822	 -20.530	   4.510
2014.41096	 -20.790	   4.280
2014.41370	 -24.730	   4.020
2014.41644	 -26.260	   4.410
2014.41918	 -22.660	   4.620
2014.42192	 -22.400	   4.750
2014.42466	 -19.760	   5.020
2014.42740	 -25.020	   4.430
2014.43014	 -24.190	   3.880
2014.43288	 -22.300	   4.860
2014.43562	 -24.750	   5.150
2014.43836	 -26.520	   4.300
2014.44110	 -25.000	   3.920
2014.44384	 -25.420	   4.180
2014.44658	 -26.400	   4.150
2014.44932	 -25.630	   3.970
2014.45205	 -25.830	   3.940
2014.45479	 -25.550	   4.070
2014.45753	 -23.840	   4.210
2014.46027	 -24.900	   4.030
2014.46301	 -26.540	   3.840
2014.46575	 -24.180	   4.110
2014.46849	 -23.450	   4.210
2014.47123	 -23.220	   4.270
2014.47397	 -22.880	   4.510
2014.47671	 -24.720	   5.350
2014.47945	 -23.850	   4.360
2014.48219	 -24.050	   4.410
2014.48493	 -28.120	   4.080
2014.48767	 -24.330	   3.800
2014.49041	 -23.600	   5.360
2014.49315	 -27.550	   4.360
2014.49589	 -27.920	   4.230
2014.49863	 -26.260	   4.430
2014.50137	 -23.170	   3.980
2014.50411	 -24.620	   4.560
2014.50685	 -23.190	   4.610
2014.50959	 -25.790	   4.710
2014.51233	 -21.550	   4.320
2014.51507	 -26.520	   4.600
2014.51781	 -28.840	   4.590
2014.52055	 -25.600	   6.430
2014.52329	 -24.140	   4.470
2014.52603	 -26.920	   4.370
2014.52877	 -23.770	   4.100
2014.53151	 -26.040	   3.850
2014.53425	 -26.000	   4.150
2014.53699	 -21.400	   4.630
2014.53973	 -23.820	   4.770
2014.54247	 -27.060	   5.690
2014.54521	 -19.420	   5.360
2014.54795	 -21.670	   5.820
2014.55068	 -24.270	   4.910
2014.55342	 -25.640	   4.540
2014.55616	 -22.200	   5.190
2014.55890	 -26.620	   5.570
2014.56164	 -24.200	   5.230
2014.56438	 -20.730	   4.550
2014.56712	 -22.370	   5.120
2014.56986	 -25.080	   4.480
2014.57260	 -27.240	   5.970
2014.57534	 -26.540	   5.120
2014.57808	 -25.270	   4.760
2014.58082	 -23.800	   5.930
2014.58356	 -24.030	   5.170
2014.58630	 -24.230	   5.060
2014.58904	 -30.590	   6.110
2014.59178	 -25.890	   5.080
2014.59452	 -28.630	   5.200
2014.59726	 -24.600	   6.450
2014.60000	 -33.110	   9.170
2014.60274	 -22.250	   6.600
2014.60548	 -29.450	   6.930
2014.60822	 -31.520	   6.240
2014.61096	 -28.460	   5.160
2014.61370	 -27.240	   5.470
2014.61644	 -23.380	   5.830
2014.61918	 -30.990	   4.470
2014.62192	 -30.460	   4.470
2014.62466	 -27.510	   4.520
2014.62740	 -26.270	   4.550
2014.63014	 -28.150	   4.580
2014.63288	 -30.770	   4.760
2014.63562	 -27.890	   5.540
2014.63836	 -25.940	   4.950
2014.64110	 -29.260	   6.170
2014.64384	 -30.360	   4.830
2014.64658	 -30.300	   5.070
2014.64932	 -31.710	   5.610
2014.65205	 -30.820	   5.000
2014.65479	 -30.230	   5.250
2014.65753	 -30.650	   5.220
2014.66027	 -29.540	   4.400
2014.66301	 -25.830	   4.200
2014.66575	 -27.440	   4.580
2014.66849	 -30.490	   5.430
2014.67123	 -30.880	   4.690
2014.67397	 -32.430	   4.210
2014.67671	 -26.910	   4.810
2014.67945	 -30.730	   4.340
2014.68219	 -27.580	   6.670
2014.68493	 -27.840	   4.640
2014.68767	 -22.170	   5.090
2014.69041	 -30.760	   4.410
2014.69315	 -27.250	   5.230
2014.69589	 -27.080	   4.400
2014.69863	 -28.710	   5.050
2014.70137	 -29.860	   4.460
2014.70411	 -27.750	   5.060
2014.70685	 -30.640	   4.920
2014.70959	 -29.110	   4.460
2014.71233	 -28.130	   4.070
2014.71507	 -25.170	   4.640
2014.71781	 -20.930	   4.440
2014.72055	 -22.550	   5.410
2014.72329	 -23.550	   4.290
2014.72603	 -21.400	   4.530
2014.72877	 -25.980	   4.460
2014.73151	 -23.650	   4.240
2014.73425	 -23.900	   5.150
2014.73699	 -24.110	   3.800
2014.73973	 -22.020	   3.650
2014.74247	 -24.220	   4.210
2014.74521	 -22.150	   4.120
2014.74795	 -22.970	   5.370
2014.75068	 -23.280	   4.660
2014.75342	 -28.970	   4.690
2014.75616	 -21.320	   4.700
2014.75890	 -22.040	   4.820
2014.76164	 -24.630	   3.900
2014.76438	 -20.910	   3.870
2014.76712	 -22.560	   4.070
2014.76986	 -26.040	   3.730
2014.77260	 -23.370	   3.990
2014.77534	 -23.630	   3.960
2014.77808	 -21.470	   4.120
2014.78082	 -25.870	   4.410
2014.78356	 -23.220	   4.820
2014.78630	 -25.300	   4.730
2014.78904	 -25.860	   4.680
2014.79178	 -23.200	   4.420
2014.79452	 -26.690	   4.270
2014.79726	 -21.530	   4.050
2014.80000	 -21.840	   4.590
2014.80274	 -27.960	   4.440
2014.80548	 -22.940	   3.970
2014.80822	 -22.700	   4.060
2014.81096	 -23.420	   4.210
2014.81370	 -22.760	   3.990
2014.81644	 -27.340	   5.360
2014.81918	 -25.070	   4.880
2014.82192	 -26.370	   4.510
2014.82466	 -23.310	   4.220
2014.82740	 -22.580	   4.480
2014.83014	 -21.720	   4.400
2014.83288	 -23.360	   4.340
2014.83562	 -19.470	   4.190
2014.83836	 -27.220	   5.180
2014.84110	 -19.720	   4.550
2014.84384	 -26.040	   4.360
2014.84658	 -26.260	   4.190
2014.84932	 -21.330	   4.330
2014.85205	 -20.940	   4.890
2014.85479	 -19.150	   4.890
2014.85753	 -19.030	   3.990
2014.86027	 -22.160	   3.910
2014.86301	 -23.070	   4.260
2014.86575	 -21.360	   3.760
2014.86849	 -22.100	   3.600
2014.87123	 -22.120	   3.550
2014.87397	 -24.660	   3.550
2014.87671	 -27.700	   3.870
2014.87945	 -22.050	   3.980
2014.88219	 -25.830	   3.630
2014.88493	 -19.300	   3.600
2014.88767	 -22.700	   3.670
2014.89041	 -22.770	   3.940
2014.89315	 -19.960	   3.610
2014.89589	 -23.260	   3.650
2014.89863	 -25.290	   3.590
2014.90137	 -20.670	   3.670
2014.90411	 -20.670	   3.880
2014.90685	 -21.480	   4.080
2014.90959	 -24.390	   4.020
2014.91233	 -24.820	   4.190
2014.91507	 -21.320	   4.040
2014.91781	 -24.000	   3.690
2014.92055	 -25.110	   3.580
2014.92329	 -23.790	   3.650
2014.92603	 -23.350	   3.820
2014.92877	 -27.550	   3.710
2014.93151	 -21.380	   3.450
2014.93425	 -24.600	   3.670
2014.93699	 -27.060	   3.650
2014.93973	 -23.770	   3.600
2014.94247	 -25.350	   3.610
2014.94521	 -25.670	   3.550
2014.94795	 -21.230	   3.630
2014.95068	 -23.640	   3.410
2014.95342	 -21.860	   3.080
2014.95616	 -22.670	   3.380
2014.95890	 -23.830	   3.550
2014.96164	 -21.630	   3.620
2014.96438	 -21.310	   3.710
2014.96712	 -23.290	   4.140
2014.96986	 -22.610	   3.780
2014.97260	 -24.200	   3.310
2014.97534	 -25.340	   3.320
2014.97808	 -22.730	   3.530
2014.98082	 -20.400	   3.790
2014.98356	 -20.970	   4.000
2014.98630	 -21.790	   3.610
2014.98904	 -22.100	   3.770
2014.99178	 -22.420	   3.520
2014.99452	 -22.860	   3.410
2014.99726	 -23.010	   3.310
2015.00000	 -22.960	   3.300
2015.00274	 -26.120	   3.440
2015.00548	 -24.380	   3.460
2015.00822	 -25.120	   3.360
2015.01096	 -23.540	   3.240
2015.01370	 -24.760	   3.400
2015.01644	 -24.340	   3.570
2015.01918	 -25.040	   3.510
2015.02192	 -21.800	   3.970
2015.02466	 -26.000	   3.510
2015.02740	 -24.570	   3.460
2015.03014	 -24.670	   3.380
2015.03288	 -24.450	   3.340
2015.03562	 -28.640	   3.990
2015.03836	 -27.400	   3.400
2015.04110	 -26.140	   3.480
2015.04384	 -23.580	   3.470
2015.04658	 -24.400	   3.410
2015.04932	 -23.130	   3.360
2015.05205	 -24.370	   4.070
2015.05479	 -23.540	   3.580
2015.05753	 -24.340	   3.780
2015.06027	 -25.960	   3.510
2015.06301	 -19.790	   3.970
2015.06575	 -22.610	   3.510
2015.06849	 -25.420	   3.280
2015.07123	 -26.290	   3.320
2015.07397	 -26.270	   3.320
2015.07671	 -26.280	   3.170
2015.07945	 -24.670	   3.600
2015.08219	 -25.230	   3.460
2015.08493	 -20.510	   3.510
2015.08767	 -23.300	   3.390
2015.09041	 -23.400	   3.300
2015.09315	 -23.670	   3.730
2015.09589	 -25.100	   3.490
2015.09863	 -25.200	   3.490
2015.10137	 -25.360	   3.360
2015.10411	 -25.610	   3.420
2015.10685	 -25.030	   3.310
2015.10959	 -24.280	   3.400
2015.11233	 -25.600	   3.430
2015.11507	 -23.460	   3.740
2015.11781	 -24.730	   3.420
2015.12055	 -21.920	   3.970
2015.12329	 -20.270	   3.610
2015.12603	 -21.090	   4.650
2015.12877	 -17.540	   4.030
2015.13151	 -23.670	   3.470
2015.13425	 -23.850	   3.440
2015.13699	 -23.360	   3.310
2015.13973	 -22.220	   3.510
2015.14247	 -19.590	   4.550
2015.14521	 -23.400	   3.850
2015.14795	 -21.030	   4.590
2015.15068	 -19.580	   3.690
2015.15342	 -21.080	   4.240
2015.15616	 -19.550	   4.130
2015.15890	 -22.550	   3.870
2015.16164	 -20.290	   4.060
2015.16438	 -24.310	   3.410
2015.16712	 -22.350	   3.750
2015.16986	 -26.260	   3.630
2015.17260	 -17.910	   4.590
2015.17534	 -24.100	   3.770
2015.17808	 -22.120	   4.100
2015.18082	 -25.140	   3.290
2015.18356	 -22.760	   4.090
2015.18630	 -19.850	   4.300
2015.18904	 -24.750	   4.090
2015.19178	 -19.320	   4.300
2015.19452	 -23.740	   3.830
2015.19726	 -23.940	   3.730
2015.20000	 -20.390	   4.260
2015.20274	 -25.150	   3.410
2015.20548	 -21.420	   4.150
2015.20822	 -24.220	   4.100
2015.21096	 -20.750	   3.900
2015.21370	 -22.540	   4.040
2015.21644	 -23.570	   3.460
2015.21918	 -24.890	   3.980
2015.22192	 -20.260	   3.990
2015.22466	 -15.970	   4.920
2015.22740	 -20.430	   4.510
2015.23014	 -21.770	   4.390
2015.23288	 -19.600	   4.380
2015.23562	 -21.760	   3.720
2015.23836	 -18.300	   4.100
2015.24110	 -18.030	   4.090
2015.24384	 -23.070	   3.890
2015.24658	 -24.870	   3.760
2015.24932	 -23.760	   4.310
2015.25205	 -21.210	   4.290
2015.25479	 -20.440	   4.100
2015.25753	 -16.880	   5.040
2015.26027	 -15.810	   5.110
2015.26301	 -19.310	   5.710
2015.26575	 -23.340	   4.390
2015.26849	 -21.610	   3.890
2015.27123	 -26.080	   3.730
2015.27397	 -23.090	   4.300
2015.27671	 -19.170	   4.690
2015.27945	 -17.590	   4.640
2015.28219	 -25.450	   4.120
2015.28493	 -22.920	   3.920
2015.28767	 -20.090	   4.900
2015.29041	 -17.220	   5.160
2015.29315	 -16.900	   5.140
2015.29589	 -19.330	   4.700
2015.29863	 -19.150	   4.730
2015.30137	 -19.300	   4.850
2015.30411	 -20.030	   5.050
2015.30685	 -18.910	   4.870
2015.30959	 -17.480	   4.840
2015.31233	 -21.170	   4.530
2015.31507	 -25.820	   3.800
2015.31781	 -16.360	   4.450
2015.32055	 -19.550	   4.470
2015.32329	 -16.340	   4.930
2015.32603	 -14.510	   5.000
2015.32877	 -19.030	   4.400
2015.33151	 -21.370	   4.180
2015.33425	 -16.040	   4.700
2015.33699	 -18.070	   5.130
2015.33973	 -26.670	   5.000
2015.34247	 -16.960	   5.030
2015.34521	 -23.520	   4.160
2015.34795	 -20.930	   4.430
2015.35068	 -27.120	   4.520
2015.35342	 -17.990	   4.950
2015.35616	 -27.290	   4.880
2015.35890	 -19.000	   5.080
2015.36164	 -17.000	   6.150
2015.36438	 -24.750	   4.120
2015.36712	 -17.230	   4.730
2015.36986	 -15.800	   5.230
2015.37260	 -17.640	   4.640
2015.37534	 -18.110	   5.510
2015.37808	 -22.710	   4.270
2015.38082	 -23.850	   4.200
2015.38356	 -20.620	   5.110
2015.38630	 -19.060	   4.520
2015.38904	 -23.190	   4.790
2015.39178	 -17.810	   4.700
2015.39452	 -24.000	   4.400
2015.39726	 -16.470	   4.410
2015.40000	 -18.610	   4.510
2015.40274	 -21.790	   3.950
2015.40548	 -23.060	   4.630
2015.40822	 -21.280	   3.800
2015.41096	 -16.790	   5.050
2015.41370	 -19.810	   5.240
2015.41644	 -20.800	   4.690
2015.41918	 -19.420	   4.990
2015.42192	 -19.130	   4.850
2015.42466	 -20.260	   4.850
2015.42740	 -16.470	   5.280
2015.43014	 -16.780	   5.160
2015.43288	 -20.550	   4.900
2015.43562	 -18.620	   4.920
2015.43836	 -20.170	   4.710
2015.44110	 -26.090	   5.000
2015.44384	 -18.400	   5.560
2015.44658	 -20.990	   5.040
2015.44932	 -22.770	   4.990
2015.45205	 -20.580	   5.590
2015.45479	 -18.720	   4.900
2015.45753	 -25.640	   5.100
2015.46027	 -22.680	   5.100
2015.46301	 -20.840	   4.950
2015.46575	 -25.040	   5.110
2015.46849	 -24.910	   6.380
2015.47123	 -18.990	   5.390
2015.47397	 -20.390	   5.180
2015.47671	 -22.400	   4.940
2015.47945	 -24.760	   5.920
2015.48219	 -19.110	   5.360
2015.48493	 -22.780	   5.040
2015.48767	 -21.550	   5.010
2015.49041	 -18.770	   4.670
2015.49315	 -20.550	   4.870
2015.49589	 -17.630	   4.710
2015.49863	 -19.760	   5.830
2015.50137	 -19.020	   5.180
2015.50411	 -20.110	   4.710
2015.50685	 -21.320	   5.240
2015.50959	 -18.590	   5.560
2015.51233	 -20.600	   4.970
2015.51507	 -26.510	   4.820
2015.51781	 -22.600	   5.250
2015.52055	 -23.760	   5.120
2015.52329	 -22.480	   5.010
2015.52603	 -26.770	   4.690
2015.52877	 -22.220	   5.100
2015.53151	 -23.310	   6.830
2015.53425	 -27.520	   5.170
2015.53699	 -21.050	   6.470
2015.53973	 -26.410	   4.540
2015.54247	 -24.190	   5.700
2015.54521	 -19.830	   5.640
2015.54795	 -22.390	   4.830
2015.55068	 -21.360	   4.480
2015.55342	 -23.190	   4.980
2015.55616	 -20.410	   5.190
2015.55890	 -22.610	   4.270
2015.56164	 -21.970	   4.850
2015.56438	 -22.600	   5.020
2015.56712	 -29.320	   4.500
2015.56986	 -22.350	   5.190
2015.57260	 -24.230	   5.160
2015.57534	 -28.480	   4.790
2015.57808	 -24.810	   5.200
2015.58082	 -25.560	   5.650
2015.58356	 -23.440	   5.530
2015.58630	 -29.930	   6.070
2015.58904	 -28.760	   4.820
2015.59178	 -29.580	   4.740
2015.59452	 -24.160	   5.340
2015.59726	 -24.650	   5.120
2015.60000	 -26.600	   5.280
2015.60274	 -29.780	   5.230
2015.60548	 -25.960	   5.460
2015.60822	 -24.350	   5.340
2015.61096	 -24.730	   4.710
2015.61370	 -24.450	   5.080
2015.61644	 -24.280	   4.760
2015.61918	 -25.710	   4.330
2015.62192	 -27.240	   4.880
2015.62466	 -27.770	   4.610
2015.62740	 -24.830	   4.780
2015.63014	 -26.250	   4.600
2015.63288	 -19.730	   5.840
2015.63562	 -28.890	   4.630
2015.63836	 -30.220	   5.340
2015.64110	 -28.440	   4.700
2015.64384	 -27.510	   5.030
2015.64658	 -26.500	   6.240
2015.64932	 -23.980	   5.520
2015.65205	 -32.660	   5.630
2015.65479	 -29.670	   4.550
2015.65753	 -27.010	   4.630
2015.66027	 -24.630	   4.500
2015.66301	 -26.530	   4.290
2015.66575	 -25.240	   4.690
2015.66849	 -28.970	   4.550
2015.67123	 -24.130	   4.490
2015.67397	 -23.970	   4.300
2015.67671	 -26.220	   4.520
2015.67945	 -26.830	   4.390
2015.68219	 -22.220	   4.810
2015.68493	 -26.730	   4.980
2015.68767	 -30.180	   4.440
2015.69041	 -28.130	   4.380
2015.69315	 -23.900	   4.310
2015.69589	 -27.750	   4.580
2015.69863	 -28.030	   4.580
2015.70137	 -26.690	   4.270
2015.70411	 -26.590	   4.850
2015.70685	 -25.620	   4.270
2015.70959	 -29.490	   4.860
2015.71233	 -27.720	   4.230
2015.71507	 -26.830	   4.290
2015.71781	 -27.130	   4.020
2015.72055	 -29.150	   4.040
2015.72329	 -25.890	   4.240
2015.72603	 -31.320	   4.320
2015.72877	 -29.330	   4.250
2015.73151	 -34.480	   4.610
2015.73425	 -26.320	   4.410
2015.73699	 -27.760	   4.090
2015.73973	 -26.350	   4.630
2015.74247	 -29.650	   5.470
2015.74521	 -20.580	   5.070
2015.74795	 -28.140	   4.880
2015.75068	 -32.300	   5.470
2015.75342	 -21.960	   4.380
2015.75616	 -26.040	   4.260
2015.75890	 -25.050	   4.170
2015.76164	 -29.460	   4.040
2015.76438	 -23.780	   4.330
2015.76712	 -26.260	   3.900
2015.76986	 -25.080	   4.640
2015.77260	 -26.960	   4.090
2015.77534	 -24.010	   4.120
2015.77808	 -27.030	   3.970
2015.78082	 -25.640	   3.930
2015.78356	 -20.730	   4.050
2015.78630	 -25.020	   4.030
2015.78904	 -31.160	   3.750
2015.79178	 -27.250	   4.100
2015.79452	 -25.570	   4.330
2015.79726	 -24.270	   4.190
2015.80000	 -23.820	   4.790
2015.80274	 -26.450	   4.080
2015.80548	 -25.260	   4.520
2015.80822	 -19.410	   4.310
2015.81096	 -24.860	   4.260
2015.81370	 -21.740	   4.480
2015.81644	 -27.870	   3.820
2015.81918	 -24.000	   3.900
2015.82192	 -22.850	   4.030
2015.82466	 -24.050	   3.940
2015.82740	 -22.550	   4.240
2015.83014	 -29.480	   4.660
2015.83288	 -22.020	   4.890
2015.83562	 -23.270	   4.430
2015.83836	 -27.620	   4.560
2015.84110	 -23.890	   4.730
2015.84384	 -27.290	   4.290
2015.84658	 -25.380	   3.840
2015.84932	 -24.020	   4.320
2015.85205	 -21.560	   4.680
2015.85479	 -27.030	   4.000
2015.85753	 -29.580	   4.800
2015.86027	 -27.100	   4.150
2015.86301	 -28.830	   4.070
2015.86575	 -28.130	   3.500
2015.86849	 -21.550	   3.670
2015.87123	 -25.980	   3.920
2015.87397	 -23.290	   3.730
2015.87671	 -24.810	   3.620
2015.87945	 -25.840	   3.550
2015.88219	 -26.950	   3.990
2015.88493	 -31.910	   4.500
2015.88767	 -31.000	   4.460
2015.89041	 -27.040	   4.090
2015.89315	 -27.620	   3.180
2015.89589	 -28.140	   3.550
2015.89863	 -20.870	   6.660
2015.90137	 -27.730	   3.940
2015.90411	 -30.180	   3.800
2015.90685	 -30.110	   3.790
2015.90959	 -28.890	   3.700
2015.91233	 -29.990	   3.650
2015.91507	 -27.960	   3.790
2015.91781	 -29.270	   3.970
2015.92055	 -30.610	   3.810
2015.92329	 -31.560	   3.720
2015.92603	 -26.710	   3.770
2015.92877	 -28.110	   4.330
2015.93151	 -31.490	   3.790
2015.93425	 -30.860	   3.770
2015.93699	 -27.830	   3.470
2015.93973	 -29.900	   4.170
2015.94247	 -28.520	   4.080
2015.94795	 -25.990	   4.250
2015.95068	 -31.150	   3.820
2015.95342	 -26.230	   3.830
2015.95616	 -29.000	   3.130
2015.95890	 -29.820	   3.200
2015.96164	 -31.520	   3.400
2015.96438	 -30.630	   3.100
2015.96712	 -31.780	   3.230
2015.96986	 -25.940	   3.760
2015.97260	 -29.650	   3.390
2015.97534	 -30.590	   3.210
2015.97808	 -29.190	   3.210
2015.98082	 -26.640	   3.490
2015.98356	 -29.290	   3.340
2015.98630	 -29.890	   3.150
2015.98904	 -30.770	   3.630
2015.99178	 -30.110	   3.140
2015.99452	 -29.840	   3.110
2015.99726	 -32.120	   3.080
2016.00000	 -29.280	   3.120
2016.00273	 -27.240	   3.010
2016.00546	 -30.180	   3.810
2016.00820	 -31.370	   4.030
2016.01093	 -30.420	   3.520
2016.01366	 -27.720	   3.740
2016.01639	 -28.000	   3.740
2016.01913	 -31.550	   3.450
2016.02186	 -31.150	   3.250
2016.02459	 -29.510	   3.180
2016.02732	 -30.430	   3.270
2016.03005	 -29.660	   3.440
2016.03279	 -29.900	   3.780
2016.03552	 -28.390	   3.740
2016.03825	 -30.390	   3.330
2016.04098	 -22.870	   3.670
2016.04372	 -33.110	   3.970
2016.04645	 -26.590	   4.050
2016.04918	 -30.650	   3.390
2016.05191	 -29.200	   3.690
2016.05464	 -30.280	   3.360
2016.05738	 -28.600	   3.000
2016.06011	 -29.760	   3.110
2016.06284	 -29.470	   3.420
2016.06557	 -27.790	   3.720
2016.06831	 -24.010	   3.420
2016.07104	 -28.490	   3.480
2016.07377	 -31.490	   3.300
2016.07650	 -30.120	   3.500
2016.07923	 -28.070	   4.630
2016.08197	 -25.990	   3.340
2016.08470	 -29.470	   3.130
2016.08743	 -28.310	   3.330
2016.09016	 -30.380	   3.230
2016.09290	 -27.660	   3.080
2016.09563	 -28.530	   3.640
2016.10383	 -35.900	   3.290
2016.10656	 -35.830	   3.180
2016.10929	 -40.930	   3.110
2016.11202	 -38.740	   3.230
2016.11475	 -40.000	   4.470
2016.11749	 -38.160	   3.840
2016.12022	 -44.520	   3.460
2016.12295	 -38.150	   3.750
2016.12568	 -42.720	   3.310
2016.12842	 -42.120	   3.260
2016.13115	 -42.540	   3.210
2016.13388	 -44.170	   3.150
2016.13661	 -43.600	   3.180
2016.13934	 -45.230	   3.190
2016.14208	 -43.860	   3.410
2016.14481	 -44.300	   3.150
2016.14754	 -43.410	   3.200
2016.15027	 -45.870	   3.370
2016.15301	 -43.340	   3.160
2016.15574	 -43.720	   3.200
2016.15847	 -43.920	   3.600
2016.16120	 -46.390	   3.700
2016.16393	 -45.960	   3.500
2016.16667	 -46.940	   3.410
2016.16940	 -48.440	   3.710
2016.17213	 -45.120	   3.800
2016.17486	 -48.520	   3.650
2016.17760	 -47.140	   4.060
2016.18033	 -49.100	   3.380
2016.18306	 -46.880	   3.560
2016.18579	 -44.640	   4.250
2016.18852	 -47.250	   3.980
2016.19126	 -44.390	   4.040
2016.19399	 -51.090	   3.720
2016.19672	 -46.370	   3.730
2016.19945	 -47.590	   4.370
2016.20219	 -48.790	   3.960
2016.20492	 -46.200	   4.060
2016.20765	 -47.460	   3.390
2016.21038	 -46.170	   3.690
2016.21311	 -49.780	   3.470
2016.21585	 -46.660	   3.620
2016.21858	 -47.700	   3.370
2016.22131	 -49.220	   3.610
2016.22404	 -48.160	   3.550
2016.22678	 -46.070	   4.650
2016.22951	 -50.970	   3.170
2016.23224	 -51.130	   3.530
2016.23497	 -49.580	   3.220
2016.23770	 -47.100	   3.430
2016.24044	 -51.010	   3.790
2016.24317	 -48.370	   3.450
2016.24590	 -47.990	   3.800
2016.24863	 -48.010	   3.870
2016.25137	 -48.290	   3.360
2016.25410	 -47.430	   3.920
2016.25683	 -49.960	   3.380
2016.25956	 -51.280	   3.200
2016.26230	 -48.010	   3.400
2016.26503	 -51.200	   3.240
2016.26776	 -48.600	   3.230
2016.27049	 -47.140	   3.520
2016.27322	 -48.050	   3.670
2016.27596	 -50.940	   4.490
2016.27869	 -51.070	   4.090
2016.28142	 -51.950	   3.730
2016.28415	 -53.570	   5.060
2016.28689	 -52.730	   5.700
2016.28962	 -52.730	   4.100
2016.29235	 -44.680	   4.530
2016.29508	 -44.890	   4.370
2016.29781	 -48.690	   4.410
2016.30055	 -50.900	   3.810
2016.30328	 -51.090	   3.910
2016.30601	 -48.940	   3.950
2016.30874	 -49.990	   3.480
2016.31148	 -48.700	   3.790
2016.31421	 -51.550	   3.780
2016.31694	 -52.520	   3.990
2016.31967	 -54.160	   4.070
2016.32240	 -51.990	   3.990
2016.32514	 -54.220	   3.930
2016.32787	 -52.880	   3.780
2016.33060	 -55.210	   3.510
2016.33333	 -52.040	   4.480
2016.33607	 -51.600	   3.930
2016.33880	 -53.900	   3.910
2016.34153	 -50.680	   3.610
2016.34426	 -55.030	   3.760
2016.34699	 -50.570	   3.820
2016.34973	 -49.090	   4.180
2016.35246	 -51.850	   3.930
2016.35519	 -52.010	   4.090
2016.35792	 -51.650	   4.920
2016.36066	 -59.610	   4.850
2016.36339	 -55.580	   4.440
2016.36612	 -53.770	   4.730
2016.36885	 -53.630	   4.610
2016.37158	 -50.580	   4.350
2016.37432	 -59.670	   3.980
2016.37705	 -54.130	   3.690
2016.37978	 -52.010	   3.890
2016.38251	 -54.090	   3.730
2016.38525	 -53.600	   6.100
2016.38798	 -54.550	   4.390
2016.39071	 -51.590	   5.030
2016.40437	 -58.350	   4.460
2016.40710	 -55.140	   4.160
2016.40984	 -55.900	   4.090
2016.41257	 -53.440	   4.400
2016.41530	 -55.020	   3.920
2016.41803	 -53.960	   4.040
2016.42077	 -53.620	   4.480
2016.42350	 -54.430	   3.980
2016.42623	 -51.390	   4.340
2016.42896	 -54.680	   5.080
2016.43169	 -54.550	   4.550
2016.43443	 -48.920	   6.000
2016.43716	 -49.660	   4.900
2016.43989	 -55.450	   4.180
2016.44262	 -55.310	   4.710
2016.44536	 -52.320	   4.450
2016.44809	 -57.270	   4.760
2016.45082	 -53.270	   5.540
2016.45355	 -50.970	   5.250
2016.45628	 -52.330	   4.300
2016.45902	 -53.200	   4.040
2016.46175	 -53.950	   4.320
2016.46448	 -56.010	   5.390
2016.46721	 -56.720	   4.830
2016.46995	 -58.410	   4.240
2016.47268	 -55.420	   4.220
2016.47541	 -54.790	   4.340
2016.47814	 -55.700	   4.660
2016.48087	 -60.200	   4.810
2016.48361	 -55.820	   4.580
2016.48634	 -53.760	   5.260
2016.48907	 -59.150	   4.310
2016.49180	 -53.350	   4.720
2016.49454	 -56.140	   4.730
2016.49727	 -55.120	   4.760
2016.50000	 -56.250	   4.340
2016.50273	 -52.210	   4.180
2016.50546	 -64.580	   4.300
2016.50820	 -57.420	   4.590
2016.51093	 -60.110	   4.650
2016.51366	 -55.640	   5.010
2016.51639	 -60.540	   4.420
2016.51913	 -60.120	   5.410
2016.52186	 -56.950	   4.800
2016.52459	 -59.440	   4.940
2016.52732	 -54.410	   5.780
2016.53005	 -61.360	   6.080
2016.53279	 -59.190	   4.750
2016.54918	 -59.260	   4.070
2016.55191	 -58.430	   8.640
2016.57104	 -56.350	   4.670
2016.57377	 -59.840	   4.650
2016.57650	 -60.200	   5.060
2016.57923	 -61.820	   5.110
2016.58197	 -56.410	   5.090
2016.58470	 -63.340	   5.200
2016.58743	 -57.010	   3.980
2016.59016	 -57.350	   3.950
2016.59290	 -56.760	   3.980
2016.59563	 -59.370	   3.830
2016.59836	 -57.090	   4.830
2016.60109	 -58.190	   5.690
2016.60383	 -56.380	   5.740
2016.60656	 -54.630	   5.020
2016.60929	 -55.370	   5.380
2016.61202	 -56.060	   4.790
2016.61475	 -58.480	   3.910
2016.61749	 -57.030	   4.200
2016.62022	 -54.030	   4.310
2016.62295	 -64.150	   4.680
2016.62568	 -60.330	   4.660
2016.62842	 -57.350	   4.720
2016.63115	 -61.830	   5.900
2016.63388	 -61.580	   5.460
2016.63661	 -57.580	   5.130
2016.64208	 -57.570	   5.130
2016.64481	 -59.180	   5.210
2016.64754	 -62.950	   4.840
2016.65027	 -62.790	   5.000
2016.65301	 -58.600	   5.520
2016.65574	 -64.480	   5.740
2016.65847	 -59.430	   5.610
2016.66120	 -64.930	   5.980
2016.66393	 -60.090	   4.810
2016.66667	 -62.300	   4.780
2016.66940	 -62.660	   4.800
2016.67213	 -60.520	   6.600
2016.67486	 -56.500	   5.360
2016.67760	 -61.720	   5.000
2016.68033	 -61.590	   5.920
2016.68306	 -60.820	   5.560
2016.68579	 -63.700	   4.550
2016.68852	 -57.180	   5.170
2016.69126	 -59.680	   4.690
2016.69399	 -61.510	   4.350
2016.69672	 -55.940	   5.620
2016.69945	 -65.000	   4.900
2016.70219	 -61.530	   4.870
2016.70492	 -65.020	   6.560
2016.70765	 -67.870	   5.500
2016.71038	 -73.540	   5.970
2016.71311	 -74.050	   5.830
2016.71585	 -71.220	   3.950
2016.71858	 -72.880	   5.400
2016.72131	 -64.190	   5.260
2016.72404	 -64.700	   4.920
2016.72678	 -60.400	   6.610
2016.72951	 -65.530	   5.560
2016.73224	 -64.180	   4.680
2016.73497	 -66.100	   5.620
2016.74317	 -61.980	   8.360
2016.74590	 -65.390	   5.800
2016.74863	 -67.590	   5.090
2016.75137	 -63.340	   5.360
2016.75410	 -67.490	   4.740
2016.75683	 -66.930	   4.980
2016.75956	 -70.470	   6.550
2016.76230	 -64.330	   6.080
2016.76503	 -68.150	   5.360
2016.76776	 -59.580	   5.280
2016.77049	 -66.470	   5.420
2016.77322	 -64.550	   5.060
2016.77596	 -67.550	   4.950
2016.77869	 -60.460	   5.190
2016.78142	 -66.290	   5.290
2016.78415	 -70.810	   5.430
2016.78689	 -65.320	   4.700
2016.78962	 -67.680	   5.500
2016.79235	 -64.580	   5.920
2016.79508	 -66.420	   5.040
2016.79781	 -65.430	   4.660
2016.80055	 -72.550	   5.370
2016.80328	 -66.320	   7.190
2016.80601	 -58.760	   4.930
2016.80874	 -63.220	   4.570
2016.81148	 -66.710	   4.660
2016.81421	 -64.430	   4.220
2016.81694	 -60.430	   4.640
2016.81967	 -65.160	   4.990
2016.82240	 -63.700	   4.190
2016.82514	 -63.540	   4.720
2016.82787	 -64.740	   6.760
2016.83607	 -66.690	   4.910
2016.84153	 -67.030	   4.850
2016.84699	 -65.900	   6.980
2016.84973	 -69.370	   5.150
2016.85519	 -67.270	   6.430
2016.85792	 -66.200	   4.290
2016.86339	 -67.560	   4.850
2016.86612	 -65.820	   4.550
2016.86885	 -69.680	   5.400
2016.87158	 -70.070	   5.720
2016.87432	 -73.490	   5.570
2016.87705	 -64.420	   6.170
2016.88251	 -66.410	   3.720
2016.88525	 -67.740	   4.340
2016.88798	 -65.370	   4.070
2016.89071	 -66.930	   3.990
2016.89344	 -70.920	   4.050
2016.89617	 -67.270	   4.340
2016.89891	 -72.890	   3.950
2016.90164	 -68.100	   3.840
2016.90437	 -67.280	   4.170
2016.90710	 -70.690	   4.550
2016.90984	 -69.960	   4.670
2016.91257	 -67.070	   4.260
2016.91530	 -66.300	   4.610
2016.91803	 -71.710	   4.380
2016.92077	 -68.910	   4.190
2016.92350	 -69.410	   4.130
2016.92623	 -70.620	   4.370
2016.92896	 -77.390	   3.800
2016.93169	 -77.040	   3.600
2016.93443	 -71.190	   3.910
2016.93716	 -70.930	   4.200
2016.93989	 -75.480	   4.170
2016.94262	 -77.460	   3.670
2016.94536	 -70.340	   3.960
2016.94809	 -67.600	   4.240
2016.95082	 -73.310	   3.890
2016.95355	 -72.990	   3.870
2016.95628	 -76.050	   3.290
2016.95902	 -72.000	   4.050
2016.96175	 -71.130	   3.830
2016.96448	 -70.380	   3.870
2016.96721	 -70.570	   4.100
2016.96995	 -69.070	   3.980
2016.97268	 -76.930	   3.640
2016.97541	 -74.110	   3.500
2016.97814	 -69.120	   3.880
2016.98087	 -77.240	   3.340
2016.98361	 -76.440	   3.200
2016.98634	 -78.570	   3.750
2016.98907	 -71.080	   4.190
2016.99180	 -78.940	   3.500
2016.99454	 -75.150	   3.850
2016.99727	 -77.010	   3.620
2017.00000	 -72.890	   4.040
2017.00274	 -77.550	   3.590
2017.00548	 -73.510	   3.760
2017.00822	 -77.520	   3.300
2017.01096	 -76.120	   3.770
2017.01370	 -73.210	   3.770
2017.01644	 -73.010	   3.470
2017.01918	 -68.740	   3.500
2017.02192	 -70.260	   3.730
2017.02466	 -70.740	   3.920
2017.02740	 -68.730	   4.420
2017.03014	 -68.490	   4.200
2017.03288	 -70.800	   3.710
2017.03562	 -73.670	   3.420
2017.03836	 -78.260	   3.100
2017.04110	 -74.410	   3.740
2017.04384	 -73.040	   3.520
2017.04658	 -73.220	   4.090
2017.04932	 -73.040	   3.690
2017.05205	 -72.600	   3.640
2017.05479	 -75.610	   3.490
2017.05753	 -72.950	   3.780
2017.06027	 -76.750	   3.790
2017.06301	 -73.870	   3.480
2017.06575	 -70.910	   3.490
2017.06849	 -69.320	   4.120
2017.07123	 -74.650	   3.590
2017.07397	 -74.480	   3.820
2017.07671	 -72.930	   3.700
2017.07945	 -71.120	   3.800
2017.08219	 -73.300	   4.310
2017.08493	 -71.090	   3.940
2017.08767	 -75.630	   3.790
2017.09041	 -74.420	   3.590
2017.09315	 -68.570	   4.010
2017.09589	 -69.510	   5.010
2017.09863	 -70.260	   4.350
2017.10137	 -73.480	   3.730
2017.10411	 -74.590	   4.100
2017.10685	 -72.460	   4.230
2017.10959	 -81.560	   3.040
2017.11233	 -75.760	   3.300
2017.11507	 -76.840	   3.410
2017.11781	 -75.040	   3.410
2017.12055	 -78.000	   3.560
2017.12329	 -76.430	   3.580
2017.12603	 -74.360	   3.780
2017.12877	 -76.480	   3.490
2017.13151	 -77.140	   3.600
2017.13425	 -75.140	   3.900
2017.13699	 -74.930	   4.120
2017.13973	 -77.800	   3.850
2017.14247	 -75.410	   4.120
2017.14521	 -75.700	   4.310
2017.14795	 -78.200	   3.750
2017.15068	 -74.970	   3.990
2017.15616	 -79.190	   3.630
2017.15890	 -76.920	   3.480
2017.16164	 -77.920	   3.530
2017.16438	 -80.190	   3.670
2017.16712	 -81.800	   3.420
2017.16986	 -83.030	   3.310
2017.17260	 -82.570	   3.210
2017.17534	 -80.560	   3.410
2017.17808	 -82.440	   3.280
2017.18082	 -83.250	   3.080
2017.18356	 -79.600	   3.590
2017.18630	 -81.260	   3.430
2017.18904	 -85.190	   3.540
2017.19178	 -79.590	   3.280
2017.19452	 -83.560	   3.090
2017.19726	 -84.890	   3.490
2017.20000	 -85.480	   3.400
2017.20274	 -78.740	   4.330
2017.20548	 -76.240	   4.400
2017.20822	 -85.610	   3.250
2017.21096	 -83.540	   3.620
2017.21370	 -84.500	   3.980
2017.21644	 -84.730	   3.480
2017.21918	 -82.620	   4.440
2017.22192	 -74.620	   5.410
2017.22466	 -84.000	   4.030
2017.22740	 -78.870	   4.670
2017.23014	 -82.820	   3.890
2017.23288	 -79.410	   4.340
2017.23562	 -78.720	   4.620
2017.23836	 -79.230	   4.410
2017.24110	 -81.730	   4.130
2017.24384	 -82.230	   3.970
2017.24658	 -78.120	   5.840
2017.24932	 -81.830	   4.890
2017.25205	 -75.210	   5.590
2017.25479	 -71.240	   4.520
2017.25753	 -73.980	   5.090
2017.26027	 -74.810	   4.400
2017.26301	 -76.680	   4.820
2017.26575	 -84.280	   3.810
2017.26849	 -78.450	   4.810
2017.27123	 -82.600	   4.760
2017.27397	 -81.070	   4.610
2017.27671	 -83.840	   5.520
2017.27945	 -86.030	   4.600
2017.28219	 -84.860	   4.740
2017.28493	 -81.700	   4.290
2017.28767	 -80.760	   4.470
2017.29041	 -82.360	   4.340
2017.29315	 -88.270	   3.970
2017.29589	 -83.120	   4.180
2017.29863	 -84.150	   5.490
2017.30137	 -83.110	   4.890
2017.30411	 -79.160	   5.010
2017.30685	 -86.450	   3.960
2017.30959	 -86.330	   3.500
2017.31233	 -82.100	   3.530
2017.31507	 -78.800	   4.040
2017.31781	 -80.930	   3.970
2017.32055	 -78.220	   4.540
2017.32329	 -75.500	   4.640
2017.32603	 -79.170	   4.200
2017.32877	 -77.410	   4.260
2017.33151	 -83.500	   3.830
2017.33425	 -81.730	   4.120
2017.33699	 -83.290	   4.060
2017.33973	 -79.370	   4.150
2017.34247	 -81.630	   4.210
2017.34521	 -80.550	   4.460
2017.34795	 -82.310	   3.910
2017.35068	 -80.690	   4.260
2017.35342	 -82.970	   4.400
2017.35616	 -82.510	   4.960
2017.35890	 -81.090	   4.270
2017.36164	 -82.740	   4.080
2017.36438	 -83.390	   4.270
2017.36712	 -82.440	   4.240
2017.36986	 -82.460	   4.130
2017.37260	 -84.400	   3.990
2017.37534	 -88.270	   3.750
2017.37808	 -79.650	   4.500
2017.38082	 -81.080	   4.350
2017.38356	 -83.750	   4.130
2017.38630	 -80.660	   3.720
2017.38904	 -80.970	   3.970
2017.39178	 -81.750	   4.110
2017.39452	 -85.920	   5.100
2017.39726	 -79.170	   4.680
2017.40000	 -82.780	   3.710
2017.40274	 -84.510	   3.610
2017.40548	 -85.610	   3.810
2017.40822	 -86.850	   4.120
2017.41096	 -86.370	   4.850
2017.41370	 -82.990	   4.220
2017.41644	 -77.820	   5.690
2017.41918	 -80.410	   4.650
2017.42192	 -80.990	   4.870
2017.42466	 -82.800	   5.360
2017.42740	 -79.220	   4.130
2017.43014	 -82.700	   4.120
2017.43288	 -85.170	   4.790
2017.43562	 -84.240	   4.910
2017.43836	 -78.050	   4.490
2017.44110	 -83.330	   3.870
2017.44384	 -89.510	   3.610
2017.44658	 -83.630	   4.910
2017.44932	 -78.480	   4.720
2017.45205	 -81.360	   5.180
2017.45479	 -81.840	   5.460
2017.45753	 -80.260	   6.010
2017.46301	 -81.860	   4.960
2017.46575	 -79.870	   4.510
2017.46849	 -83.040	   4.780
2017.47123	 -79.530	   4.450
2017.47397	 -81.540	   4.060
2017.47671	 -79.590	   4.330
2017.47945	 -77.510	   5.000
2017.48219	 -86.030	   4.340
2017.48493	 -81.050	   4.120
2017.48767	 -84.120	   4.470
2017.49041	 -85.060	   4.700
2017.49315	 -81.810	   4.630
2017.49589	 -82.970	   4.720
2017.49863	 -85.650	   4.320
2017.50137	 -83.170	   7.860
2017.50411	 -78.950	   4.920
2017.50685	 -88.010	   4.780
2017.50959	 -83.950	   4.700
2017.51233	 -82.340	   4.830
2017.51507	 -86.440	   4.250
2017.51781	 -85.040	   4.730
2017.52055	 -84.690	   4.230
2017.52603	 -84.980	   4.650
2017.52877	 -79.260	   4.520
2017.53151	 -83.200	   4.820
2017.53425	 -85.670	   4.670
2017.53699	 -82.370	   4.750
2017.53973	 -85.080	   4.680
2017.54247	 -84.940	   3.650
2017.54521	 -83.340	   4.210
2017.54795	 -83.690	   4.200
2017.55068	 -83.740	   3.980
2017.55342	 -87.050	  12.520
2017.55616	 -84.670	   4.190
2017.55890	 -85.130	   4.430
2017.56164	 -82.610	   4.940
2017.56438	 -79.830	   4.920
2017.56712	 -84.570	   5.670
2017.56986	 -85.030	   4.760
2017.57260	 -84.300	   4.910
2017.57534	 -83.940	   5.970
2017.57808	 -86.560	   6.460
2017.58082	 -83.710	   6.340
2017.58356	 -86.290	   6.170
2017.58630	 -83.920	   4.750
2017.58904	 -82.890	   5.080
2017.59178	 -83.110	   4.750
2017.59452	 -83.170	   4.680
2017.59726	 -84.890	   4.740
2017.60000	 -79.280	   5.030
2017.60274	 -82.690	   5.110
2017.60548	 -83.720	   5.050
2017.60822	 -82.510	   5.230
2017.61096	 -83.480	   5.220
2017.61370	 -83.510	   4.530
2017.61644	 -83.390	   4.350
2017.61918	 -86.210	   4.350
2017.62192	 -78.930	   4.700
2017.62466	 -85.520	   4.750
2017.62740	 -84.660	   4.420
2017.63014	 -83.260	   5.080
2017.63288	 -85.130	   5.530
2017.63562	 -80.460	   5.230
2017.63836	 -85.850	   5.920
2017.64110	 -85.250	   5.670
2017.64384	 -83.660	   4.190
2017.64658	 -85.930	   4.440
2017.64932	 -86.170	   4.750
2017.65205	 -87.520	   5.270
2017.65479	 -83.140	   4.430
2017.65753	 -85.760	   4.990
2017.66027	 -87.300	   5.170
2017.66301	 -84.650	   5.150
2017.66575	 -85.920	   5.170
2017.66849	 -89.620	   6.260
2017.67123	 -87.480	   4.760
2017.67397	 -88.550	   5.000
2017.67671	 -82.270	   5.120
2017.67945	 -83.190	   4.610
2017.68219	 -88.050	   4.300
2017.68493	 -86.370	   4.540
2017.68767	 -84.600	   4.310
2017.69041	 -90.990	   3.980
2017.69315	 -92.450	   4.410
2017.69589	 -86.960	   4.900
2017.69863	 -87.700	   4.750
2017.70137	 -88.000	   5.190
2017.70411	 -86.120	   4.630
2017.70685	 -92.850	   3.740
2017.70959	 -95.550	   4.500
2017.71233	 -86.880	   4.400
2017.71507	 -91.470	   4.270
2017.71781	 -90.130	   4.970
2017.72055	 -86.620	   4.070
2017.72329	 -87.980	   4.010
2017.72603	 -87.910	   4.980
2017.72877	 -89.470	   4.160
2017.73151	 -89.620	   4.170
2017.73425	 -91.000	   4.700
2017.73699	 -92.380	   4.210
2017.73973	 -87.870	   4.030
2017.74247	 -95.300	   4.580
2017.74521	 -86.500	   5.650
2017.74795	 -88.030	   4.390
2017.75068	 -89.000	   4.510
2017.75342	 -89.920	   4.710
2017.75616	 -86.030	   5.010
2017.75890	 -90.340	   5.400
2017.76164	 -88.660	   4.360
2017.76438	 -84.380	   4.830
2017.76712	 -92.360	   4.930
2017.76986	 -85.590	   6.250
2017.77260	 -88.800	   5.460
2017.77534	 -86.000	   6.030
2017.77808	 -90.260	   5.000
2017.78082	 -89.740	   5.110
2017.78630	 -89.680	   5.050
2017.78904	 -93.490	   5.390
2017.79178	 -88.590	   5.270
2017.79452	 -85.510	   5.080
2017.79726	 -90.400	   4.040
2017.80000	 -87.460	   4.530
2017.80274	 -89.510	   3.570
2017.80548	 -88.910	   3.550
2017.80822	 -91.320	   3.570
2017.81096	 -88.020	   3.630
2017.81370	 -91.560	   3.580
2017.81644	 -89.800	   4.060
2017.81918	 -89.000	   3.980
2017.82192	 -88.630	   3.660
2017.82466	 -91.560	   3.670
2017.82740	 -88.110	   3.860
2017.83014	 -87.640	   4.180
2017.83288	 -88.580	   3.890
2017.83562	 -86.840	   4.000
2017.83836	 -86.820	   4.200
2017.84110	 -92.140	   4.440
2017.84384	 -92.730	   3.940
2017.84658	 -88.430	   3.700
2017.84932	 -92.280	   4.180
2017.85205	 -91.780	   4.560
2017.85479	 -90.350	   4.100
2017.85753	 -89.900	   3.810
2017.86301	 -90.010	   4.170
2017.86575	 -90.020	   3.680
2017.86849	 -89.990	   3.740
2017.87123	 -90.950	   4.160
2017.87397	 -93.750	   4.220
2017.87671	 -90.950	   3.940
2017.87945	 -92.060	   3.820
2017.88219	 -93.370	   4.170
2017.88493	 -93.890	   3.600
2017.88767	 -92.380	   3.740
2017.89041	 -91.170	   3.910
2017.89315	 -92.980	   4.030
2017.89589	 -93.040	   3.990
2017.89863	 -91.640	   3.770
2017.90137	 -90.460	   3.880
2017.90411	 -90.610	   3.770
2017.90685	 -90.560	   4.040
2017.90959	 -91.570	   3.590
2017.91233	 -93.110	   3.920
2017.91507	 -92.610	   4.010
2017.91781	 -93.710	   4.300
2017.92055	 -89.140	   4.140
2017.92329	 -93.150	   3.910
2017.92603	 -93.280	   3.790
2017.92877	 -93.200	   3.580
2017.93151	 -91.700	   3.960
2017.93425	 -92.660	   3.860
2017.93699	 -93.400	   3.520
2017.93973	 -93.920	   3.780
2017.94247	 -93.500	   3.620
2017.94521	 -92.010	   3.590
2017.94795	 -92.970	   3.630
2017.95342	 -94.110	   3.740
2017.95616	 -93.590	   3.780
2017.95890	 -95.450	   4.010
2017.96164	 -96.580	   4.190
2017.96438	 -96.570	   3.930
2017.96712	 -96.300	   4.380
2017.96986	 -95.870	   4.320
2017.97260	 -94.690	   3.710
2017.97534	 -94.380	   3.690
2017.97808	 -97.090	   3.740
2017.98082	 -94.010	   3.700
2017.98356	 -96.320	   3.520
2017.98630	 -94.340	   3.580
2017.98904	 -96.150	   3.460
2017.99178	 -93.740	   3.810
2017.99452	 -91.610	   3.600
2017.99726	 -91.600	   3.710
2018.00000	 -94.460	   3.550
2018.00274	 -95.500	   3.700
2018.00548	 -95.150	   3.590
2018.00822	 -97.160	   3.620
2018.01096	 -92.030	   3.850
2018.01370	 -98.340	   3.790
2018.01644	 -97.470	   3.650
2018.01918	 -92.900	   3.600
2018.02192	 -96.290	   4.020
2018.02466	 -94.730	   4.050
2018.02740	 -95.100	   3.590
2018.03014	 -94.100	   3.650
2018.03288	 -96.330	   3.610
2018.03562	 -97.240	   3.510
2018.03836	 -93.000	   3.870
2018.04110	 -96.080	   3.740
2018.04384	 -95.460	   3.800
2018.04658	 -96.900	   3.800
2018.04932	 -94.630	   3.870
2018.05205	 -96.090	   3.940
2018.05479	 -94.840	   3.740
2018.05753	 -94.680	   4.180
2018.06027	 -97.160	   3.870
2018.06301	 -96.790	   3.600
2018.06575	 -96.460	   3.780
2018.06849	 -94.180	   3.870
2018.07123	 -94.640	   3.820
2018.07397	 -94.970	   3.800
2018.07671	 -97.540	   4.070
2018.07945	 -99.650	   3.440
2018.08219	 -92.180	   3.370
2018.08493	 -95.900	   3.340
2018.08767	 -97.900	   3.570
2018.09041	 -97.870	   3.560
2018.09315	 -98.030	   3.330
2018.09589	-100.060	   3.310
2018.09863	 -95.750	   3.670
2018.10137	 -98.070	   3.710
2018.10411	-100.990	   3.700
2018.10685	 -96.840	   3.540
2018.10959	 -97.930	   3.630
2018.11233	 -97.440	   3.670
2018.11507	 -96.180	   3.460
2018.11781	 -97.620	   3.530
2018.12055	 -96.140	   3.660
2018.12329	 -95.550	   3.610
2018.12603	 -95.780	   3.790
2018.12877	 -95.880	   4.490
2018.13151	 -96.410	   3.680
2018.13425	 -98.680	   3.640
2018.13699	 -97.450	   3.620
2018.13973	 -96.490	   3.960
2018.14247	 -96.920	   3.820
2018.14521	 -94.620	   4.010
2018.14795	 -96.550	   3.830
2018.15068	 -95.920	   3.980
2018.15342	 -98.920	   3.920
2018.15616	 -97.260	   3.800
2018.15890	 -93.730	   4.250
2018.16164	 -99.830	   3.990
