2012.00000      5.29
2012.00273      7.11
2012.00546      6.41
2012.00820      6.90
2012.01093      6.16
2012.01366      6.62
2012.01639      7.65
2012.01913      4.92
2012.02186      4.52
2012.02459      4.93
2012.02732      5.13
2012.03005      6.36
2012.03279      6.35
2012.03552      4.66
2012.03825      5.06
2012.04098      6.64
2012.04372      4.74
2012.04645      3.85
2012.04918      4.09
2012.05191      3.56
2012.05464      4.42
2012.05738      5.53
2012.06011      5.30
2012.06284      1.51
2012.06557      4.40
2012.06831      3.52
2012.07104      4.73
2012.07377      3.06
2012.07650      3.24
2012.07923      6.86
2012.08197      5.16
2012.08470      4.72
2012.08743      3.84
2012.09016      3.29
2012.09290      3.04
2012.09563      6.22
2012.09836      5.90
2012.10109      6.90
2012.10383      5.88
2012.10656      5.74
2012.10929      7.02
2012.11202      5.71
2012.11475      7.82
2012.11749      6.04
2012.12022      6.27
2012.12295      9.82
2012.12568      4.65
2012.12842      6.51
2012.13115      3.15
2012.13388      3.25
2012.13661      5.55
2012.13934      6.87
2012.14208      6.88
2012.14481      5.99
2012.14754      6.65
2012.15027      5.66
2012.15301      4.88
2012.15574      4.73
2012.15847      2.72
2012.16120      2.97
2012.16393      4.30
2012.16667      1.87
2012.16940      2.19
2012.17213      2.67
2012.17486      3.99
2012.17760      4.85
2012.18033      2.10
2012.18306      1.73
2012.18579      4.03
2012.18852      5.10
2012.19126      5.56
2012.19399      4.51
2012.19672      3.26
2012.19945      2.85
2012.20219      2.74
2012.20492      0.42
2012.20765      1.70
2012.21038      4.36
2012.21311      2.06
2012.21585     -0.45
2012.21858      2.69
2012.22131     -0.24
2012.22404      3.05
2012.22678      3.61
2012.22951      1.22
2012.23224     -0.01
2012.23497      0.79
2012.23770      0.42
2012.24044      4.56
2012.24317      3.58
2012.24590      1.60
2012.24863      2.92
2012.25137     -1.56
2012.25410      2.33
2012.25683     -0.18
2012.25956      3.57
2012.26230      2.27
2012.26503      2.28
2012.26776      0.58
2012.27049      1.88
2012.27322      0.42
2012.27596      3.17
2012.27869      1.84
2012.28142      2.61
2012.28415     -0.14
2012.28689      1.39
2012.28962      0.90
2012.29235      4.73
2012.29508      3.55
2012.29781      1.85
2012.30055      3.81
2012.30328      3.22
2012.30601      4.68
2012.30874      4.90
2012.31148      6.09
2012.31421      4.97
2012.31694      2.90
2012.31967      2.75
2012.32240      5.52
2012.32514      3.09
2012.32787      5.56
2012.33060      7.29
2012.33333      3.18
2012.33607      2.33
2012.33880      7.71
2012.34153      4.39
2012.34426      4.99
2012.34699      4.76
2012.34973      3.24
2012.35246      5.42
2012.35519      3.22
2012.35792      0.90
2012.36066      2.05
2012.36339      5.38
2012.36612      5.44
2012.36885      3.42
2012.37158      4.09
2012.37432      3.59
2012.37705      0.60
2012.37978      3.67
2012.38251      3.31
2012.38525      4.26
2012.38798      5.25
2012.39071      1.37
2012.39344      5.20
2012.39617      4.08
2012.39891      4.84
2012.40164      5.11
2012.40437     -0.17
2012.40710      4.47
2012.40984      1.72
2012.41257      7.22
2012.41530      0.87
2012.41803      2.85
2012.42077      5.73
2012.42350      4.50
2012.42623     -0.01
2012.42896      2.18
2012.43169      3.25
2012.43443      3.98
2012.43716      3.08
2012.53005      4.36
2012.53279      2.48
2012.53552      0.24
2012.53825     -0.88
2012.54098      3.02
2012.54372      2.87
2012.54645     -0.07
2012.54918      3.34
2012.55191      0.50
2012.55464     -2.49
2012.55738      2.49
2012.56011      1.28
2012.56284      1.21
2012.56557      4.78
2012.56831      4.91
2012.57104      5.20
2012.57377      1.65
2012.57650      3.29
2012.57923      3.41
2012.58197      1.13
2012.58470      3.57
2012.58743      3.34
2012.59016      3.71
2012.59563      4.32
2012.59836      1.65
2012.60109      1.13
2012.60929      3.48
2012.61202      2.65
2012.61475      2.88
2012.61749      5.25
2012.62022      1.17
2012.62295      1.71
2012.62568     -0.30
2012.62842      2.82
2012.63115      3.99
2012.63388      9.05
2012.63661      2.25
2012.63934      3.96
2012.64208      6.55
2012.64481      4.66
2012.64754      6.91
2012.65027      3.83
2012.65301      4.40
2012.65574      1.23
2012.65847      0.12
2012.66120      1.77
2012.66393      7.33
2012.66667      7.14
2012.66940      0.40
2012.67213      2.45
2012.67486      0.59
2012.67760      3.64
2012.68033      4.22
2012.68306      1.96
2012.68579      4.24
2012.68852      5.87
2012.69126     -0.03
2012.69399      2.17
2012.69672      3.90
2012.69945      4.08
2012.70219     -0.35
2012.70492     -1.61
2012.70765     -0.06
2012.71038     -0.07
2012.71311     -0.69
2012.71585     -1.20
2012.71858      1.65
2012.72131     -1.57
2012.72404      2.68
2012.72678      0.93
2012.73224     -1.00
2012.73497      1.56
2012.73770     -0.40
2012.74044      1.80
2012.74317      0.78
2012.74590      1.08
2012.74863      0.13
2012.75137      0.47
2012.75410      2.83
2012.75683      3.15
2012.75956      2.94
2012.76230      2.51
2012.76503     -3.21
2012.76776      1.13
2012.77049      0.95
2012.77322     -0.53
2012.77596     -1.69
2012.77869      0.42
2012.78142      1.01
2012.78415     -0.39
2012.78689     -1.96
2012.78962     -0.90
2012.79235      1.27
2012.79508      2.26
2012.79781      1.01
2012.80055     -0.45
2012.80328     -0.99
2012.80601      1.40
2012.80874      1.54
2012.81148      0.48
2012.81421     -0.29
2012.81694      0.17
2012.81967      2.87
2012.82240      5.19
2012.82514     -0.07
2012.82787      0.72
2012.83060     -0.83
2012.83333      0.27
2012.83607     -0.01
2012.83880     -0.97
2012.84153     -0.38
2012.84426      1.06
2012.84699      0.21
2012.84973      1.83
2012.85246      1.74
2012.85519      0.94
2012.85792     -0.43
2012.86066      1.27
2012.86339      1.03
2012.86612      2.28
2012.86885     -0.01
2012.87158     -1.09
2012.87432     -1.98
2012.87705      0.83
2012.87978     -2.64
2012.88251     -0.25
2012.88525      0.66
2012.88798      1.03
2012.89071      0.64
2012.89344     -3.15
2012.89617     -2.20
2012.89891     -1.40
2012.90164     -2.05
2012.90437      2.88
2012.90710     -0.85
2012.90984     -1.34
2012.91257      0.06
2012.91530     -0.09
2012.91803     -1.14
2012.92077     -0.99
2012.92350      0.99
2012.92623     -0.41
2012.92896     -1.88
2012.93169     -1.73
2012.93443      0.94
2012.93716      0.55
2012.93989      3.09
2012.94262      0.22
2012.94536      2.17
2012.94809      2.03
2012.95082      2.27
2012.95355      1.31
2012.95628      2.38
2012.95902      0.59
2012.96175      1.96
2012.96448     -1.09
2012.96721      0.72
2012.96995     -0.15
2012.97268      1.68
2012.97541      0.80
2012.97814     -1.94
2012.98087     -1.38
2012.98361      0.28
2012.98634      0.94
2012.98907     -0.31
2012.99180      1.96
2012.99454     -0.08
2012.99727      1.52
2013.00000      0.29
2013.00274     -2.05
2013.00548      0.64
2013.00822     -0.03
2013.01096      1.04
2013.01370     -2.15
2013.01644     -0.38
2013.01918     -1.79
2013.02192      0.53
2013.02466      0.31
2013.02740      0.89
2013.03014      0.67
2013.03288     -1.18
2013.03562      2.72
2013.03836      0.71
2013.04110     -1.27
2013.04384     -0.56
2013.04658     -0.60
2013.04932     -0.47
2013.05205      0.08
2013.05479     -1.54
2013.05753     -0.76
2013.06027     -1.20
2013.06301     -0.97
2013.06575     -0.67
2013.06849     -0.48
2013.07123     -1.17
2013.07397     -0.76
2013.07671     -3.02
2013.07945     -2.66
2013.08219     -2.19
2013.08493     -2.76
2013.08767     -0.47
2013.09041     -0.90
2013.09315     -1.58
2013.09589     -2.51
2013.09863     -4.63
2013.10137     -1.76
2013.10411     -1.24
2013.10685     -2.27
2013.10959     -4.16
2013.11233     -0.77
2013.11507     -1.91
2013.11781     -2.13
2013.12055     -2.04
2013.12329     -3.21
2013.12603     -2.86
2013.12877     -2.19
2013.13151     -1.07
2013.13425     -2.56
2013.13699     -3.17
2013.13973     -6.32
2013.14247     -1.44
2013.14521     -1.49
2013.14795     -2.17
2013.15342     -1.70
2013.15616     -3.94
2013.15890     -2.18
2013.16164     -3.59
2013.16438     -2.70
2013.16712     -4.01
2013.16986     -3.19
2013.17260     -2.57
2013.17534     -4.04
2013.17808     -4.44
2013.18082     -2.21
2013.18356     -5.63
2013.18630     -1.88
2013.18904     -5.56
2013.19178     -6.10
2013.19452     -4.40
2013.19726     -3.82
2013.20000     -3.93
2013.20274     -3.53
2013.20548     -4.01
2013.20822     -2.48
2013.21096     -5.20
2013.21370     -4.05
2013.21644     -7.48
2013.21918     -7.55
2013.22192     -5.45
2013.22466     -6.84
2013.22740     -3.78
2013.23014     -5.26
2013.23288     -7.14
2013.23562     -6.47
2013.23836     -5.98
2013.24110     -6.03
2013.24384     -4.64
2013.24658     -3.25
2013.24932     -5.02
2013.25205     -8.40
2013.25479     -8.44
2013.25753     -1.47
2013.26027     -6.01
2013.26301     -3.26
2013.26575     -5.29
2013.26849     -5.81
2013.27123     -4.13
2013.27397     -3.88
2013.27671     -2.69
2013.27945     -6.43
2013.28219     -4.54
2013.28493     -2.42
2013.28767     -5.72
2013.29041     -1.62
2013.29315     -3.48
2013.29589     -4.02
2013.29863     -5.07
2013.30137     -4.30
2013.30411     -5.92
2013.30685     -5.37
2013.31233     -3.61
2013.31507     -3.16
2013.31781     -3.99
2013.32055     -4.06
2013.32329     -2.83
2013.32603     -2.57
2013.32877     -5.67
2013.33151     -2.85
2013.33425     -3.15
2013.33699     -3.07
2013.33973     -4.12
2013.34247     -3.42
2013.34521     -4.59
2013.34795     -4.83
2013.35068     -5.20
2013.35342     -4.03
2013.35616     -6.77
2013.35890     -7.10
2013.36164     -6.92
2013.36438     -2.66
2013.36712     -1.27
2013.36986     -5.83
2013.37260     -5.51
2013.37534      1.35
2013.37808      1.10
2013.38082     -5.78
2013.38356     -3.09
2013.38630     -3.46
2013.38904     -5.55
2013.39178      0.22
2013.39452     -3.65
2013.39726     -3.08
2013.40000     -4.33
2013.40274     -1.70
2013.40548     -4.63
2013.40822     -1.29
2013.41096     -7.00
2013.41370     -9.01
2013.41644     -6.05
2013.41918     -5.77
2013.42192     -4.72
2013.42466     -4.03
2013.42740     -3.53
2013.43014     -5.38
2013.43288    -11.10
2013.43562     -5.61
2013.43836     -6.41
2013.44110     -8.53
2013.44384     -4.12
2013.44658     -4.24
2013.44932      1.24
2013.45205     -5.55
2013.45479     -8.51
2013.45753     -7.17
2013.46027     -3.55
2013.46301     -5.86
2013.46575     -4.52
2013.46849     -6.81
2013.47123     -5.94
2013.47397     -5.89
2013.47671     -1.56
2013.47945     -4.74
2013.48219     -1.41
2013.48493     -6.44
2013.48767     -4.21
2013.49041     -3.78
2013.49315     -0.81
2013.49589     -3.95
2013.49863     -3.05
2013.50137     -6.42
2013.50411     -2.47
2013.50685     -4.34
2013.50959     -6.83
2013.51233     -0.19
2013.51507     -6.62
2013.51781     -7.57
2013.52055     -5.22
2013.52329     -2.97
2013.52603     -6.08
2013.52877     -5.40
2013.53151     -6.29
2013.53425     -1.29
2013.53699     -2.88
2013.53973     -3.08
2013.54247     -3.69
2013.54521     -1.50
2013.54795     -2.92
2013.55616     -3.83
2013.55890     -6.28
2013.56164      0.21
2013.56438     -7.01
2013.56712     -7.57
2013.56986     -4.72
2013.57260     -5.41
2013.57534     -0.63
2013.57808     -1.28
2013.58082     -3.18
2013.58356     -1.32
2013.58630     -4.04
2013.58904     -6.04
2013.59178     -8.80
2013.59452     -4.45
2013.59726     -3.44
2013.60000     -6.06
2013.60274     -6.97
2013.60548     -4.34
2013.60822      2.20
2013.61096     -6.51
2013.61370     -2.14
2013.61644     -2.89
2013.61918     -2.40
2013.62192     -1.89
2013.62466     -4.98
2013.62740      0.61
2013.63014     -5.48
2013.63288     -9.26
2013.63562     -2.93
2013.63836     -4.93
2013.64110     -1.90
2013.64384     -0.49
2013.64658      0.48
2013.64932     -1.43
2013.65479     -5.24
2013.65753     -1.59
2013.66027     -2.28
2013.66301     -2.82
2013.66575     -6.01
2013.66849     -5.02
2013.67123     -2.74
2013.67671     -7.25
2013.68219     -5.85
2013.68493     -2.85
2013.68767     -5.07
2013.69041     -4.01
2013.69315     -3.08
2013.69589     -2.81
2013.69863     -3.91
2013.70137     -0.79
2013.70411     -4.98
2013.70685     -4.78
2013.70959     -8.61
2013.71233     -5.11
2013.71507     -4.59
2013.71781     -9.51
2013.72055     -1.12
2013.72329     -1.95
2013.72603     -4.07
2013.72877     -3.02
2013.73151     -4.37
2013.73425     -3.08
2013.73699     -5.59
2013.73973     -4.05
2013.74247     -1.80
2013.74521     -4.27
2013.74795     -7.72
2013.75068     -4.75
2013.75342     -2.53
2013.75616     -8.42
2013.75890     -4.10
2013.76164     -4.83
2013.76438     -3.55
2013.76712     -3.37
2013.76986     -4.69
2013.77260     -2.99
2013.77534      2.21
2013.77808     -2.55
2013.78082     -2.86
2013.78356     -3.91
2013.78630     -3.70
2013.78904     -1.29
2013.79178     -4.36
2013.79452     -1.28
2013.79726      2.24
2013.80000     -0.66
2013.80274     -4.17
2013.80548     -0.59
2013.80822     -4.29
2013.81096     -0.67
2013.81370     -2.60
2013.81644     -1.63
2013.81918     -3.38
2013.82192     -4.38
2013.82466     -2.11
2013.82740     -1.91
2013.83014     -4.18
2013.83288     -2.38
2013.83562     -5.36
2013.83836     -2.54
2013.84110     -2.56
2013.84384     -1.33
2013.84658     -2.38
2013.84932     -3.56
2013.85205     -4.65
2013.85479     -1.37
2013.85753     -2.16
2013.86027     -2.46
2013.86301     -4.80
2013.86575     -2.87
2013.86849     -1.12
2013.87123     -0.39
2013.87397     -4.93
2013.87671     -2.79
2013.87945     -1.11
2013.88219     -2.60
2013.88493     -2.99
2013.88767     -2.33
2013.89041     -4.19
2013.89315     -2.79
2013.89589     -4.60
2013.89863     -5.12
2013.90137     -6.85
2013.90411     -4.16
2013.90685     -5.72
2013.90959     -5.80
2013.91233     -7.55
2013.91507     -5.83
2013.91781     -6.96
2013.92055     -3.45
2013.92329     -5.43
2013.92603     -4.89
2013.92877     -5.94
2013.93151     -5.97
2013.93425     -4.85
2013.93699     -5.70
2013.93973     -5.17
2013.94247     -7.58
2013.94521     -4.49
2013.94795     -9.30
2013.95068     -3.80
2013.95342     -6.07
2013.95616     -5.35
2013.95890     -7.14
2013.96164     -7.89
2013.96438     -7.09
2013.96712     -6.35
2013.96986     -6.21
2013.97260     -1.94
2013.97534     -8.48
2013.97808     -4.30
2013.98082     -7.97
2013.98356     -8.37
2013.98630     -7.74
2013.98904     -6.24
2013.99726     -6.18
2014.00000     -4.42
2014.00274     -5.75
2014.00548     -4.85
2014.00822     -3.99
2014.01096     -4.18
2014.01370     -6.41
2014.01644     -6.56
2014.01918     -5.20
2014.02192     -4.92
2014.02466     -6.23
2014.02740     -6.78
2014.03014     -6.72
2014.03288     -6.59
2014.03562     -6.37
2014.03836     -9.90
2014.04110     -7.49
2014.04384     -8.76
2014.04658     -5.44
2014.04932     -6.86
2014.05205     -4.16
2014.05479     -4.68
2014.05753     -8.63
2014.06027     -6.94
2014.06301    -10.38
2014.06575     -6.85
2014.06849     -7.22
2014.07123     -6.75
2014.07397     -9.70
2014.07671     -5.96
2014.07945     -7.38
2014.08219     -3.85
2014.08493     -5.43
2014.08767     -4.23
2014.09041     -3.32
2014.09315     -5.81
2014.09589     -7.45
2014.09863     -3.40
2014.10137     -7.15
2014.10411     -4.82
2014.10685     -3.42
2014.10959     -5.40
2014.11233     -3.26
2014.11507     -2.55
2014.11781     -4.43
2014.12055     -4.42
2014.12329     -4.57
2014.12603     -4.82
2014.12877     -4.28
2014.13151     -3.04
2014.13425     -5.40
2014.13699     -3.94
2014.13973     -3.12
2014.14247     -5.08
2014.14521     -4.61
2014.14795     -1.97
2014.15068     -3.18
2014.15342     -3.37
2014.15616     -3.02
2014.15890     -4.73
2014.16164     -2.52
2014.16438     -1.71
2014.16712     -6.22
2014.16986      0.06
2014.17260     -2.39
2014.17534     -8.42
2014.17808     -5.68
2014.18082     -7.29
2014.18356     -2.89
2014.18630     -3.31
2014.18904     -5.74
2014.19178     -3.27
2014.19452     -5.19
2014.19726     -6.63
2014.20000     -7.77
2014.20274     -3.38
2014.20548     -5.01
2014.20822     -5.95
2014.21096     -3.44
2014.21370     -3.42
2014.21644     -5.41
2014.21918     -4.50
2014.22192     -5.40
2014.22466     -6.01
2014.22740     -4.04
2014.23014     -1.86
2014.23288     -0.29
2014.23562     -2.41
2014.23836     -2.86
2014.24110     -1.10
2014.24384     -1.04
2014.24658     -3.77
2014.24932     -1.26
2014.25205      0.79
2014.25479     -3.71
2014.25753     -2.73
2014.26027     -3.02
2014.26301     -4.03
2014.26575     -3.07
2014.26849     -2.53
2014.27123     -1.49
2014.27397      0.46
2014.27671     -0.73
2014.27945     -0.47
2014.28219      2.12
2014.28493      0.02
2014.28767     -4.55
2014.29041     -0.65
2014.29315     -1.14
2014.29589     -5.53
2014.29863     -2.27
2014.30137      0.09
2014.30411     -2.70
2014.30685     -2.42
2014.30959     -5.51
2014.31233     -1.52
2014.31507      0.55
2014.31781     -0.87
2014.32055      3.02
2014.32329     -5.30
2014.32603     -2.95
2014.32877     -1.38
2014.33151     -1.45
2014.33425     -0.91
2014.33699     -1.08
2014.33973     -1.92
2014.34247     -4.09
2014.34521     -2.18
2014.34795     -0.31
2014.35068     -0.22
2014.35342     -3.48
2014.35616      0.31
2014.35890     -1.44
2014.36164     -3.29
2014.36438     -2.33
2014.36712      0.03
2014.36986     -3.99
2014.37260     -0.53
2014.37534      0.97
2014.37808     -0.28
2014.38082     -1.97
2014.38356      3.57
2014.38630     -7.04
2014.38904     -2.78
2014.39178     -2.81
2014.39452      3.38
2014.39726     -1.19
2014.40000      1.88
2014.40274      3.04
2014.40548      1.83
2014.40822      1.51
2014.41096      1.25
2014.41370     -2.69
2014.41644     -4.22
2014.41918     -0.62
2014.42192     -0.36
2014.42466      2.28
2014.42740     -2.98
2014.43014     -2.14
2014.43288     -0.25
2014.43562     -2.70
2014.43836     -4.46
2014.44110     -2.93
2014.44384     -3.35
2014.44658     -4.32
2014.44932     -3.54
2014.45205     -3.73
2014.45479     -3.45
2014.45753     -1.73
2014.46027     -2.78
2014.46301     -4.40
2014.46575     -2.03
2014.46849     -1.29
2014.47123     -1.05
2014.47397     -0.69
2014.47671     -2.52
2014.47945     -1.63
2014.48219     -1.82
2014.48493     -5.87
2014.48767     -2.06
2014.49041     -1.32
2014.49315     -5.25
2014.49589     -5.60
2014.49863     -3.92
2014.50137     -0.81
2014.50411     -2.24
2014.50685     -0.79
2014.50959     -3.37
2014.51233      0.89
2014.51507     -4.06
2014.51781     -6.35
2014.52055     -3.09
2014.52329     -1.61
2014.52603     -4.36
2014.52877     -1.19
2014.53151     -3.43
2014.53425     -3.37
2014.53699      1.26
2014.53973     -1.14
2014.54247     -4.35
2014.54521      3.31
2014.54795      1.09
2014.55068     -1.48
2014.55342     -2.83
2014.55616      0.64
2014.55890     -3.75
2014.56164     -1.30
2014.56438      2.19
2014.56712      0.58
2014.56986     -2.10
2014.57260     -4.23
2014.57534     -3.50
2014.57808     -2.21
2014.58082     -0.71
2014.58356     -0.91
2014.58630     -1.08
2014.58904     -7.41
2014.59178     -2.68
2014.59452     -5.40
2014.59726     -1.34
2014.60000     -9.82
2014.60274      1.07
2014.60548     -6.10
2014.60822     -8.15
2014.61096     -5.06
2014.61370     -3.81
2014.61644      0.08
2014.61918     -7.51
2014.62192     -6.95
2014.62466     -3.97
2014.62740     -2.70
2014.63014     -4.56
2014.63288     -7.15
2014.63562     -4.25
2014.63836     -2.27
2014.64110     -5.56
2014.64384     -6.64
2014.64658     -6.55
2014.64932     -7.94
2014.65205     -7.02
2014.65479     -6.41
2014.65753     -6.81
2014.66027     -5.67
2014.66301     -1.94
2014.66575     -3.53
2014.66849     -6.56
2014.67123     -6.92
2014.67397     -8.45
2014.67671     -2.91
2014.67945     -6.71
2014.68219     -3.54
2014.68493     -3.78
2014.68767      1.91
2014.69041     -6.66
2014.69315     -3.13
2014.69589     -2.94
2014.69863     -4.55
2014.70137     -5.69
2014.70411     -3.56
2014.70685     -6.43
2014.70959     -4.88
2014.71233     -3.89
2014.71507     -0.91
2014.71781      3.34
2014.72055      1.74
2014.72329      0.75
2014.72603      2.92
2014.72877     -1.65
2014.73151      0.70
2014.73425      0.46
2014.73699      0.26
2014.73973      2.37
2014.74247      0.18
2014.74521      2.26
2014.74795      1.45
2014.75068      1.16
2014.75342     -4.52
2014.75616      3.14
2014.75890      2.43
2014.76164     -0.15
2014.76438      3.58
2014.76712      1.94
2014.76986     -1.53
2014.77260      1.15
2014.77534      0.90
2014.77808      3.07
2014.78082     -1.32
2014.78356      1.34
2014.78630     -0.73
2014.78904     -1.28
2014.79178      1.39
2014.79452     -2.09
2014.79726      3.07
2014.80000      2.77
2014.80274     -3.34
2014.80548      1.69
2014.80822      1.94
2014.81096      1.23
2014.81370      1.90
2014.81644     -2.68
2014.81918     -0.40
2014.82192     -1.69
2014.82466      1.38
2014.82740      2.12
2014.83014      2.99
2014.83288      1.36
2014.83562      5.26
2014.83836     -2.48
2014.84110      5.02
2014.84384     -1.29
2014.84658     -1.50
2014.84932      3.44
2014.85205      3.84
2014.85479      5.64
2014.85753      5.77
2014.86027      2.65
2014.86301      1.76
2014.86575      3.48
2014.86849      2.75
2014.87123      2.74
2014.87397      0.21
2014.87671     -2.82
2014.87945      2.85
2014.88219     -0.92
2014.88493      5.62
2014.88767      2.23
2014.89041      2.18
2014.89315      5.00
2014.89589      1.72
2014.89863     -0.30
2014.90137      4.33
2014.90411      4.35
2014.90685      3.56
2014.90959      0.66
2014.91233      0.25
2014.91507      3.76
2014.91781      1.10
2014.92055      0.01
2014.92329      1.34
2014.92603      1.80
2014.92877     -2.38
2014.93151      3.81
2014.93425      0.61
2014.93699     -1.83
2014.93973      1.48
2014.94247     -0.08
2014.94521     -0.38
2014.94795      4.08
2014.95068      1.69
2014.95342      3.49
2014.95616      2.70
2014.95890      1.56
2014.96164      3.78
2014.96438      4.12
2014.96712      2.17
2014.96986      2.87
2014.97260      1.30
2014.97534      0.18
2014.97808      2.82
2014.98082      5.17
2014.98356      4.62
2014.98630      3.83
2014.98904      3.54
2014.99178      3.25
2014.99452      2.83
2014.99726      2.70
2015.00000      2.78
2015.00274     -0.36
2015.00548      1.41
2015.00822      0.69
2015.01096      2.30
2015.01370      1.10
2015.01644      1.55
2015.01918      0.87
2015.02192      4.14
2015.02466     -0.04
2015.02740      1.42
2015.03014      1.34
2015.03288      1.59
2015.03562     -2.58
2015.03836     -1.32
2015.04110     -0.03
2015.04384      2.55
2015.04658      1.76
2015.04932      3.05
2015.05205      1.83
2015.05479      2.69
2015.05753      1.91
2015.06027      0.31
2015.06301      6.51
2015.06575      3.71
2015.06849      0.92
2015.07123      0.07
2015.07397      0.11
2015.07671      0.13
2015.07945      1.76
2015.08219      1.22
2015.08493      5.96
2015.08767      3.19
2015.09041      3.11
2015.09315      2.86
2015.09589      1.44
2015.09863      1.36
2015.10137      1.22
2015.10411      0.99
2015.10685      1.58
2015.10959      2.35
2015.11233      1.05
2015.11507      3.20
2015.11781      1.94
2015.12055      4.77
2015.12329      6.43
2015.12603      5.62
2015.12877      9.19
2015.13151      3.07
2015.13425      2.90
2015.13699      3.40
2015.13973      4.55
2015.14247      7.19
2015.14521      3.39
2015.14795      5.77
2015.15068      7.22
2015.15342      5.73
2015.15616      7.27
2015.15890      4.27
2015.16164      6.54
2015.16438      2.52
2015.16712      4.49
2015.16986      0.58
2015.17260      8.93
2015.17534      2.74
2015.17808      4.72
2015.18082      1.70
2015.18356      4.08
2015.18630      6.99
2015.18904      2.09
2015.19178      7.52
2015.19452      3.10
2015.19726      2.89
2015.20000      6.44
2015.20274      1.67
2015.20548      5.40
2015.20822      2.59
2015.21096      6.06
2015.21370      4.26
2015.21644      3.22
2015.21918      1.90
2015.22192      6.52
2015.22466     10.80
2015.22740      6.33
2015.23014      4.98
2015.23288      7.14
2015.23562      4.97
2015.23836      8.42
2015.24110      8.68
2015.24384      3.62
2015.24658      1.81
2015.24932      2.91
2015.25205      5.45
2015.25479      6.20
2015.25753      9.75
2015.26027     10.80
2015.26301      7.29
2015.26575      3.25
2015.26849      4.96
2015.27123      0.48
2015.27397      3.45
2015.27671      7.35
2015.27945      8.92
2015.28219      1.04
2015.28493      3.56
2015.28767      6.37
2015.29041      9.22
2015.29315      9.53
2015.29589      7.08
2015.29863      7.24
2015.30137      7.08
2015.30411      6.33
2015.30685      7.44
2015.30959      8.85
2015.31233      5.14
2015.31507      0.48
2015.31781      9.92
2015.32055      6.72
2015.32329      9.91
2015.32877      7.19
2015.33151      4.83
2015.33425     10.15
2015.33699      8.10
2015.33973     -0.51
2015.34247      9.19
2015.34521      2.61
2015.34795      5.19
2015.35068     -1.01
2015.35342      8.10
2015.35616     -1.21
2015.35890      7.07
2015.36164      9.06
2015.36438      1.30
2015.36712      8.81
2015.36986     10.23
2015.37260      8.38
2015.37534      7.90
2015.37808      3.29
2015.38082      2.14
2015.38356      5.36
2015.38630      6.92
2015.38904      2.78
2015.39178      8.15
2015.39452      1.96
2015.39726      9.48
2015.40000      7.34
2015.40274      4.16
2015.40548      2.88
2015.40822      4.66
2015.41096      9.15
2015.41370      6.13
2015.41644      5.14
2015.41918      6.52
2015.42192      6.81
2015.42466      5.68
2015.42740      9.47
2015.43014      9.17
2015.43288      5.40
2015.43562      7.34
2015.43836      5.79
2015.44110     -0.12
2015.44384      7.57
2015.44658      4.99
2015.44932      3.22
2015.45205      5.42
2015.45479      7.29
2015.45753      0.38
2015.46027      3.35
2015.46301      5.20
2015.46575      1.01
2015.46849      1.15
2015.47123      7.09
2015.47397      5.70
2015.47671      3.70
2015.47945      1.36
2015.48219      7.02
2015.48493      3.37
2015.48767      4.62
2015.49041      7.41
2015.49315      5.65
2015.49589      8.59
2015.49863      6.48
2015.50137      7.24
2015.50411      6.17
2015.50685      4.98
2015.50959      7.73
2015.51233      5.74
2015.51507     -0.14
2015.51781      3.79
2015.52055      2.65
2015.52329      3.95
2015.52603     -0.31
2015.52877      4.26
2015.53151      3.20
2015.53425     -0.99
2015.53699      5.51
2015.53973      0.17
2015.54247      2.42
2015.54521      6.80
2015.54795      4.27
2015.55068      5.33
2015.55342      3.52
2015.55616      6.33
2015.55890      4.16
2015.56164      4.83
2015.56438      4.22
2015.56712     -2.47
2015.56986      4.53
2015.57260      2.68
2015.57534     -1.54
2015.57808      2.15
2015.58082      1.43
2015.58356      3.58
2015.58630     -2.88
2015.58904     -1.68
2015.59178     -2.47
2015.59452      2.97
2015.59726      2.51
2015.60000      0.59
2015.60274     -2.56
2015.60548      1.29
2015.60822      2.93
2015.61096      2.57
2015.61370      2.88
2015.61644      3.08
2015.61918      1.68
2015.62192      0.17
2015.62466     -0.33
2015.62740      2.64
2015.63014      1.24
2015.63288      7.79
2015.63562     -1.34
2015.63836     -2.65
2015.64110     -0.84
2015.64384      0.11
2015.64658      1.15
2015.64932      3.69
2015.65205     -4.96
2015.65479     -1.95
2015.65753      0.73
2015.66027      3.14
2015.66301      1.26
2015.66575      2.57
2015.66849     -1.13
2015.67123      3.73
2015.67397      3.91
2015.67671      1.68
2015.67945      1.09
2015.68219      5.72
2015.68493      1.23
2015.68767     -2.20
2015.69041     -0.13
2015.69315      4.12
2015.69589      0.29
2015.69863      0.03
2015.70137      1.39
2015.70411      1.50
2015.70685      2.49
2015.70959     -1.36
2015.71233      0.42
2015.71507      1.33
2015.71781      1.05
2015.72055     -0.96
2015.72329      2.32
2015.72603     -3.10
2015.72877     -1.10
2015.73151     -6.23
2015.73425      1.94
2015.73699      0.52
2015.73973      1.94
2015.74247     -1.35
2015.74521      7.73
2015.74795      0.19
2015.75068     -3.96
2015.75342      6.39
2015.75616      2.32
2015.75890      3.32
2015.76164     -1.08
2015.76438      4.61
2015.76712      2.14
2015.76986      3.33
2015.77260      1.46
2015.77534      4.42
2015.77808      1.41
2015.78082      2.81
2015.78356      7.73
2015.78630      3.45
2015.78904     -2.68
2015.79178      1.24
2015.79452      2.93
2015.79726      4.24
2015.80000      4.69
2015.80274      2.07
2015.80548      3.27
2015.80822      9.13
2015.81096      3.69
2015.81370      6.82
2015.81644      0.70
2015.81918      4.57
2015.82192      5.73
2015.82466      4.54
2015.82740      6.05
2015.83014     -0.87
2015.83288      6.60
2015.83562      5.36
2015.83836      1.02
2015.84110      4.76
2015.84384      1.37
2015.84658      3.29
2015.84932      4.65
2015.85205      7.12
2015.85479      1.66
2015.85753     -0.87
2015.86027      1.62
2015.86301     -0.10
2015.86575      0.61
2015.86849      7.20
2015.87123      2.78
2015.87397      5.48
2015.87671      3.97
2015.87945      2.96
2015.88219      1.86
2015.88493     -3.09
2015.88767     -2.16
2015.89041      1.81
2015.89315      1.24
2015.89589      0.74
2015.89863      8.02
2015.90137      1.18
2015.90411     -1.26
2015.90685     -1.17
2015.90959      0.06
2015.91233     -1.02
2015.91507      1.02
2015.91781     -0.27
2015.92055     -1.59
2015.92329     -2.52
2015.92603      2.34
2015.92877      0.96
2015.93151     -2.40
2015.93425     -1.75
2015.93699      1.30
2015.93973     -0.75
2015.94247      0.65
2015.94795      3.22
2015.95068     -1.92
2015.95342      3.02
2015.95616      0.27
2015.95890     -0.53
2015.96164     -2.21
2015.96438     -1.30
2015.96712     -2.42
2015.96986      3.44
2015.97260     -0.25
2015.97534     -1.16
2015.97808      0.26
2015.98082      2.83
2015.98356      0.21
2015.98630     -0.37
2015.98904     -1.23
2015.99178     -0.54
2015.99452     -0.25
2015.99726     -2.50
2016.00000      0.36
2016.00273      2.42
2016.00546     -0.49
2016.00820     -1.66
2016.01093     -0.68
2016.01366      2.04
2016.01639      1.79
2016.01913     -1.74
2016.02186     -1.31
2016.02459      0.35
2016.02732     -0.54
2016.03005      0.25
2016.03279      0.04
2016.03552      1.57
2016.03825     -0.41
2016.04098      7.14
2016.04372     -3.08
2016.04645      3.47
2016.04918     -0.57
2016.05191      0.90
2016.05464     -0.15
2016.05738      1.55
2016.06011      0.41
2016.06284      0.73
2016.06557      2.43
2016.06831      6.23
2016.07104      1.77
2016.07377     -1.21
2016.07650      0.19
2016.07923      2.26
2016.08197      4.36
2016.08470      0.90
2016.08743      2.08
2016.09016      0.03
2016.09290      2.77
2016.09563      1.91
2016.10383     -1.52
2016.10656     -0.08
2016.10929     -4.11
2016.11202     -1.03
2016.11475     -1.53
2016.11749      0.97
2016.12022     -4.79
2016.12295      2.11
2016.12568     -1.97
2016.12842     -0.92
2016.13115     -0.92
2016.13388     -2.16
2016.13661     -1.22
2016.13934     -2.51
2016.14208     -0.81
2016.14481     -0.94
2016.14754      0.25
2016.15027     -1.93
2016.15301      0.88
2016.15574      0.76
2016.15847      0.80
2016.16120     -1.42
2016.16393     -0.76
2016.16667     -1.52
2016.16940     -2.80
2016.17213      0.73
2016.17486     -2.47
2016.17760     -0.89
2016.18033     -2.66
2016.18306     -0.25
2016.18579      2.17
2016.18852     -0.26
2016.19126      2.77
2016.19399     -3.76
2016.19672      1.12
2016.19945      0.06
2016.20219     -0.98
2016.20492      1.76
2016.20765      0.65
2016.21038      2.08
2016.21311     -1.39
2016.21585      1.87
2016.21858      0.97
2016.22131     -0.41
2016.22404      0.78
2016.22678      3.00
2016.22951     -1.78
2016.23224     -1.82
2016.23497     -0.14
2016.23770      2.46
2016.24044     -1.34
2016.24317      1.42
2016.24590      1.91
2016.24863      2.00
2016.25137      1.83
2016.25410      2.80
2016.25683      0.38
2016.25956     -0.84
2016.26230      2.53
2016.26503     -0.56
2016.26776      2.14
2016.27049      3.70
2016.27322      2.89
2016.27596      0.10
2016.27869      0.06
2016.28142     -0.73
2016.28415     -2.25
2016.28689     -1.32
2016.28962     -1.23
2016.29235      6.91
2016.29508      6.79
2016.29781      3.07
2016.30055      0.95
2016.30328      0.85
2016.30601      3.08
2016.30874      2.12
2016.31148      3.49
2016.31421      0.72
2016.31694     -0.17
2016.31967     -1.72
2016.32240      0.53
2016.32514     -1.62
2016.32787     -0.20
2016.33060     -2.45
2016.33333      0.80
2016.33607      1.32
2016.33880     -0.90
2016.34153      2.40
2016.34426     -1.88
2016.34699      2.66
2016.34973      4.22
2016.35246      1.54
2016.35519      1.45
2016.35792      1.89
2016.36066     -5.99
2016.36339     -1.88
2016.36612      0.00
2016.36885      0.22
2016.37158      3.35
2016.37432     -5.66
2016.37705     -0.05
2016.37978      2.15
2016.38251      0.15
2016.38525      0.72
2016.38798     -0.15
2016.39071      2.88
2016.40437     -3.48
2016.40710     -0.19
2016.40984     -0.87
2016.41257      1.67
2016.41530      0.17
2016.41803      1.31
2016.42077      1.73
2016.42350      1.00
2016.42623      4.12
2016.42896      0.91
2016.43169      1.13
2016.43443      6.84
2016.43716      6.18
2016.43989      0.48
2016.44262      0.70
2016.44536      3.78
2016.44809     -1.09
2016.45082      3.00
2016.45355      5.38
2016.45628      4.11
2016.45902      3.32
2016.46175      2.66
2016.46448      0.69
2016.46721      0.07
2016.46995     -1.54
2016.47268      1.54
2016.47541      2.26
2016.47814      1.44
2016.48087     -2.97
2016.48361      1.50
2016.48634      3.65
2016.48907     -1.65
2016.49180      4.24
2016.49454      1.54
2016.49727      2.65
2016.50000      1.62
2016.50273      5.75
2016.50546     -6.53
2016.50820      0.72
2016.51093     -1.87
2016.51366      2.69
2016.51639     -2.12
2016.51913     -1.60
2016.52186      1.66
2016.52459     -0.73
2016.52732      4.39
2016.53005     -2.46
2016.53279     -0.20
2016.54918      0.31
2016.55191      1.23
2016.57104      3.98
2016.57377      0.59
2016.57650      0.33
2016.57923     -1.20
2016.58197      4.31
2016.58470     -2.53
2016.58743      3.90
2016.59016      3.65
2016.59290      4.34
2016.59563      1.82
2016.59836      4.20
2016.60109      3.19
2016.60383      5.10
2016.60656      6.94
2016.60929      6.30
2016.61202      5.70
2016.61475      3.37
2016.61749      4.92
2016.62022      8.01
2016.62295     -2.02
2016.62568      1.89
2016.62842      4.97
2016.63115      0.58
2016.63388      0.92
2016.63661      5.01
2016.64208      5.20
2016.64481      3.68
2016.64754     -0.00
2016.65027      0.25
2016.65301      4.53
2016.65574     -1.27
2016.65847      3.87
2016.66120     -1.54
2016.66393      3.38
2016.66667      1.26
2016.66940      0.99
2016.67213      3.21
2016.67486      7.32
2016.67760      2.18
2016.68033      2.39
2016.68306      3.25
2016.68579      0.45
2016.68852      7.05
2016.69126      4.64
2016.69399      2.89
2016.69672      8.54
2016.69945     -0.44
2016.70219      3.11
2016.70492     -0.30
2016.70765     -3.07
2016.71038     -8.66
2016.71311     -9.10
2016.71585     -6.19
2016.71858     -7.77
2016.72131      1.00
2016.72404      0.56
2016.72678      4.94
2016.72951     -0.11
2016.73224      1.31
2016.73497     -0.53
2016.74317      3.81
2016.74590      0.47
2016.74863     -1.66
2016.75137      2.67
2016.75410     -1.41
2016.75683     -0.78
2016.75956     -4.25
2016.76230      1.96
2016.76503     -1.79
2016.76776      6.85
2016.77049      0.03
2016.77322      2.02
2016.77596     -0.91
2016.77869      6.25
2016.78142      0.49
2016.78415     -3.96
2016.78689      1.60
2016.78962     -0.69
2016.79235      2.48
2016.79508      0.71
2016.79781      1.77
2016.80055     -5.29
2016.80328      1.01
2016.80601      8.64
2016.80874      4.25
2016.81148      0.83
2016.81421      3.17
2016.81694      7.24
2016.81967      2.58
2016.82240      4.11
2016.82514      4.33
2016.82787      3.20
2016.83607      1.45
2016.84153      1.25
2016.84699      2.52
2016.84973     -0.89
2016.85519      1.35
2016.85792      2.49
2016.86339      1.27
2016.86612      3.08
2016.86885     -0.72
2016.87158     -1.04
2016.87432     -4.39
2016.87705      4.75
2016.88251      2.90
2016.88525      1.64
2016.88798      4.09
2016.89071      2.60
2016.89344     -1.32
2016.89617      2.40
2016.89891     -3.15
2016.90164      1.71
2016.90437      2.60
2016.90710     -0.73
2016.90984      0.07
2016.91257      3.03
2016.91530      3.88
2016.91803     -1.46
2016.92077      1.41
2016.92350      0.99
2016.92623     -0.15
2016.92896     -6.84
2016.93169     -6.42
2016.93443     -0.49
2016.93716     -0.16
2016.93989     -4.63
2016.94262     -6.53
2016.94536      0.66
2016.94809      3.48
2016.95082     -2.15
2016.95355     -1.76
2016.95628     -4.74
2016.95902     -0.61
2016.96175      0.34
2016.96448      1.16
2016.96721      1.05
2016.96995      2.63
2016.97268     -5.15
2016.97541     -2.25
2016.97814      2.82
2016.98087     -5.22
2016.98361     -4.34
2016.98634     -6.39
2016.98907      1.17
2016.99180     -6.61
2016.99454     -2.74
2016.99727     -4.52
2017.00000     -0.32
2017.00274     -4.90
2017.00548     -0.78
2017.00822     -4.70
2017.01096     -3.22
2017.01370     -0.23
2017.01644      0.05
2017.01918      4.40
2017.02192      2.96
2017.02466      2.56
2017.02740      4.65
2017.03014      4.97
2017.03288      2.74
2017.03562     -0.05
2017.03836     -4.56
2017.04110     -0.63
2017.04384      0.81
2017.04658      0.71
2017.04932      0.97
2017.05205      1.49
2017.05479     -1.44
2017.05753      1.30
2017.06027     -2.42
2017.06301      0.53
2017.06575      3.57
2017.06849      5.24
2017.07123     -0.02
2017.07397      0.23
2017.07671      1.86
2017.07945      3.74
2017.08219      1.64
2017.08493      3.92
2017.08767     -0.54
2017.09041      0.74
2017.09315      6.66
2017.09589      5.80
2017.09863      5.12
2017.10137      1.97
2017.10411      0.93
2017.10685      3.13
2017.10959     -5.90
2017.11233     -0.03
2017.11507     -1.04
2017.11781      0.83
2017.12055     -2.06
2017.12329     -0.42
2017.12603      1.71
2017.12877     -0.34
2017.13151     -0.93
2017.13425      1.13
2017.13699      1.40
2017.13973     -1.40
2017.14247      1.05
2017.14521      0.82
2017.14795     -1.61
2017.15068      1.68
2017.15616     -2.42
2017.15890     -0.09
2017.16164     -1.03
2017.16438     -3.25
2017.16712     -4.80
2017.16986     -5.97
2017.17260     -5.46
2017.17534     -3.39
2017.17808     -5.22
2017.18082     -5.97
2017.18356     -2.27
2017.18630     -3.88
2017.18904     -7.76
2017.19178     -2.10
2017.19452     -6.02
2017.19726     -7.30
2017.20000     -7.84
2017.20274     -1.06
2017.20548      1.49
2017.20822     -7.83
2017.21096     -5.71
2017.21370     -6.63
2017.21644     -6.81
2017.21918     -4.66
2017.22192      3.39
2017.22466     -5.95
2017.22740     -0.77
2017.23014     -4.68
2017.23288     -1.23
2017.23562     -0.50
2017.23836     -0.96
2017.24110     -3.42
2017.24384     -3.88
2017.24658      0.27
2017.24932     -3.40
2017.25205      3.26
2017.25479      7.27
2017.25753      4.57
2017.26027      3.77
2017.26301      1.94
2017.26575     -5.62
2017.26849      0.25
2017.27123     -3.86
2017.27397     -2.30
2017.27671     -5.03
2017.27945     -7.18
2017.28219     -5.98
2017.28493     -2.78
2017.28767     -1.80
2017.29041     -3.37
2017.29315     -9.24
2017.29589     -4.06
2017.29863     -5.05
2017.30137     -3.97
2017.30411      0.01
2017.30685     -7.24
2017.30959     -7.09
2017.31233     -2.82
2017.31507      0.52
2017.31781     -1.58
2017.32055      1.17
2017.32329      3.92
2017.32603      0.29
2017.32877      2.09
2017.33151     -3.97
2017.33425     -2.16
2017.33699     -3.68
2017.33973      0.28
2017.34247     -1.95
2017.34521     -0.83
2017.34795     -2.55
2017.35068     -0.89
2017.35342     -3.13
2017.35616     -2.63
2017.35890     -1.17
2017.36164     -2.78
2017.36438     -3.39
2017.36712     -2.40
2017.36986     -2.38
2017.37260     -4.28
2017.37534     -8.10
2017.37808      0.56
2017.38082     -0.83
2017.38356     -3.45
2017.38630     -0.32
2017.38904     -0.58
2017.39178     -1.32
2017.39452     -5.44
2017.39726      1.36
2017.40000     -2.21
2017.40274     -3.89
2017.40548     -4.94
2017.40822     -6.13
2017.41096     -5.60
2017.41370     -2.17
2017.41644      3.05
2017.41918      0.51
2017.42192     -0.01
2017.42466     -1.77
2017.42740      1.86
2017.43014     -1.56
2017.43288     -3.98
2017.43562     -2.99
2017.43836      3.25
2017.44110     -1.97
2017.44384     -8.09
2017.44658     -2.15
2017.44932      3.06
2017.45205      0.24
2017.45479     -0.18
2017.45753      1.46
2017.46301     -0.02
2017.46575      2.03
2017.46849     -1.07
2017.47123      2.50
2017.47397      0.56
2017.47671      2.57
2017.47945      4.72
2017.48219     -3.74
2017.48493      1.31
2017.48767     -1.69
2017.49041     -2.56
2017.49315      0.76
2017.49589     -0.33
2017.49863     -2.94
2017.50137     -0.39
2017.50411      3.90
2017.50685     -5.09
2017.50959     -0.96
2017.51233      0.72
2017.51507     -3.30
2017.51781     -1.83
2017.52055     -1.41
2017.52603     -1.55
2017.52877      4.25
2017.53151      0.38
2017.53425     -2.01
2017.53699      1.36
2017.53973     -1.27
2017.54247     -1.06
2017.54521      0.62
2017.54795      0.35
2017.55068      0.38
2017.55616     -0.40
2017.55890     -0.78
2017.56164      1.82
2017.56438      4.67
2017.56712      0.01
2017.56986     -0.37
2017.57260      0.44
2017.57534      0.88
2017.57808     -1.66
2017.58082      1.27
2017.58356     -1.24
2017.58630      1.21
2017.58904      2.32
2017.59178      2.18
2017.59452      2.20
2017.59726      0.56
2017.60000      6.25
2017.60274      2.91
2017.60548      1.96
2017.60822      3.25
2017.61096      2.36
2017.61370      2.41
2017.61644      2.60
2017.61918     -0.14
2017.62192      7.22
2017.62466      0.71
2017.62740      1.64
2017.63014      3.12
2017.63288      1.33
2017.63562      6.07
2017.63836      0.76
2017.64110      1.43
2017.64384      3.10
2017.64658      0.90
2017.64932      0.74
2017.65205     -0.54
2017.65479      3.92
2017.65753      1.37
2017.66027     -0.10
2017.66301      2.63
2017.66575      1.43
2017.66849     -2.20
2017.67123      0.01
2017.67397     -0.99
2017.67671      5.37
2017.67945      4.52
2017.68219     -0.27
2017.68493      1.48
2017.68767      3.32
2017.69041     -3.01
2017.69315     -4.40
2017.69589      1.16
2017.69863      0.49
2017.70137      0.26
2017.70411      2.20
2017.70685     -4.46
2017.70959     -7.09
2017.71233      1.64
2017.71507     -2.88
2017.71781     -1.47
2017.72055      2.10
2017.72329      0.80
2017.72603      0.94
2017.72877     -0.56
2017.73151     -0.64
2017.73425     -1.96
2017.73699     -3.28
2017.73973      1.29
2017.74247     -6.07
2017.74521      2.79
2017.74795      1.32
2017.75068      0.41
2017.75342     -0.45
2017.75616      3.50
2017.75890     -0.75
2017.76164      0.99
2017.76438      5.33
2017.76712     -2.59
2017.76986      4.24
2017.77260      1.09
2017.77534      3.95
2017.77808     -0.25
2017.78082      0.33
2017.78630      0.51
2017.78904     -3.25
2017.79178      1.71
2017.79452      4.85
2017.79726      0.02
2017.80000      3.02
2017.80274      1.02
2017.80548      1.68
2017.80822     -0.67
2017.81096      2.69
2017.81370     -0.79
2017.81644      1.02
2017.81918      1.88
2017.82192      2.31
2017.82466     -0.56
2017.82740      2.94
2017.83014      3.47
2017.83288      2.59
2017.83562      4.39
2017.83836      4.47
2017.84110     -0.79
2017.84384     -1.33
2017.84658      3.03
2017.84932     -0.76
2017.85205     -0.20
2017.85479      1.29
2017.85753      1.80
2017.86301      1.81
2017.86575      1.86
2017.86849      1.95
2017.87123      1.05
2017.87397     -1.69
2017.87671      1.17
2017.87945      0.12
2017.88219     -1.13
2017.88493     -1.58
2017.88767     -0.01
2017.89041      1.26
2017.89315     -0.49
2017.89589     -0.48
2017.89863      0.98
2017.90137      2.22
2017.90411      2.14
2017.90685      2.25
2017.90959      1.30
2017.91233     -0.17
2017.91507      0.39
2017.91781     -0.64
2017.92055      4.00
2017.92329      0.05
2017.92603     -0.01
2017.92877      0.14
2017.93151      1.70
2017.93425      0.81
2017.93699      0.14
2017.93973     -0.31
2017.94247      0.17
2017.94521      1.73
2017.94795      0.84
2017.95342     -0.16
2017.95616      0.43
2017.95890     -1.36
2017.96164     -2.42
2017.96438     -2.34
2017.96712     -2.00
2017.96986     -1.50
2017.97260     -0.25
2017.97534      0.14
2017.97808     -2.50
2017.98082      0.65
2017.98356     -1.59
2017.98630      0.46
2017.98904     -1.27
2017.99178      1.21
2017.99452      3.41
2017.99726      3.49
2018.00000      0.71
2018.00274     -0.26
2018.00548      0.16
2018.00822     -1.77
2018.01096      3.43
2018.01370     -2.81
2018.01644     -1.86
2018.01918      2.78
2018.02192     -0.54
2018.02466      1.10
2018.02740      0.80
2018.03014      1.87
2018.03288     -0.29
2018.03562     -1.12
2018.03836      3.19
2018.04110      0.18
2018.04384      0.88
2018.04658     -0.49
2018.04932      1.85
2018.05205      0.46
2018.05479      1.78
2018.05753      2.02
2018.06027     -0.39
2018.06301      0.05
2018.06575      0.45
2018.06849      2.80
2018.07123      2.41
2018.07397      2.15
2018.07671     -0.35
2018.07945     -2.39
2018.08219      5.15
2018.08493      1.49
2018.08767     -0.44
2018.09041     -0.34
2018.09315     -0.43
2018.09589     -2.40
2018.09863      1.98
2018.10137     -0.27
2018.10411     -3.13
2018.10685      1.09
2018.10959      0.06
2018.11233      0.61
2018.11507      1.94
2018.11781      0.56
2018.12055      2.10
2018.12329      2.75
2018.12603      2.58
2018.12877      2.54
2018.13151      2.07
2018.13425     -0.14
2018.13699      1.15
2018.13973      2.17
2018.14247      1.80
2018.14521      4.15
2018.14795      2.28
2018.15068      2.96
2018.15342      0.02
2018.15616      1.73
2018.15890      5.32
2018.16164     -0.73
