2012.00000      1.73
2012.00273      1.79
2012.00546      1.84
2012.00820      1.90
2012.01093      1.95
2012.01366      2.01
2012.01639      2.06
2012.01913      2.12
2012.02186      2.17
2012.02459      2.22
2012.02732      2.27
2012.03005      2.33
2012.03279      2.38
2012.03552      2.43
2012.03825      2.48
2012.04098      2.53
2012.04372      2.58
2012.04645      2.63
2012.04918      2.68
2012.05191      2.72
2012.05464      2.77
2012.05738      2.81
2012.06011      2.86
2012.06284      2.90
2012.06557      2.94
2012.06831      2.98
2012.07104      3.02
2012.07377      3.06
2012.07650      3.10
2012.07923      3.14
2012.08197      3.17
2012.08470      3.21
2012.08743      3.24
2012.09016      3.27
2012.09290      3.30
2012.09563      3.33
2012.09836      3.36
2012.10109      3.39
2012.10383      3.41
2012.10656      3.44
2012.10929      3.46
2012.11202      3.48
2012.11475      3.50
2012.11749      3.52
2012.12022      3.54
2012.12295      3.55
2012.12568      3.57
2012.12842      3.58
2012.13115      3.59
2012.13388      3.60
2012.13661      3.61
2012.13934      3.62
2012.14208      3.63
2012.14481      3.63
2012.14754      3.63
2012.15027      3.64
2012.15301      3.64
2012.15574      3.64
2012.15847      3.63
2012.16120      3.63
2012.16393      3.63
2012.16667      3.62
2012.16940      3.61
2012.17213      3.60
2012.17486      3.59
2012.17760      3.58
2012.18033      3.57
2012.18306      3.56
2012.18579      3.54
2012.18852      3.53
2012.19126      3.51
2012.19399      3.49
2012.19672      3.47
2012.19945      3.45
2012.20219      3.43
2012.20492      3.41
2012.20765      3.39
2012.21038      3.36
2012.21311      3.34
2012.21585      3.31
2012.21858      3.29
2012.22131      3.26
2012.22404      3.24
2012.22678      3.21
2012.22951      3.18
2012.23224      3.15
2012.23497      3.12
2012.23770      3.09
2012.24044      3.06
2012.24317      3.03
2012.24590      3.00
2012.24863      2.97
2012.25137      2.94
2012.25410      2.90
2012.25683      2.87
2012.25956      2.84
2012.26230      2.81
2012.26503      2.78
2012.26776      2.74
2012.27049      2.71
2012.27322      2.68
2012.27596      2.65
2012.27869      2.62
2012.28142      2.59
2012.28415      2.56
2012.28689      2.52
2012.28962      2.49
2012.29235      2.47
2012.29508      2.44
2012.29781      2.41
2012.30055      2.38
2012.30328      2.35
2012.30601      2.32
2012.30874      2.30
2012.31148      2.27
2012.31421      2.25
2012.31967      2.20
2012.32240      2.18
2012.32514      2.15
2012.32787      2.13
2012.33060      2.11
2012.33333      2.09
2012.33880      2.06
2012.34153      2.04
2012.34426      2.03
2012.34699      2.01
2012.34973      2.00
2012.35246      1.99
2012.35519      1.98
2012.35792      1.97
2012.36066      1.96
2012.36339      1.95
2012.36612      1.95
2012.36885      1.94
2012.37158      1.94
2012.37432      1.94
2012.37705      1.94
2012.37978      1.94
2012.38251      1.94
2012.38525      1.94
2012.38798      1.94
2012.39071      1.95
2012.39344      1.96
2012.39617      1.96
2012.39891      1.97
2012.40164      1.98
2012.40437      1.99
2012.40710      2.00
2012.40984      2.02
2012.41257      2.03
2012.41530      2.05
2012.41803      2.07
2012.42077      2.08
2012.42350      2.10
2012.42623      2.12
2012.42896      2.15
2012.43169      2.17
2012.43443      2.19
2012.43716      2.22
2012.53279      3.48
2012.53552      3.52
2012.54098      3.59
2012.54372      3.63
2012.54645      3.67
2012.54918      3.71
2012.55191      3.74
2012.55464      3.78
2012.55738      3.82
2012.56011      3.85
2012.56284      3.89
2012.56557      3.92
2012.56831      3.95
2012.57104      3.99
2012.57377      4.02
2012.57650      4.05
2012.57923      4.08
2012.58197      4.11
2012.58470      4.14
2012.58743      4.17
2012.59016      4.19
2012.59563      4.24
2012.59836      4.27
2012.61202      4.38
2012.61475      4.40
2012.61749      4.41
2012.62022      4.43
2012.62295      4.44
2012.62568      4.46
2012.62842      4.47
2012.63115      4.49
2012.63388      4.50
2012.63661      4.51
2012.63934      4.52
2012.64208      4.52
2012.64481      4.53
2012.64754      4.54
2012.65027      4.54
2012.65301      4.55
2012.65574      4.55
2012.65847      4.55
2012.66120      4.55
2012.66393      4.55
2012.66667      4.55
2012.66940      4.55
2012.67213      4.55
2012.67486      4.55
2012.67760      4.54
2012.68033      4.54
2012.68306      4.53
2012.68579      4.52
2012.68852      4.52
2012.69126      4.51
2012.69399      4.50
2012.69672      4.49
2012.69945      4.48
2012.70219      4.47
2012.70492      4.46
2012.70765      4.45
2012.71038      4.43
2012.71311      4.42
2012.71585      4.41
2012.71858      4.39
2012.72131      4.38
2012.72404      4.37
2012.72678      4.35
2012.73224      4.32
2012.73497      4.30
2012.73770      4.29
2012.74044      4.27
2012.74317      4.26
2012.74590      4.24
2012.74863      4.22
2012.75137      4.21
2012.75410      4.19
2012.75683      4.18
2012.75956      4.16
2012.76230      4.15
2012.76503      4.13
2012.76776      4.12
2012.77049      4.10
2012.77322      4.09
2012.77596      4.07
2012.77869      4.06
2012.78142      4.05
2012.78415      4.03
2012.78689      4.02
2012.78962      4.01
2012.79235      4.00
2012.79508      3.99
2012.79781      3.98
2012.80055      3.97
2012.80328      3.96
2012.80601      3.96
2012.80874      3.95
2012.81148      3.94
2012.81421      3.94
2012.81694      3.94
2012.81967      3.93
2012.82240      3.93
2012.82514      3.93
2012.82787      3.93
2012.83060      3.93
2012.83333      3.93
2012.83607      3.94
2012.83880      3.94
2012.84153      3.95
2012.84426      3.95
2012.84699      3.96
2012.84973      3.97
2012.85246      3.98
2012.85519      3.99
2012.85792      4.00
2012.86066      4.02
2012.86339      4.03
2012.86612      4.05
2012.86885      4.06
2012.87158      4.08
2012.87432      4.10
2012.87705      4.12
2012.87978      4.14
2012.88251      4.17
2012.88525      4.19
2012.88798      4.22
2012.89071      4.24
2012.89344      4.27
2012.89617      4.30
2012.89891      4.33
2012.90164      4.36
2012.90437      4.40
2012.90710      4.43
2012.90984      4.47
2012.91257      4.50
2012.91530      4.54
2012.91803      4.58
2012.92077      4.62
2012.92350      4.66
2012.92623      4.70
2012.92896      4.74
2012.93169      4.78
2012.93443      4.83
2012.93716      4.87
2012.93989      4.92
2012.94262      4.96
2012.94536      5.01
2012.94809      5.06
2012.95082      5.11
2012.95355      5.16
2012.95628      5.21
2012.95902      5.26
2012.96175      5.31
2012.96448      5.36
2012.96721      5.41
2012.96995      5.47
2012.97268      5.52
2012.97541      5.57
2012.97814      5.63
2012.98087      5.68
2012.98361      5.74
2012.98634      5.79
2012.98907      5.85
2012.99180      5.90
2012.99454      5.96
2012.99727      6.01
2013.00000      6.07
2013.00274      6.12
2013.00548      6.18
2013.00822      6.23
2013.01096      6.29
2013.01370      6.34
2013.01644      6.40
2013.01918      6.45
2013.02192      6.51
2013.02466      6.56
2013.02740      6.61
2013.03014      6.66
2013.03288      6.72
2013.03562      6.77
2013.03836      6.82
2013.04110      6.87
2013.04384      6.92
2013.04658      6.97
2013.04932      7.01
2013.05205      7.06
2013.05479      7.11
2013.05753      7.15
2013.06027      7.19
2013.06301      7.24
2013.06575      7.28
2013.06849      7.32
2013.07123      7.36
2013.07397      7.40
2013.07671      7.44
2013.07945      7.48
2013.08219      7.51
2013.08493      7.55
2013.08767      7.58
2013.09041      7.61
2013.09315      7.64
2013.09589      7.67
2013.09863      7.70
2013.10137      7.73
2013.10411      7.75
2013.10685      7.78
2013.10959      7.80
2013.11233      7.82
2013.11507      7.84
2013.11781      7.86
2013.12055      7.88
2013.12329      7.89
2013.12603      7.91
2013.12877      7.92
2013.13151      7.93
2013.13425      7.94
2013.13699      7.95
2013.13973      7.96
2013.14247      7.96
2013.14521      7.97
2013.14795      7.97
2013.15342      7.97
2013.15616      7.97
2013.15890      7.97
2013.16164      7.97
2013.16438      7.96
2013.16712      7.95
2013.16986      7.95
2013.17260      7.94
2013.17534      7.93
2013.17808      7.92
2013.18082      7.90
2013.18356      7.89
2013.18630      7.87
2013.18904      7.86
2013.19178      7.84
2013.19452      7.82
2013.19726      7.80
2013.20000      7.78
2013.20274      7.76
2013.20548      7.74
2013.20822      7.72
2013.21096      7.69
2013.21370      7.67
2013.21644      7.64
2013.21918      7.62
2013.22192      7.59
2013.22466      7.56
2013.22740      7.54
2013.23014      7.51
2013.23288      7.48
2013.23562      7.45
2013.23836      7.42
2013.24110      7.39
2013.24384      7.36
2013.24658      7.33
2013.24932      7.29
2013.25205      7.26
2013.25479      7.23
2013.25753      7.20
2013.26027      7.17
2013.26301      7.14
2013.26575      7.10
2013.26849      7.07
2013.27123      7.04
2013.27397      7.01
2013.27671      6.98
2013.27945      6.94
2013.28219      6.91
2013.28493      6.88
2013.28767      6.85
2013.29041      6.82
2013.29315      6.79
2013.29589      6.76
2013.29863      6.73
2013.30137      6.71
2013.30411      6.68
2013.30685      6.65
2013.31233      6.60
2013.31507      6.57
2013.31781      6.55
2013.32055      6.53
2013.32329      6.50
2013.32603      6.48
2013.32877      6.46
2013.33151      6.44
2013.33425      6.42
2013.33699      6.41
2013.33973      6.39
2013.34247      6.37
2013.34521      6.36
2013.34795      6.34
2013.35068      6.33
2013.35342      6.32
2013.35616      6.31
2013.35890      6.30
2013.36164      6.29
2013.36438      6.29
2013.36712      6.28
2013.36986      6.28
2013.37534      6.27
2013.37808      6.27
2013.38082      6.27
2013.38630      6.28
2013.38904      6.28
2013.39178      6.29
2013.39452      6.29
2013.39726      6.30
2013.40000      6.31
2013.40274      6.32
2013.40548      6.33
2013.40822      6.35
2013.41096      6.36
2013.41370      6.37
2013.41644      6.39
2013.41918      6.41
2013.42192      6.43
2013.42466      6.45
2013.42740      6.47
2013.43014      6.49
2013.43288      6.51
2013.43562      6.54
2013.43836      6.56
2013.44110      6.59
2013.44384      6.62
2013.44658      6.64
2013.44932      6.67
2013.45205      6.70
2013.45479      6.73
2013.45753      6.76
2013.46027      6.80
2013.46301      6.83
2013.46575      6.86
2013.46849      6.90
2013.47123      6.93
2013.47397      6.97
2013.47671      7.00
2013.47945      7.04
2013.48219      7.08
2013.48493      7.12
2013.48767      7.15
2013.49041      7.19
2013.49315      7.23
2013.49589      7.27
2013.49863      7.31
2013.50137      7.35
2013.50411      7.39
2013.50685      7.43
2013.50959      7.47
2013.51233      7.51
2013.51507      7.55
2013.51781      7.59
2013.52055      7.63
2013.52329      7.67
2013.52603      7.71
2013.52877      7.75
2013.53425      7.83
2013.53699      7.87
2013.53973      7.91
2013.54247      7.95
2013.54521      7.99
2013.54795      8.02
2013.55616      8.13
2013.55890      8.17
2013.56438      8.24
2013.56712      8.27
2013.56986      8.31
2013.57260      8.34
2013.57534      8.37
2013.57808      8.40
2013.58082      8.43
2013.58356      8.46
2013.58630      8.49
2013.58904      8.52
2013.59178      8.54
2013.59452      8.57
2013.59726      8.59
2013.60000      8.62
2013.60274      8.64
2013.60548      8.66
2013.60822      8.68
2013.61096      8.70
2013.61370      8.72
2013.61644      8.74
2013.61918      8.76
2013.62192      8.77
2013.62466      8.79
2013.62740      8.80
2013.63014      8.82
2013.63288      8.83
2013.63562      8.84
2013.63836      8.85
2013.64384      8.86
2013.64658      8.87
2013.64932      8.88
2013.65479      8.88
2013.65753      8.89
2013.66575      8.89
2013.66849      8.89
2013.67123      8.89
2013.67671      8.88
2013.68219      8.87
2013.68493      8.86
2013.68767      8.85
2013.69041      8.85
2013.69315      8.84
2013.69589      8.83
2013.69863      8.82
2013.70137      8.81
2013.70411      8.80
2013.70685      8.79
2013.70959      8.77
2013.71233      8.76
2013.71507      8.75
2013.71781      8.73
2013.72055      8.72
2013.72329      8.70
2013.72603      8.69
2013.72877      8.67
2013.73151      8.66
2013.73425      8.64
2013.73699      8.63
2013.73973      8.61
2013.74247      8.60
2013.74521      8.58
2013.74795      8.56
2013.75068      8.55
2013.75342      8.53
2013.75616      8.52
2013.75890      8.50
2013.76164      8.49
2013.76438      8.47
2013.76712      8.45
2013.76986      8.44
2013.77260      8.43
2013.77534      8.41
2013.77808      8.40
2013.78082      8.38
2013.78356      8.37
2013.78630      8.36
2013.78904      8.35
2013.79178      8.34
2013.79452      8.33
2013.80000      8.31
2013.80274      8.30
2013.80548      8.29
2013.80822      8.29
2013.81096      8.28
2013.81370      8.28
2013.81644      8.27
2013.81918      8.27
2013.82192      8.27
2013.82466      8.27
2013.82740      8.27
2013.83014      8.27
2013.83288      8.27
2013.83562      8.27
2013.83836      8.28
2013.84110      8.28
2013.84384      8.29
2013.84658      8.29
2013.84932      8.30
2013.85205      8.31
2013.85479      8.32
2013.85753      8.34
2013.86027      8.35
2013.86301      8.36
2013.86575      8.38
2013.86849      8.40
2013.87123      8.41
2013.87397      8.43
2013.87671      8.45
2013.87945      8.48
2013.88219      8.50
2013.88493      8.52
2013.88767      8.55
2013.89041      8.58
2013.89315      8.60
2013.89589      8.63
2013.89863      8.66
2013.90137      8.70
2013.90411      8.73
2013.90685      8.76
2013.90959      8.80
2013.91233      8.83
2013.91507      8.87
2013.91781      8.91
2013.92055      8.95
2013.92329      8.99
2013.92603      9.03
2013.92877      9.07
2013.93151      9.11
2013.93425      9.16
2013.93699      9.20
2013.93973      9.25
2013.94247      9.30
2013.94521      9.34
2013.94795      9.39
2013.95068      9.44
2013.95342      9.49
2013.95616      9.54
2013.95890      9.59
2013.96164      9.64
2013.96438      9.70
2013.96712      9.75
2013.96986      9.80
2013.97260      9.85
2013.97534      9.91
2013.97808      9.96
2013.98082     10.02
2013.98356     10.07
2013.98630     10.13
2013.99726     10.35
2014.00000     10.40
2014.00274     10.46
2014.00548     10.51
2014.00822     10.57
2014.01096     10.62
2014.01370     10.68
2014.01644     10.73
2014.01918     10.79
2014.02192     10.84
2014.02466     10.89
2014.02740     10.95
2014.03014     11.00
2014.03288     11.05
2014.03562     11.10
2014.03836     11.15
2014.04110     11.20
2014.04384     11.25
2014.04658     11.30
2014.04932     11.35
2014.05205     11.39
2014.05479     11.44
2014.05753     11.49
2014.06027     11.53
2014.06301     11.57
2014.06575     11.62
2014.06849     11.66
2014.07123     11.70
2014.07397     11.74
2014.07671     11.77
2014.07945     11.81
2014.08219     11.85
2014.08493     11.88
2014.08767     11.91
2014.09041     11.95
2014.09315     11.98
2014.09589     12.01
2014.09863     12.03
2014.10137     12.06
2014.10411     12.09
2014.10685     12.11
2014.10959     12.13
2014.11233     12.16
2014.11507     12.18
2014.11781     12.19
2014.12055     12.21
2014.12329     12.23
2014.12603     12.24
2014.12877     12.25
2014.13151     12.27
2014.13425     12.28
2014.13699     12.28
2014.13973     12.29
2014.14247     12.30
2014.14521     12.30
2014.14795     12.31
2014.15068     12.31
2014.15342     12.31
2014.15616     12.31
2014.15890     12.30
2014.16164     12.30
2014.16438     12.30
2014.16712     12.29
2014.16986     12.28
2014.17260     12.27
2014.17534     12.26
2014.17808     12.25
2014.18082     12.24
2014.18904     12.19
2014.19178     12.18
2014.19452     12.16
2014.19726     12.14
2014.20000     12.12
2014.20274     12.10
2014.20548     12.08
2014.20822     12.05
2014.21096     12.03
2014.21370     12.00
2014.21644     11.98
2014.21918     11.95
2014.22192     11.93
2014.22466     11.90
2014.22740     11.87
2014.23014     11.84
2014.23288     11.81
2014.23562     11.78
2014.23836     11.75
2014.24110     11.72
2014.24384     11.69
2014.24658     11.66
2014.24932     11.63
2014.25205     11.60
2014.25479     11.57
2014.25753     11.53
2014.26027     11.50
2014.26301     11.47
2014.26575     11.44
2014.26849     11.41
2014.27123     11.37
2014.27397     11.34
2014.27671     11.31
2014.27945     11.28
2014.28219     11.25
2014.28493     11.22
2014.28767     11.19
2014.29041     11.16
2014.29315     11.13
2014.29589     11.10
2014.29863     11.07
2014.30137     11.04
2014.30411     11.01
2014.30685     10.99
2014.30959     10.96
2014.31233     10.93
2014.31507     10.91
2014.31781     10.89
2014.32055     10.86
2014.32329     10.84
2014.32603     10.82
2014.32877     10.80
2014.33151     10.78
2014.33425     10.76
2014.33699     10.74
2014.33973     10.72
2014.34247     10.71
2014.34521     10.69
2014.34795     10.68
2014.35068     10.67
2014.35342     10.66
2014.35616     10.65
2014.35890     10.64
2014.36164     10.63
2014.36438     10.62
2014.36712     10.62
2014.36986     10.61
2014.37260     10.61
2014.37534     10.61
2014.37808     10.61
2014.38082     10.61
2014.38630     10.61
2014.38904     10.62
2014.39178     10.62
2014.39452     10.63
2014.39726     10.64
2014.40000     10.65
2014.40274     10.66
2014.40548     10.67
2014.40822     10.68
2014.41096     10.69
2014.41370     10.71
2014.41644     10.73
2014.41918     10.74
2014.42192     10.76
2014.42466     10.78
2014.42740     10.80
2014.43014     10.83
2014.43288     10.85
2014.43562     10.87
2014.43836     10.90
2014.44110     10.92
2014.44384     10.95
2014.44658     10.98
2014.44932     11.01
2014.45205     11.04
2014.45479     11.07
2014.45753     11.10
2014.46027     11.13
2014.46301     11.16
2014.46575     11.20
2014.46849     11.23
2014.47123     11.27
2014.47397     11.30
2014.47945     11.38
2014.48219     11.41
2014.48493     11.45
2014.48767     11.49
2014.49041     11.53
2014.49315     11.57
2014.49589     11.61
2014.49863     11.65
2014.50137     11.69
2014.50411     11.73
2014.50685     11.77
2014.50959     11.81
2014.51233     11.85
2014.51507     11.89
2014.51781     11.93
2014.52329     12.01
2014.52603     12.05
2014.52877     12.09
2014.53151     12.13
2014.53425     12.17
2014.53699     12.21
2014.53973     12.25
2014.54521     12.32
2014.55068     12.40
2014.55342     12.43
2014.55616     12.47
2014.56438     12.58
2014.56712     12.61
2014.56986     12.64
2014.57534     12.71
2014.57808     12.74
2014.58356     12.80
2014.58630     12.82
2014.58904     12.85
2014.59178     12.88
2014.59452     12.90
2014.59726     12.93
2014.61918     13.09
2014.62192     13.11
2014.62466     13.12
2014.62740     13.14
2014.63014     13.15
2014.63288     13.16
2014.63562     13.17
2014.63836     13.18
2014.64384     13.20
2014.64658     13.21
2014.64932     13.21
2014.65205     13.22
2014.65479     13.22
2014.65753     13.22
2014.66027     13.22
2014.66301     13.22
2014.66575     13.22
2014.66849     13.22
2014.67123     13.22
2014.67397     13.22
2014.67671     13.21
2014.67945     13.21
2014.68219     13.20
2014.68493     13.20
2014.68767     13.19
2014.69041     13.18
2014.69315     13.17
2014.69589     13.16
2014.70137     13.14
2014.70411     13.13
2014.70685     13.12
2014.70959     13.11
2014.71233     13.10
2014.71507     13.08
2014.71781     13.07
2014.72055     13.05
2014.72329     13.04
2014.72603     13.02
2014.72877     13.01
2014.73151     12.99
2014.73425     12.98
2014.73699     12.96
2014.73973     12.95
2014.74247     12.93
2014.74521     12.92
2014.74795     12.90
2014.75068     12.88
2014.75342     12.87
2014.75616     12.85
2014.75890     12.84
2014.76164     12.82
2014.76438     12.80
2014.76712     12.79
2014.76986     12.78
2014.77260     12.76
2014.77534     12.75
2014.77808     12.73
2014.78082     12.72
2014.78356     12.71
2014.78630     12.70
2014.78904     12.68
2014.79178     12.67
2014.79452     12.66
2014.79726     12.65
2014.80000     12.64
2014.80274     12.64
2014.80548     12.63
2014.80822     12.62
2014.81096     12.62
2014.81370     12.61
2014.81644     12.61
2014.81918     12.60
2014.82192     12.60
2014.82466     12.60
2014.82740     12.60
2014.83014     12.60
2014.83288     12.60
2014.83562     12.61
2014.83836     12.61
2014.84110     12.62
2014.84384     12.62
2014.84658     12.63
2014.84932     12.64
2014.85205     12.65
2014.85479     12.66
2014.85753     12.67
2014.86027     12.68
2014.86301     12.70
2014.86575     12.71
2014.86849     12.73
2014.87123     12.75
2014.87397     12.77
2014.87671     12.79
2014.87945     12.81
2014.88219     12.83
2014.88493     12.86
2014.88767     12.88
2014.89041     12.91
2014.89315     12.94
2014.89589     12.97
2014.89863     13.00
2014.90137     13.03
2014.90411     13.06
2014.90685     13.10
2014.90959     13.13
2014.91233     13.17
2014.91507     13.21
2014.91781     13.24
2014.92055     13.28
2014.92329     13.32
2014.92603     13.36
2014.92877     13.41
2014.93151     13.45
2014.93425     13.49
2014.93699     13.54
2014.93973     13.59
2014.94247     13.63
2014.94521     13.68
2014.94795     13.73
2014.95068     13.78
2014.95342     13.83
2014.95616     13.88
2014.95890     13.93
2014.96164     13.98
2014.96438     14.03
2014.96712     14.08
2014.96986     14.14
2014.97260     14.19
2014.97534     14.24
2014.97808     14.30
2014.98082     14.35
2014.98356     14.41
2014.98630     14.46
2014.98904     14.52
2014.99178     14.57
2014.99452     14.63
2014.99726     14.68
2015.00000     14.74
2015.00274     14.79
2015.00548     14.85
2015.00822     14.90
2015.01096     14.96
2015.01370     15.01
2015.01644     15.07
2015.01918     15.12
2015.02192     15.18
2015.02466     15.23
2015.02740     15.28
2015.03014     15.33
2015.03288     15.39
2015.03562     15.44
2015.03836     15.49
2015.04110     15.54
2015.04384     15.59
2015.04658     15.64
2015.04932     15.68
2015.05205     15.73
2015.05479     15.78
2015.05753     15.82
2015.06027     15.87
2015.06301     15.91
2015.06575     15.95
2015.06849     15.99
2015.07123     16.03
2015.07397     16.07
2015.07671     16.11
2015.07945     16.15
2015.08219     16.18
2015.08493     16.22
2015.08767     16.25
2015.09041     16.28
2015.09315     16.31
2015.09589     16.34
2015.09863     16.37
2015.10137     16.40
2015.10411     16.42
2015.10685     16.45
2015.10959     16.47
2015.11233     16.49
2015.11507     16.51
2015.11781     16.53
2015.12055     16.55
2015.12329     16.56
2015.12603     16.58
2015.12877     16.59
2015.13151     16.60
2015.13425     16.61
2015.13699     16.62
2015.13973     16.63
2015.14247     16.63
2015.14521     16.64
2015.14795     16.64
2015.15068     16.64
2015.15342     16.64
2015.15616     16.64
2015.15890     16.64
2015.16164     16.64
2015.16438     16.63
2015.16712     16.62
2015.16986     16.62
2015.17260     16.61
2015.17534     16.60
2015.17808     16.59
2015.18082     16.57
2015.18356     16.56
2015.18630     16.54
2015.18904     16.53
2015.19178     16.51
2015.19452     16.49
2015.19726     16.47
2015.20000     16.45
2015.20274     16.43
2015.20548     16.41
2015.20822     16.39
2015.21096     16.36
2015.21370     16.34
2015.21644     16.31
2015.21918     16.29
2015.22192     16.26
2015.22466     16.23
2015.22740     16.21
2015.23014     16.18
2015.23288     16.15
2015.23562     16.12
2015.23836     16.09
2015.24110     16.06
2015.24384     16.03
2015.24658     16.00
2015.24932     15.96
2015.25205     15.93
2015.25479     15.90
2015.25753     15.87
2015.26027     15.84
2015.26301     15.81
2015.26575     15.77
2015.26849     15.74
2015.27123     15.71
2015.27397     15.68
2015.27671     15.65
2015.27945     15.61
2015.28219     15.58
2015.28493     15.55
2015.28767     15.52
2015.29041     15.49
2015.29315     15.46
2015.29589     15.43
2015.29863     15.40
2015.30137     15.38
2015.30411     15.35
2015.30685     15.32
2015.30959     15.29
2015.31233     15.27
2015.31507     15.24
2015.31781     15.22
2015.32055     15.20
2015.32329     15.17
2015.32603     15.15
2015.32877     15.13
2015.33151     15.11
2015.33425     15.09
2015.33699     15.08
2015.33973     15.06
2015.34247     15.04
2015.34521     15.03
2015.34795     15.02
2015.35068     15.00
2015.35342     14.99
2015.35616     14.98
2015.35890     14.97
2015.36164     14.96
2015.36438     14.96
2015.36712     14.95
2015.36986     14.95
2015.37260     14.94
2015.37534     14.94
2015.37808     14.94
2015.38082     14.94
2015.38356     14.94
2015.38630     14.95
2015.38904     14.95
2015.39178     14.96
2015.39452     14.96
2015.39726     14.97
2015.40000     14.98
2015.40274     14.99
2015.40548     15.00
2015.40822     15.02
2015.41096     15.03
2015.41370     15.04
2015.41644     15.06
2015.41918     15.08
2015.42192     15.10
2015.42466     15.12
2015.42740     15.14
2015.43014     15.16
2015.43288     15.18
2015.43562     15.21
2015.43836     15.23
2015.44110     15.26
2015.44384     15.29
2015.44658     15.31
2015.44932     15.34
2015.45205     15.37
2015.45479     15.40
2015.45753     15.43
2015.46027     15.47
2015.46301     15.50
2015.46575     15.53
2015.47123     15.60
2015.47397     15.64
2015.47671     15.67
2015.47945     15.71
2015.48219     15.75
2015.48493     15.79
2015.48767     15.82
2015.49041     15.86
2015.49315     15.90
2015.49589     15.94
2015.50137     16.02
2015.50411     16.06
2015.50685     16.10
2015.50959     16.14
2015.51233     16.18
2015.51507     16.22
2015.51781     16.26
2015.52055     16.30
2015.52329     16.34
2015.52603     16.38
2015.52877     16.42
2015.53425     16.50
2015.53973     16.58
2015.54247     16.62
2015.54521     16.66
2015.54795     16.70
2015.55068     16.73
2015.55342     16.77
2015.55616     16.81
2015.55890     16.84
2015.56164     16.88
2015.56438     16.91
2015.56712     16.94
2015.56986     16.98
2015.57260     17.01
2015.57534     17.04
2015.57808     17.07
2015.58082     17.10
2015.58356     17.13
2015.58630     17.16
2015.58904     17.19
2015.59178     17.21
2015.59452     17.24
2015.59726     17.26
2015.60000     17.29
2015.60274     17.31
2015.60822     17.35
2015.61096     17.37
2015.61370     17.39
2015.61644     17.41
2015.61918     17.43
2015.62192     17.44
2015.62466     17.46
2015.62740     17.47
2015.63014     17.49
2015.63562     17.51
2015.63836     17.52
2015.64110     17.53
2015.64384     17.53
2015.64932     17.55
2015.65479     17.55
2015.65753     17.56
2015.66027     17.56
2015.66301     17.56
2015.66575     17.56
2015.66849     17.56
2015.67123     17.56
2015.67397     17.55
2015.67671     17.55
2015.67945     17.54
2015.68219     17.54
2015.68493     17.53
2015.68767     17.53
2015.69041     17.52
2015.69315     17.51
2015.69589     17.50
2015.69863     17.49
2015.70137     17.48
2015.70411     17.47
2015.70685     17.46
2015.70959     17.44
2015.71233     17.43
2015.71507     17.42
2015.71781     17.40
2015.72055     17.39
2015.72329     17.37
2015.72603     17.36
2015.72877     17.34
2015.73151     17.33
2015.73425     17.31
2015.73699     17.30
2015.73973     17.28
2015.74247     17.27
2015.74521     17.25
2015.74795     17.23
2015.75068     17.22
2015.75342     17.20
2015.75616     17.19
2015.75890     17.17
2015.76164     17.16
2015.76438     17.14
2015.76712     17.12
2015.76986     17.11
2015.77260     17.10
2015.77534     17.08
2015.77808     17.07
2015.78082     17.05
2015.78356     17.04
2015.78630     17.03
2015.78904     17.02
2015.79178     17.01
2015.79452     17.00
2015.79726     16.99
2015.80000     16.98
2015.80274     16.97
2015.80548     16.96
2015.80822     16.96
2015.81096     16.95
2015.81370     16.95
2015.81644     16.94
2015.81918     16.94
2015.82192     16.94
2015.82466     16.94
2015.82740     16.94
2015.83014     16.94
2015.83288     16.94
2015.83562     16.94
2015.83836     16.95
2015.84110     16.95
2015.84384     16.96
2015.84658     16.96
2015.84932     16.97
2015.85205     16.98
2015.85479     16.99
2015.85753     17.01
2015.86027     17.02
2015.86301     17.03
2015.86575     17.05
2015.86849     17.07
2015.87123     17.08
2015.87397     17.10
2015.87671     17.12
2015.87945     17.15
2015.88219     17.17
2015.88493     17.19
2015.88767     17.22
2015.89041     17.25
2015.89315     17.27
2015.89589     17.30
2015.89863     17.33
2015.90137     17.37
2015.90411     17.40
2015.90685     17.43
2015.90959     17.47
2015.91233     17.50
2015.91507     17.54
2015.91781     17.58
2015.92055     17.62
2015.92329     17.66
2015.92603     17.70
2015.92877     17.74
2015.93151     17.79
2015.93425     17.83
2015.93699     17.87
2015.93973     17.92
2015.94247     17.97
2015.94795     18.06
2015.95068     18.11
2015.95342     18.16
2015.95616     18.21
2015.95890     18.26
2015.96164     18.31
2015.96438     18.37
2015.96712     18.42
2015.96986     18.47
2015.97260     18.53
2015.97534     18.58
2015.97808     18.63
2015.98082     18.69
2015.98356     18.74
2015.98630     18.80
2015.98904     18.85
2015.99178     18.91
2015.99452     18.96
2015.99726     19.02
2016.00000     19.07
2016.00273     19.13
2016.00546     19.18
2016.00820     19.24
2016.01093     19.29
2016.01366     19.35
2016.01639     19.40
2016.01913     19.46
2016.02186     19.51
2016.02459     19.56
2016.02732     19.62
2016.03005     19.67
2016.03279     19.72
2016.03552     19.77
2016.03825     19.82
2016.04098     19.87
2016.04372     19.92
2016.04645     19.97
2016.04918     20.02
2016.05191     20.06
2016.05464     20.11
2016.05738     20.15
2016.06011     20.20
2016.06284     20.24
2016.06557     20.28
2016.06831     20.32
2016.07104     20.36
2016.07377     20.40
2016.07650     20.44
2016.07923     20.48
2016.08197     20.51
2016.08470     20.55
2016.08743     20.58
2016.09016     20.61
2016.09290     20.64
2016.09563     20.67
2016.10383     21.47
2016.10656     22.96
2016.10929     24.11
2016.11202     25.04
2016.11475     25.83
2016.11749     26.51
2016.12022     27.11
2016.12295     27.63
2016.12568     28.11
2016.12842     28.54
2016.13115     28.94
2016.13388     29.30
2016.13661     29.63
2016.13934     29.94
2016.14208     30.23
2016.14481     30.50
2016.14754     30.75
2016.15027     30.98
2016.15301     31.20
2016.15574     31.41
2016.15847     31.60
2016.16120     31.79
2016.16393     31.96
2016.16667     32.12
2016.16940     32.28
2016.17213     32.43
2016.17486     32.56
2016.17760     32.69
2016.18033     32.82
2016.18306     32.94
2016.18579     33.05
2016.18852     33.15
2016.19126     33.25
2016.19399     33.35
2016.19672     33.44
2016.19945     33.52
2016.20219     33.60
2016.20492     33.68
2016.20765     33.75
2016.21038     33.82
2016.21311     33.88
2016.21585     33.94
2016.21858     34.00
2016.22131     34.05
2016.22404     34.10
2016.22678     34.15
2016.22951     34.19
2016.23224     34.23
2016.23497     34.27
2016.23770     34.31
2016.24044     34.35
2016.24317     34.38
2016.24590     34.41
2016.24863     34.44
2016.25137     34.46
2016.25410     34.49
2016.25683     34.51
2016.25956     34.53
2016.26230     34.55
2016.26503     34.57
2016.26776     34.59
2016.27049     34.60
2016.27322     34.62
2016.27596     34.63
2016.27869     34.64
2016.28142     34.65
2016.28962     34.68
2016.29235     34.69
2016.29508     34.70
2016.29781     34.71
2016.30055     34.72
2016.30328     34.72
2016.30601     34.73
2016.30874     34.74
2016.31148     34.74
2016.31421     34.75
2016.31694     34.75
2016.31967     34.76
2016.32240     34.77
2016.32514     34.77
2016.32787     34.78
2016.33060     34.79
2016.33333     34.79
2016.33607     34.80
2016.33880     34.81
2016.34153     34.81
2016.34426     34.82
2016.34699     34.83
2016.34973     34.84
2016.35246     34.85
2016.35519     34.86
2016.35792     34.87
2016.36066     34.88
2016.36339     34.89
2016.36612     34.91
2016.36885     34.92
2016.37158     34.93
2016.37432     34.95
2016.37705     34.96
2016.37978     34.98
2016.38251     35.00
2016.38798     35.03
2016.39071     35.05
2016.40437     35.16
2016.40710     35.18
2016.40984     35.21
2016.41257     35.23
2016.41530     35.26
2016.41803     35.29
2016.42077     35.31
2016.42350     35.34
2016.42623     35.37
2016.43169     35.43
2016.43716     35.50
2016.43989     35.53
2016.44262     35.56
2016.44536     35.60
2016.44809     35.63
2016.45628     35.74
2016.45902     35.77
2016.46175     35.81
2016.46721     35.89
2016.46995     35.93
2016.47268     35.96
2016.47541     36.00
2016.47814     36.04
2016.48087     36.08
2016.48361     36.12
2016.48907     36.20
2016.49180     36.24
2016.49454     36.28
2016.49727     36.32
2016.50000     36.36
2016.50273     36.41
2016.50546     36.45
2016.50820     36.49
2016.51093     36.53
2016.51366     36.57
2016.51639     36.61
2016.52186     36.68
2016.52459     36.72
2016.53279     36.84
2016.54918     37.05
2016.57104     37.30
2016.57377     37.33
2016.58197     37.41
2016.58743     37.46
2016.59016     37.48
2016.59290     37.50
2016.59563     37.52
2016.59836     37.54
2016.60656     37.58
2016.61202     37.61
2016.61475     37.62
2016.61749     37.63
2016.62022     37.64
2016.62295     37.65
2016.62568     37.66
2016.62842     37.66
2016.63388     37.67
2016.63661     37.67
2016.64208     37.68
2016.64481     37.67
2016.64754     37.67
2016.65027     37.67
2016.66393     37.63
2016.66667     37.62
2016.66940     37.61
2016.67486     37.59
2016.67760     37.57
2016.68579     37.53
2016.68852     37.51
2016.69126     37.49
2016.69399     37.47
2016.69945     37.43
2016.70219     37.41
2016.71585     37.29
2016.72131     37.24
2016.72404     37.21
2016.72951     37.16
2016.73224     37.13
2016.73497     37.11
2016.74863     36.96
2016.75137     36.94
2016.75410     36.91
2016.75683     36.88
2016.76776     36.77
2016.77049     36.74
2016.77322     36.71
2016.77596     36.68
2016.77869     36.66
2016.78142     36.63
2016.78689     36.58
2016.79235     36.53
2016.79508     36.50
2016.79781     36.48
2016.80601     36.41
2016.80874     36.39
2016.81148     36.37
2016.81421     36.35
2016.81694     36.33
2016.81967     36.32
2016.82240     36.30
2016.82514     36.28
2016.83607     36.23
2016.84153     36.21
2016.84973     36.19
2016.85792     36.17
2016.86339     36.17
2016.86612     36.17
2016.87158     36.17
2016.88251     36.20
2016.88525     36.20
2016.88798     36.21
2016.89071     36.22
2016.89344     36.23
2016.89617     36.25
2016.89891     36.26
2016.90164     36.28
2016.90437     36.29
2016.90710     36.31
2016.90984     36.33
2016.91257     36.35
2016.91530     36.37
2016.91803     36.39
2016.92077     36.41
2016.92350     36.43
2016.92623     36.46
2016.92896     36.48
2016.93169     36.51
2016.93443     36.53
2016.93716     36.56
2016.93989     36.59
2016.94262     36.62
2016.94536     36.65
2016.94809     36.68
2016.95082     36.71
2016.95355     36.74
2016.95628     36.78
2016.95902     36.81
2016.96175     36.84
2016.96448     36.88
2016.96721     36.91
2016.96995     36.95
2016.97268     36.98
2016.97541     37.02
2016.97814     37.05
2016.98087     37.09
2016.98361     37.12
2016.98634     37.16
2016.98907     37.20
2016.99180     37.23
2016.99454     37.27
2016.99727     37.31
2017.00000     37.34
2017.00274     37.38
2017.00548     37.42
2017.00822     37.45
2017.01096     37.49
2017.01370     37.53
2017.01644     37.56
2017.01918     37.60
2017.02192     37.63
2017.02466     37.66
2017.02740     37.70
2017.03014     37.73
2017.03288     37.76
2017.03562     37.80
2017.03836     37.83
2017.04110     37.86
2017.04384     37.89
2017.04658     37.92
2017.04932     37.95
2017.05205     37.97
2017.05479     38.00
2017.05753     38.02
2017.06027     38.05
2017.06301     38.07
2017.06575     38.10
2017.06849     38.12
2017.07123     38.14
2017.07397     38.16
2017.07671     38.17
2017.07945     38.19
2017.08219     38.21
2017.08493     38.22
2017.08767     38.24
2017.09041     38.25
2017.09315     38.26
2017.09589     38.27
2017.09863     38.28
2017.10137     38.28
2017.10411     38.29
2017.10685     38.29
2017.10959     38.29
2017.11233     38.29
2017.11507     38.29
2017.11781     38.29
2017.12055     38.29
2017.12329     38.28
2017.12603     38.28
2017.12877     38.27
2017.13151     38.26
2017.13425     38.25
2017.13699     38.24
2017.13973     38.22
2017.14247     38.21
2017.14521     38.19
2017.14795     38.18
2017.15068     38.16
2017.15616     38.11
2017.15890     38.09
2017.16164     38.07
2017.16438     38.04
2017.16712     38.01
2017.16986     37.98
2017.17260     37.95
2017.17534     37.92
2017.17808     37.89
2017.18082     37.86
2017.18356     37.82
2017.18630     37.78
2017.18904     37.75
2017.19178     37.71
2017.19452     37.67
2017.19726     37.63
2017.20000     37.59
2017.20274     37.54
2017.20548     37.50
2017.20822     37.46
2017.21096     37.41
2017.21370     37.36
2017.21644     37.32
2017.21918     37.27
2017.22192     37.22
2017.22466     37.17
2017.22740     37.12
2017.23014     37.07
2017.23288     37.02
2017.23562     36.97
2017.23836     36.92
2017.24110     36.86
2017.24384     36.81
2017.24658     36.76
2017.24932     36.71
2017.25205     36.65
2017.25479     36.60
2017.25753     36.54
2017.26027     36.49
2017.26301     36.44
2017.26575     36.38
2017.26849     36.33
2017.27123     36.27
2017.27397     36.22
2017.27671     36.16
2017.27945     36.11
2017.28219     36.06
2017.28493     36.00
2017.28767     35.95
2017.29041     35.90
2017.29315     35.85
2017.29589     35.79
2017.30137     35.69
2017.30411     35.64
2017.30685     35.59
2017.30959     35.54
2017.31233     35.49
2017.31507     35.45
2017.31781     35.40
2017.32055     35.35
2017.32329     35.31
2017.32603     35.26
2017.32877     35.22
2017.33151     35.18
2017.33425     35.14
2017.33699     35.10
2017.33973     35.06
2017.34247     35.02
2017.34521     34.98
2017.34795     34.94
2017.35068     34.91
2017.35342     34.87
2017.35616     34.84
2017.35890     34.81
2017.36164     34.78
2017.36438     34.75
2017.36712     34.72
2017.36986     34.69
2017.37260     34.66
2017.37534     34.64
2017.37808     34.61
2017.38082     34.59
2017.38356     34.57
2017.38630     34.55
2017.38904     34.53
2017.39178     34.51
2017.39452     34.50
2017.39726     34.48
2017.40000     34.47
2017.40274     34.45
2017.40548     34.44
2017.40822     34.43
2017.41096     34.42
2017.41370     34.41
2017.41918     34.40
2017.42192     34.39
2017.42466     34.39
2017.42740     34.39
2017.43014     34.39
2017.43288     34.39
2017.43562     34.39
2017.43836     34.39
2017.44110     34.39
2017.44384     34.39
2017.44658     34.40
2017.44932     34.40
2017.45205     34.41
2017.46301     34.44
2017.46575     34.45
2017.46849     34.46
2017.47123     34.47
2017.47397     34.48
2017.47671     34.49
2017.47945     34.51
2017.48219     34.52
2017.48493     34.53
2017.48767     34.55
2017.49041     34.56
2017.49315     34.58
2017.49589     34.59
2017.49863     34.61
2017.50411     34.64
2017.50959     34.67
2017.51233     34.69
2017.51507     34.70
2017.51781     34.72
2017.52055     34.73
2017.52603     34.77
2017.52877     34.78
2017.53151     34.80
2017.53425     34.81
2017.53699     34.83
2017.53973     34.84
2017.54247     34.85
2017.54521     34.87
2017.54795     34.88
2017.55068     34.89
2017.55616     34.92
2017.55890     34.93
2017.56164     34.94
2017.56438     34.95
2017.56986     34.97
2017.57260     34.97
2017.58630     35.00
2017.58904     35.00
2017.59178     35.00
2017.59452     35.01
2017.59726     35.01
2017.60000     35.00
2017.60274     35.00
2017.60548     35.00
2017.60822     35.00
2017.61096     34.99
2017.61370     34.98
2017.61644     34.98
2017.61918     34.97
2017.62192     34.96
2017.62466     34.95
2017.62740     34.94
2017.63014     34.93
2017.63288     34.91
2017.63562     34.90
2017.64384     34.85
2017.64658     34.83
2017.64932     34.81
2017.65205     34.79
2017.65479     34.77
2017.65753     34.75
2017.66027     34.72
2017.66301     34.70
2017.66575     34.67
2017.67123     34.62
2017.67397     34.59
2017.67671     34.56
2017.67945     34.53
2017.68219     34.50
2017.68493     34.47
2017.68767     34.43
2017.69041     34.40
2017.69315     34.37
2017.69589     34.33
2017.69863     34.30
2017.70137     34.26
2017.70411     34.22
2017.70685     34.19
2017.70959     34.15
2017.71233     34.11
2017.71507     34.07
2017.71781     34.03
2017.72055     33.99
2017.72329     33.95
2017.72603     33.91
2017.72877     33.87
2017.73151     33.83
2017.73425     33.79
2017.73699     33.75
2017.73973     33.70
2017.74247     33.66
2017.74795     33.58
2017.75068     33.54
2017.75342     33.50
2017.75616     33.45
2017.76164     33.37
2017.76438     33.33
2017.76712     33.29
2017.77808     33.13
2017.78082     33.09
2017.78630     33.01
2017.79178     32.94
2017.79452     32.90
2017.79726     32.87
2017.80000     32.83
2017.80274     32.80
2017.80548     32.76
2017.80822     32.73
2017.81096     32.70
2017.81370     32.67
2017.81644     32.64
2017.81918     32.61
2017.82192     32.58
2017.82466     32.55
2017.82740     32.53
2017.83014     32.50
2017.83288     32.48
2017.83562     32.45
2017.83836     32.43
2017.84110     32.41
2017.84384     32.39
2017.84658     32.37
2017.84932     32.35
2017.85205     32.34
2017.85479     32.32
2017.85753     32.31
2017.86301     32.28
2017.86575     32.27
2017.86849     32.26
2017.87123     32.26
2017.87397     32.25
2017.87671     32.24
2017.87945     32.24
2017.88219     32.23
2017.88493     32.23
2017.88767     32.23
2017.89041     32.23
2017.89315     32.23
2017.89589     32.24
2017.89863     32.24
2017.90137     32.25
2017.90411     32.25
2017.90685     32.26
2017.90959     32.27
2017.91233     32.28
2017.91507     32.29
2017.91781     32.30
2017.92055     32.31
2017.92329     32.33
2017.92603     32.34
2017.92877     32.36
2017.93151     32.37
2017.93425     32.39
2017.93699     32.41
2017.93973     32.43
2017.94247     32.45
2017.94521     32.47
2017.94795     32.49
2017.95342     32.53
2017.95616     32.56
2017.95890     32.58
2017.96164     32.61
2017.96438     32.63
2017.96712     32.66
2017.96986     32.68
2017.97260     32.71
2017.97534     32.74
2017.97808     32.77
2017.98082     32.79
2017.98356     32.82
2017.98630     32.85
2017.98904     32.88
2017.99178     32.91
2017.99452     32.93
2017.99726     32.96
2018.00000     32.99
2018.00274     33.02
2018.00548     33.05
2018.00822     33.08
2018.01096     33.10
2018.01370     33.13
2018.01644     33.16
2018.01918     33.19
2018.02192     33.21
2018.02466     33.24
2018.02740     33.26
2018.03014     33.29
2018.03288     33.31
2018.03562     33.34
2018.03836     33.36
2018.04110     33.38
2018.04384     33.41
2018.04658     33.43
2018.04932     33.45
2018.05205     33.47
2018.05479     33.49
2018.05753     33.50
2018.06027     33.52
2018.06301     33.54
2018.06575     33.55
2018.06849     33.57
2018.07123     33.58
2018.07397     33.59
2018.07671     33.60
2018.07945     33.61
2018.08219     33.62
2018.08493     33.63
2018.08767     33.63
2018.09041     33.64
2018.09315     33.64
2018.09589     33.64
2018.09863     33.65
2018.10137     33.64
2018.10411     33.64
2018.10685     33.64
2018.10959     33.64
2018.11233     33.63
2018.11507     33.62
2018.11781     33.61
2018.12055     33.60
2018.12329     33.59
2018.12603     33.58
2018.12877     33.56
2018.13151     33.55
2018.13425     33.53
2018.13699     33.51
2018.13973     33.49
2018.14247     33.47
2018.14521     33.45
2018.14795     33.42
2018.15068     33.40
2018.15342     33.37
2018.15616     33.34
2018.15890     33.31
2018.16164     33.28
