2012.00000    -20.57
2012.00273    -20.61
2012.00546    -20.65
2012.00820    -20.69
2012.01093    -20.73
2012.01366    -20.78
2012.01639    -20.82
2012.01913    -20.86
2012.02186    -20.90
2012.02459    -20.94
2012.02732    -20.98
2012.03005    -21.01
2012.03279    -21.05
2012.03552    -21.09
2012.03825    -21.13
2012.04098    -21.16
2012.04372    -21.20
2012.04645    -21.24
2012.04918    -21.27
2012.05191    -21.31
2012.05464    -21.35
2012.05738    -21.38
2012.06011    -21.42
2012.06284    -21.45
2012.06557    -21.48
2012.06831    -21.52
2012.07104    -21.55
2012.07377    -21.59
2012.07650    -21.62
2012.07923    -21.65
2012.08197    -21.69
2012.08470    -21.72
2012.08743    -21.75
2012.09016    -21.78
2012.09290    -21.82
2012.09563    -21.85
2012.09836    -21.88
2012.10109    -21.91
2012.10383    -21.95
2012.10656    -21.98
2012.10929    -22.01
2012.11202    -22.04
2012.11475    -22.07
2012.11749    -22.11
2012.12022    -22.14
2012.12295    -22.17
2012.12568    -22.21
2012.12842    -22.24
2012.13115    -22.27
2012.13388    -22.31
2012.13661    -22.34
2012.13934    -22.37
2012.14208    -22.41
2012.14481    -22.44
2012.14754    -22.48
2012.15027    -22.52
2012.15301    -22.55
2012.15574    -22.59
2012.15847    -22.63
2012.16120    -22.66
2012.16393    -22.70
2012.16667    -22.74
2012.16940    -22.78
2012.17213    -22.82
2012.17486    -22.86
2012.17760    -22.90
2012.18033    -22.95
2012.18306    -22.99
2012.18579    -23.03
2012.18852    -23.08
2012.19126    -23.12
2012.19399    -23.17
2012.19672    -23.21
2012.19945    -23.26
2012.20219    -23.31
2012.20492    -23.36
2012.20765    -23.41
2012.21038    -23.46
2012.21311    -23.51
2012.21585    -23.57
2012.21858    -23.62
2012.22131    -23.68
2012.22404    -23.73
2012.22678    -23.79
2012.22951    -23.85
2012.23224    -23.91
2012.23497    -23.97
2012.23770    -24.03
2012.24044    -24.09
2012.24317    -24.15
2012.24590    -24.22
2012.24863    -24.28
2012.25137    -24.35
2012.25410    -24.42
2012.25683    -24.48
2012.25956    -24.55
2012.26230    -24.62
2012.26503    -24.70
2012.26776    -24.77
2012.27049    -24.84
2012.27322    -24.92
2012.27596    -24.99
2012.27869    -25.07
2012.28142    -25.15
2012.28415    -25.23
2012.28689    -25.31
2012.28962    -25.39
2012.29235    -25.47
2012.29508    -25.55
2012.29781    -25.64
2012.30055    -25.72
2012.30328    -25.81
2012.30601    -25.90
2012.30874    -25.98
2012.31148    -26.07
2012.31421    -26.16
2012.31694    -26.25
2012.31967    -26.34
2012.32240    -26.44
2012.32514    -26.53
2012.32787    -26.62
2012.33060    -26.72
2012.33333    -26.81
2012.33607    -26.91
2012.33880    -27.01
2012.34153    -27.10
2012.34426    -27.20
2012.34699    -27.30
2012.34973    -27.40
2012.35246    -27.50
2012.35519    -27.60
2012.35792    -27.70
2012.36066    -27.80
2012.36339    -27.90
2012.36612    -28.00
2012.36885    -28.10
2012.37158    -28.20
2012.37432    -28.31
2012.37705    -28.41
2012.37978    -28.51
2012.38251    -28.61
2012.38525    -28.72
2012.38798    -28.82
2012.39071    -28.92
2012.39344    -29.02
2012.39617    -29.13
2012.39891    -29.23
2012.40164    -29.33
2012.40437    -29.43
2012.40710    -29.54
2012.40984    -29.64
2012.41257    -29.74
2012.41530    -29.84
2012.41803    -29.94
2012.42077    -30.04
2012.42350    -30.14
2012.42623    -30.24
2012.42896    -30.34
2012.43169    -30.44
2012.43443    -30.54
2012.43716    -30.64
2012.53005    -33.41
2012.53279    -33.47
2012.53552    -33.53
2012.53825    -33.59
2012.54098    -33.64
2012.54372    -33.70
2012.54645    -33.76
2012.54918    -33.81
2012.55191    -33.86
2012.55464    -33.91
2012.55738    -33.96
2012.56011    -34.01
2012.56284    -34.06
2012.56557    -34.10
2012.56831    -34.15
2012.57104    -34.19
2012.57377    -34.23
2012.57650    -34.27
2012.57923    -34.31
2012.58197    -34.35
2012.58470    -34.39
2012.58743    -34.43
2012.59016    -34.46
2012.59563    -34.53
2012.59836    -34.56
2012.60109    -34.59
2012.60929    -34.68
2012.61202    -34.70
2012.61475    -34.73
2012.61749    -34.76
2012.62022    -34.78
2012.62295    -34.80
2012.62568    -34.83
2012.62842    -34.85
2012.63115    -34.87
2012.63388    -34.89
2012.63661    -34.91
2012.63934    -34.93
2012.64208    -34.95
2012.64481    -34.97
2012.64754    -34.99
2012.65027    -35.00
2012.65301    -35.02
2012.65574    -35.04
2012.65847    -35.05
2012.66120    -35.07
2012.66393    -35.08
2012.66667    -35.10
2012.66940    -35.11
2012.67213    -35.12
2012.67486    -35.14
2012.67760    -35.15
2012.68033    -35.17
2012.68306    -35.18
2012.68579    -35.19
2012.68852    -35.21
2012.69126    -35.22
2012.69399    -35.23
2012.69672    -35.24
2012.69945    -35.26
2012.70219    -35.27
2012.70492    -35.28
2012.70765    -35.30
2012.71038    -35.31
2012.71311    -35.33
2012.71585    -35.34
2012.71858    -35.35
2012.72131    -35.37
2012.72404    -35.38
2012.72678    -35.40
2012.73224    -35.43
2012.73497    -35.45
2012.73770    -35.46
2012.74044    -35.48
2012.74317    -35.50
2012.74590    -35.51
2012.74863    -35.53
2012.75137    -35.55
2012.75410    -35.57
2012.75683    -35.59
2012.75956    -35.61
2012.76230    -35.63
2012.76503    -35.65
2012.76776    -35.68
2012.77049    -35.70
2012.77322    -35.72
2012.77596    -35.75
2012.77869    -35.77
2012.78142    -35.80
2012.78415    -35.82
2012.78689    -35.85
2012.78962    -35.88
2012.79235    -35.90
2012.79508    -35.93
2012.79781    -35.96
2012.80055    -35.99
2012.80328    -36.02
2012.80601    -36.05
2012.80874    -36.09
2012.81148    -36.12
2012.81421    -36.15
2012.81694    -36.18
2012.81967    -36.22
2012.82240    -36.25
2012.82514    -36.29
2012.82787    -36.33
2012.83060    -36.36
2012.83333    -36.40
2012.83607    -36.44
2012.83880    -36.48
2012.84153    -36.52
2012.84426    -36.56
2012.84699    -36.60
2012.84973    -36.64
2012.85246    -36.68
2012.85519    -36.72
2012.85792    -36.77
2012.86066    -36.81
2012.86339    -36.85
2012.86612    -36.90
2012.86885    -36.94
2012.87158    -36.99
2012.87432    -37.03
2012.87705    -37.08
2012.87978    -37.12
2012.88251    -37.17
2012.88525    -37.22
2012.88798    -37.26
2012.89071    -37.31
2012.89344    -37.36
2012.89617    -37.40
2012.89891    -37.45
2012.90164    -37.50
2012.90437    -37.55
2012.90710    -37.60
2012.90984    -37.65
2012.91257    -37.70
2012.91530    -37.74
2012.91803    -37.79
2012.92077    -37.84
2012.92350    -37.89
2012.92623    -37.94
2012.92896    -37.99
2012.93169    -38.04
2012.93443    -38.09
2012.93716    -38.14
2012.93989    -38.18
2012.94262    -38.23
2012.94536    -38.28
2012.94809    -38.33
2012.95082    -38.38
2012.95355    -38.43
2012.95628    -38.47
2012.95902    -38.52
2012.96175    -38.57
2012.96448    -38.62
2012.96721    -38.66
2012.96995    -38.71
2012.97268    -38.76
2012.97541    -38.80
2012.97814    -38.85
2012.98087    -38.89
2012.98361    -38.94
2012.98634    -38.98
2012.98907    -39.03
2012.99180    -39.07
2012.99454    -39.12
2012.99727    -39.16
2013.00000    -39.20
2013.00274    -39.25
2013.00548    -39.29
2013.00822    -39.33
2013.01096    -39.37
2013.01370    -39.41
2013.01644    -39.45
2013.01918    -39.49
2013.02192    -39.53
2013.02466    -39.57
2013.02740    -39.61
2013.03014    -39.65
2013.03288    -39.69
2013.03562    -39.73
2013.03836    -39.77
2013.04110    -39.80
2013.04384    -39.84
2013.04658    -39.88
2013.04932    -39.91
2013.05205    -39.95
2013.05479    -39.98
2013.05753    -40.02
2013.06027    -40.05
2013.06301    -40.09
2013.06575    -40.12
2013.06849    -40.16
2013.07123    -40.19
2013.07397    -40.22
2013.07671    -40.26
2013.07945    -40.29
2013.08219    -40.32
2013.08493    -40.36
2013.08767    -40.39
2013.09041    -40.42
2013.09315    -40.46
2013.09589    -40.49
2013.09863    -40.52
2013.10137    -40.55
2013.10411    -40.58
2013.10685    -40.62
2013.10959    -40.65
2013.11233    -40.68
2013.11507    -40.71
2013.11781    -40.75
2013.12055    -40.78
2013.12329    -40.81
2013.12603    -40.85
2013.12877    -40.88
2013.13151    -40.91
2013.13425    -40.95
2013.13699    -40.98
2013.13973    -41.02
2013.14247    -41.05
2013.14521    -41.09
2013.14795    -41.12
2013.15342    -41.19
2013.15616    -41.23
2013.15890    -41.27
2013.16164    -41.31
2013.16438    -41.35
2013.16712    -41.38
2013.16986    -41.42
2013.17260    -41.46
2013.17534    -41.51
2013.17808    -41.55
2013.18082    -41.59
2013.18356    -41.63
2013.18630    -41.68
2013.18904    -41.72
2013.19178    -41.77
2013.19452    -41.81
2013.19726    -41.86
2013.20000    -41.91
2013.20274    -41.96
2013.20548    -42.01
2013.20822    -42.06
2013.21096    -42.11
2013.21370    -42.16
2013.21644    -42.21
2013.21918    -42.27
2013.22192    -42.32
2013.22466    -42.38
2013.22740    -42.44
2013.23014    -42.50
2013.23288    -42.56
2013.23562    -42.62
2013.23836    -42.68
2013.24110    -42.74
2013.24384    -42.80
2013.24658    -42.87
2013.24932    -42.93
2013.25205    -43.00
2013.25479    -43.07
2013.25753    -43.14
2013.26027    -43.21
2013.26301    -43.28
2013.26575    -43.35
2013.26849    -43.42
2013.27123    -43.50
2013.27397    -43.57
2013.27671    -43.65
2013.27945    -43.73
2013.28219    -43.81
2013.28493    -43.89
2013.28767    -43.97
2013.29041    -44.05
2013.29315    -44.13
2013.29589    -44.22
2013.29863    -44.30
2013.30137    -44.39
2013.30411    -44.47
2013.30685    -44.56
2013.31233    -44.74
2013.31507    -44.83
2013.31781    -44.92
2013.32055    -45.01
2013.32329    -45.10
2013.32603    -45.20
2013.32877    -45.29
2013.33151    -45.39
2013.33425    -45.48
2013.33699    -45.58
2013.33973    -45.67
2013.34247    -45.77
2013.34521    -45.87
2013.34795    -45.97
2013.35068    -46.07
2013.35342    -46.17
2013.35616    -46.27
2013.35890    -46.37
2013.36164    -46.47
2013.36438    -46.57
2013.36712    -46.67
2013.36986    -46.77
2013.37260    -46.88
2013.37534    -46.98
2013.37808    -47.08
2013.38082    -47.19
2013.38356    -47.29
2013.38630    -47.39
2013.38904    -47.49
2013.39178    -47.60
2013.39452    -47.70
2013.39726    -47.80
2013.40000    -47.91
2013.40274    -48.01
2013.40548    -48.11
2013.40822    -48.21
2013.41096    -48.32
2013.41370    -48.42
2013.41644    -48.52
2013.41918    -48.62
2013.42192    -48.72
2013.42466    -48.82
2013.42740    -48.92
2013.43014    -49.02
2013.43288    -49.12
2013.43562    -49.22
2013.43836    -49.32
2013.44110    -49.41
2013.44384    -49.51
2013.44658    -49.61
2013.44932    -49.70
2013.45205    -49.79
2013.45479    -49.89
2013.45753    -49.98
2013.46027    -50.07
2013.46301    -50.16
2013.46575    -50.25
2013.46849    -50.34
2013.47123    -50.43
2013.47397    -50.52
2013.47671    -50.60
2013.47945    -50.69
2013.48219    -50.77
2013.48493    -50.85
2013.48767    -50.93
2013.49041    -51.02
2013.49315    -51.09
2013.49589    -51.17
2013.49863    -51.25
2013.50137    -51.33
2013.50411    -51.40
2013.50685    -51.47
2013.50959    -51.55
2013.51233    -51.62
2013.51507    -51.69
2013.51781    -51.75
2013.52055    -51.82
2013.52329    -51.89
2013.52603    -51.95
2013.52877    -52.02
2013.53151    -52.08
2013.53425    -52.14
2013.53699    -52.20
2013.53973    -52.25
2013.54247    -52.31
2013.54521    -52.37
2013.54795    -52.42
2013.55616    -52.58
2013.55890    -52.62
2013.56164    -52.67
2013.56438    -52.72
2013.56712    -52.76
2013.56986    -52.81
2013.57260    -52.85
2013.57534    -52.89
2013.57808    -52.93
2013.58082    -52.97
2013.58356    -53.01
2013.58630    -53.05
2013.58904    -53.08
2013.59178    -53.12
2013.59452    -53.15
2013.59726    -53.18
2013.60000    -53.21
2013.60274    -53.25
2013.60548    -53.27
2013.60822    -53.30
2013.61096    -53.33
2013.61370    -53.36
2013.61644    -53.38
2013.61918    -53.41
2013.62192    -53.43
2013.62466    -53.46
2013.62740    -53.48
2013.63014    -53.50
2013.63288    -53.52
2013.63562    -53.54
2013.63836    -53.56
2013.64110    -53.58
2013.64384    -53.60
2013.64658    -53.62
2013.64932    -53.63
2013.65479    -53.67
2013.65753    -53.68
2013.66027    -53.70
2013.66301    -53.71
2013.66575    -53.73
2013.66849    -53.74
2013.67123    -53.76
2013.67671    -53.78
2013.68219    -53.81
2013.68493    -53.82
2013.68767    -53.84
2013.69041    -53.85
2013.69315    -53.86
2013.69589    -53.88
2013.69863    -53.89
2013.70137    -53.90
2013.70411    -53.92
2013.70685    -53.93
2013.70959    -53.94
2013.71233    -53.96
2013.71507    -53.97
2013.71781    -53.99
2013.72055    -54.00
2013.72329    -54.01
2013.72603    -54.03
2013.72877    -54.05
2013.73151    -54.06
2013.73425    -54.08
2013.73699    -54.09
2013.73973    -54.11
2013.74247    -54.13
2013.74521    -54.15
2013.74795    -54.16
2013.75068    -54.18
2013.75342    -54.20
2013.75616    -54.22
2013.75890    -54.24
2013.76164    -54.26
2013.76438    -54.28
2013.76712    -54.31
2013.76986    -54.33
2013.77260    -54.35
2013.77534    -54.38
2013.77808    -54.40
2013.78082    -54.43
2013.78356    -54.45
2013.78630    -54.48
2013.78904    -54.51
2013.79178    -54.53
2013.79452    -54.56
2013.79726    -54.59
2013.80000    -54.62
2013.80274    -54.65
2013.80548    -54.68
2013.80822    -54.72
2013.81096    -54.75
2013.81370    -54.78
2013.81644    -54.81
2013.81918    -54.85
2013.82192    -54.88
2013.82466    -54.92
2013.82740    -54.96
2013.83014    -54.99
2013.83288    -55.03
2013.83562    -55.07
2013.83836    -55.11
2013.84110    -55.15
2013.84384    -55.19
2013.84658    -55.23
2013.84932    -55.27
2013.85205    -55.31
2013.85479    -55.35
2013.85753    -55.40
2013.86027    -55.44
2013.86301    -55.48
2013.86575    -55.53
2013.86849    -55.57
2013.87123    -55.62
2013.87397    -55.66
2013.87671    -55.71
2013.87945    -55.75
2013.88219    -55.80
2013.88493    -55.85
2013.88767    -55.89
2013.89041    -55.94
2013.89315    -55.99
2013.89589    -56.04
2013.89863    -56.08
2013.90137    -56.13
2013.90411    -56.18
2013.90685    -56.23
2013.90959    -56.28
2013.91233    -56.33
2013.91507    -56.38
2013.91781    -56.43
2013.92055    -56.47
2013.92329    -56.52
2013.92603    -56.57
2013.92877    -56.62
2013.93151    -56.67
2013.93425    -56.72
2013.93699    -56.77
2013.93973    -56.82
2013.94247    -56.87
2013.94521    -56.92
2013.94795    -56.96
2013.95068    -57.01
2013.95342    -57.06
2013.95616    -57.11
2013.95890    -57.16
2013.96164    -57.20
2013.96438    -57.25
2013.96712    -57.30
2013.96986    -57.35
2013.97260    -57.39
2013.97534    -57.44
2013.97808    -57.48
2013.98082    -57.53
2013.98356    -57.57
2013.98630    -57.62
2013.98904    -57.66
2013.99726    -57.80
2014.00000    -57.84
2014.00274    -57.88
2014.00548    -57.92
2014.00822    -57.97
2014.01096    -58.01
2014.01370    -58.05
2014.01644    -58.09
2014.01918    -58.13
2014.02192    -58.17
2014.02466    -58.21
2014.02740    -58.25
2014.03014    -58.29
2014.03288    -58.33
2014.03562    -58.36
2014.03836    -58.40
2014.04110    -58.44
2014.04384    -58.48
2014.04658    -58.51
2014.04932    -58.55
2014.05205    -58.58
2014.05479    -58.62
2014.05753    -58.66
2014.06027    -58.69
2014.06301    -58.72
2014.06575    -58.76
2014.06849    -58.79
2014.07123    -58.83
2014.07397    -58.86
2014.07671    -58.89
2014.07945    -58.93
2014.08219    -58.96
2014.08493    -58.99
2014.08767    -59.03
2014.09041    -59.06
2014.09315    -59.09
2014.09589    -59.12
2014.09863    -59.16
2014.10137    -59.19
2014.10411    -59.22
2014.10685    -59.25
2014.10959    -59.29
2014.11233    -59.32
2014.11507    -59.35
2014.11781    -59.38
2014.12055    -59.42
2014.12329    -59.45
2014.12603    -59.48
2014.12877    -59.52
2014.13151    -59.55
2014.13425    -59.58
2014.13699    -59.62
2014.13973    -59.65
2014.14247    -59.69
2014.14521    -59.72
2014.14795    -59.76
2014.15068    -59.79
2014.15342    -59.83
2014.15616    -59.87
2014.15890    -59.91
2014.16164    -59.94
2014.16438    -59.98
2014.16712    -60.02
2014.16986    -60.06
2014.17260    -60.10
2014.17534    -60.14
2014.17808    -60.18
2014.18082    -60.23
2014.18356    -60.27
2014.18630    -60.31
2014.18904    -60.36
2014.19178    -60.40
2014.19452    -60.45
2014.19726    -60.50
2014.20000    -60.54
2014.20274    -60.59
2014.20548    -60.64
2014.20822    -60.69
2014.21096    -60.75
2014.21370    -60.80
2014.21644    -60.85
2014.21918    -60.91
2014.22192    -60.96
2014.22466    -61.02
2014.22740    -61.07
2014.23014    -61.13
2014.23288    -61.19
2014.23562    -61.25
2014.23836    -61.31
2014.24110    -61.38
2014.24384    -61.44
2014.24658    -61.51
2014.24932    -61.57
2014.25205    -61.64
2014.25479    -61.71
2014.25753    -61.77
2014.26027    -61.84
2014.26301    -61.92
2014.26575    -61.99
2014.26849    -62.06
2014.27123    -62.14
2014.27397    -62.21
2014.27671    -62.29
2014.27945    -62.37
2014.28219    -62.44
2014.28493    -62.52
2014.28767    -62.60
2014.29041    -62.69
2014.29315    -62.77
2014.29589    -62.85
2014.29863    -62.94
2014.30137    -63.02
2014.30411    -63.11
2014.30685    -63.20
2014.30959    -63.28
2014.31233    -63.37
2014.31507    -63.46
2014.31781    -63.56
2014.32055    -63.65
2014.32329    -63.74
2014.32603    -63.83
2014.32877    -63.93
2014.33151    -64.02
2014.33425    -64.12
2014.33699    -64.21
2014.33973    -64.31
2014.34247    -64.41
2014.34521    -64.51
2014.34795    -64.61
2014.35068    -64.70
2014.35342    -64.80
2014.35616    -64.90
2014.35890    -65.01
2014.36164    -65.11
2014.36438    -65.21
2014.36712    -65.31
2014.36986    -65.41
2014.37260    -65.51
2014.37534    -65.62
2014.37808    -65.72
2014.38082    -65.82
2014.38630    -66.03
2014.38904    -66.13
2014.39178    -66.23
2014.39452    -66.34
2014.39726    -66.44
2014.40000    -66.54
2014.40274    -66.65
2014.40548    -66.75
2014.40822    -66.85
2014.41096    -66.95
2014.41370    -67.05
2014.41644    -67.16
2014.41918    -67.26
2014.42192    -67.36
2014.42466    -67.46
2014.42740    -67.56
2014.43014    -67.66
2014.43288    -67.76
2014.43562    -67.85
2014.43836    -67.95
2014.44110    -68.05
2014.44384    -68.15
2014.44658    -68.24
2014.44932    -68.34
2014.45205    -68.43
2014.45479    -68.52
2014.45753    -68.62
2014.46027    -68.71
2014.46301    -68.80
2014.46575    -68.89
2014.46849    -68.98
2014.47123    -69.07
2014.47397    -69.15
2014.47671    -69.24
2014.48219    -69.41
2014.48493    -69.49
2014.48767    -69.57
2014.49041    -69.65
2014.49315    -69.73
2014.49589    -69.81
2014.49863    -69.89
2014.50137    -69.96
2014.50411    -70.04
2014.50685    -70.11
2014.50959    -70.18
2014.51233    -70.25
2014.51507    -70.32
2014.51781    -70.39
2014.52055    -70.46
2014.52329    -70.52
2014.52603    -70.59
2014.52877    -70.65
2014.53151    -70.71
2014.53425    -70.77
2014.53699    -70.83
2014.53973    -70.89
2014.54247    -70.95
2014.54521    -71.00
2014.54795    -71.06
2014.55068    -71.11
2014.55342    -71.16
2014.55616    -71.21
2014.55890    -71.26
2014.56164    -71.31
2014.56438    -71.36
2014.56712    -71.40
2014.56986    -71.44
2014.57260    -71.49
2014.57534    -71.53
2014.57808    -71.57
2014.58082    -71.61
2014.58356    -71.65
2014.58630    -71.68
2014.58904    -71.72
2014.59178    -71.75
2014.59452    -71.79
2014.59726    -71.82
2014.60274    -71.88
2014.60548    -71.91
2014.60822    -71.94
2014.61096    -71.97
2014.61370    -71.99
2014.61644    -72.02
2014.61918    -72.04
2014.62192    -72.07
2014.62466    -72.09
2014.62740    -72.11
2014.63014    -72.14
2014.63288    -72.16
2014.63562    -72.18
2014.63836    -72.20
2014.64110    -72.22
2014.64384    -72.23
2014.64658    -72.25
2014.64932    -72.27
2014.65205    -72.29
2014.65479    -72.30
2014.65753    -72.32
2014.66027    -72.33
2014.66301    -72.35
2014.66575    -72.36
2014.66849    -72.38
2014.67123    -72.39
2014.67397    -72.41
2014.67671    -72.42
2014.67945    -72.43
2014.68219    -72.45
2014.68493    -72.46
2014.68767    -72.47
2014.69041    -72.49
2014.69315    -72.50
2014.69589    -72.51
2014.69863    -72.53
2014.70137    -72.54
2014.70411    -72.55
2014.70685    -72.57
2014.70959    -72.58
2014.71233    -72.59
2014.71507    -72.61
2014.71781    -72.62
2014.72055    -72.64
2014.72329    -72.65
2014.72603    -72.67
2014.72877    -72.68
2014.73151    -72.70
2014.73425    -72.71
2014.73699    -72.73
2014.73973    -72.75
2014.74247    -72.76
2014.74521    -72.78
2014.74795    -72.80
2014.75068    -72.82
2014.75342    -72.84
2014.75616    -72.86
2014.75890    -72.88
2014.76164    -72.90
2014.76438    -72.92
2014.76712    -72.94
2014.76986    -72.97
2014.77260    -72.99
2014.77534    -73.01
2014.77808    -73.04
2014.78082    -73.06
2014.78356    -73.09
2014.78630    -73.12
2014.78904    -73.14
2014.79178    -73.17
2014.79452    -73.20
2014.79726    -73.23
2014.80000    -73.26
2014.80274    -73.29
2014.80548    -73.32
2014.80822    -73.35
2014.81096    -73.38
2014.81370    -73.42
2014.81644    -73.45
2014.81918    -73.49
2014.82192    -73.52
2014.82466    -73.56
2014.82740    -73.59
2014.83014    -73.63
2014.83288    -73.67
2014.83562    -73.71
2014.83836    -73.74
2014.84110    -73.78
2014.84384    -73.82
2014.84658    -73.86
2014.84932    -73.91
2014.85205    -73.95
2014.85479    -73.99
2014.85753    -74.03
2014.86027    -74.08
2014.86301    -74.12
2014.86575    -74.16
2014.86849    -74.21
2014.87123    -74.25
2014.87397    -74.30
2014.87671    -74.34
2014.87945    -74.39
2014.88219    -74.44
2014.88493    -74.48
2014.88767    -74.53
2014.89041    -74.58
2014.89315    -74.62
2014.89589    -74.67
2014.89863    -74.72
2014.90137    -74.77
2014.90411    -74.82
2014.90685    -74.87
2014.90959    -74.91
2014.91233    -74.96
2014.91507    -75.01
2014.91781    -75.06
2014.92055    -75.11
2014.92329    -75.16
2014.92603    -75.21
2014.92877    -75.26
2014.93151    -75.31
2014.93425    -75.36
2014.93699    -75.41
2014.93973    -75.45
2014.94247    -75.50
2014.94521    -75.55
2014.94795    -75.60
2014.95068    -75.65
2014.95342    -75.70
2014.95616    -75.74
2014.95890    -75.79
2014.96164    -75.84
2014.96438    -75.89
2014.96712    -75.93
2014.96986    -75.98
2014.97260    -76.03
2014.97534    -76.07
2014.97808    -76.12
2014.98082    -76.17
2014.98356    -76.21
2014.98630    -76.26
2014.98904    -76.30
2014.99178    -76.35
2014.99452    -76.39
2014.99726    -76.43
2015.00000    -76.48
2015.00274    -76.52
2015.00548    -76.56
2015.00822    -76.60
2015.01096    -76.64
2015.01370    -76.69
2015.01644    -76.73
2015.01918    -76.77
2015.02192    -76.81
2015.02466    -76.85
2015.02740    -76.89
2015.03014    -76.92
2015.03288    -76.96
2015.03562    -77.00
2015.03836    -77.04
2015.04110    -77.08
2015.04384    -77.11
2015.04658    -77.15
2015.04932    -77.19
2015.05205    -77.22
2015.05479    -77.26
2015.05753    -77.29
2015.06027    -77.33
2015.06301    -77.36
2015.06575    -77.40
2015.06849    -77.43
2015.07123    -77.46
2015.07397    -77.50
2015.07671    -77.53
2015.07945    -77.56
2015.08219    -77.60
2015.08493    -77.63
2015.08767    -77.66
2015.09041    -77.70
2015.09315    -77.73
2015.09589    -77.76
2015.09863    -77.79
2015.10137    -77.83
2015.10411    -77.86
2015.10685    -77.89
2015.10959    -77.92
2015.11233    -77.96
2015.11507    -77.99
2015.11781    -78.02
2015.12055    -78.05
2015.12329    -78.09
2015.12603    -78.12
2015.12877    -78.15
2015.13151    -78.19
2015.13425    -78.22
2015.13699    -78.25
2015.13973    -78.29
2015.14247    -78.32
2015.14521    -78.36
2015.14795    -78.39
2015.15068    -78.43
2015.15342    -78.47
2015.15616    -78.50
2015.15890    -78.54
2015.16164    -78.58
2015.16438    -78.62
2015.16712    -78.66
2015.16986    -78.70
2015.17260    -78.74
2015.17534    -78.78
2015.17808    -78.82
2015.18082    -78.86
2015.18356    -78.91
2015.18630    -78.95
2015.18904    -78.99
2015.19178    -79.04
2015.19452    -79.09
2015.19726    -79.13
2015.20000    -79.18
2015.20274    -79.23
2015.20548    -79.28
2015.20822    -79.33
2015.21096    -79.38
2015.21370    -79.43
2015.21644    -79.49
2015.21918    -79.54
2015.22192    -79.60
2015.22466    -79.65
2015.22740    -79.71
2015.23014    -79.77
2015.23288    -79.83
2015.23562    -79.89
2015.23836    -79.95
2015.24110    -80.01
2015.24384    -80.08
2015.24658    -80.14
2015.24932    -80.21
2015.25205    -80.27
2015.25479    -80.34
2015.25753    -80.41
2015.26027    -80.48
2015.26301    -80.55
2015.26575    -80.62
2015.26849    -80.70
2015.27123    -80.77
2015.27397    -80.85
2015.27671    -80.92
2015.27945    -81.00
2015.28219    -81.08
2015.28493    -81.16
2015.28767    -81.24
2015.29041    -81.32
2015.29315    -81.40
2015.29589    -81.49
2015.29863    -81.57
2015.30137    -81.66
2015.30411    -81.75
2015.30685    -81.83
2015.30959    -81.92
2015.31233    -82.01
2015.31507    -82.10
2015.31781    -82.19
2015.32055    -82.28
2015.32329    -82.38
2015.32603    -82.47
2015.32877    -82.56
2015.33151    -82.66
2015.33425    -82.75
2015.33699    -82.85
2015.33973    -82.95
2015.34247    -83.05
2015.34521    -83.14
2015.34795    -83.24
2015.35068    -83.34
2015.35342    -83.44
2015.35616    -83.54
2015.35890    -83.64
2015.36438    -83.84
2015.36712    -83.95
2015.36986    -84.05
2015.37260    -84.15
2015.37534    -84.25
2015.37808    -84.36
2015.38082    -84.46
2015.38356    -84.56
2015.38630    -84.66
2015.38904    -84.77
2015.39178    -84.87
2015.39452    -84.97
2015.39726    -85.08
2015.40000    -85.18
2015.40274    -85.28
2015.40548    -85.38
2015.40822    -85.49
2015.41096    -85.59
2015.41370    -85.69
2015.41644    -85.79
2015.41918    -85.89
2015.42192    -85.99
2015.42466    -86.09
2015.42740    -86.19
2015.43014    -86.29
2015.43288    -86.39
2015.43562    -86.49
2015.43836    -86.59
2015.44110    -86.69
2015.44384    -86.78
2015.44658    -86.88
2015.44932    -86.97
2015.45205    -87.07
2015.45479    -87.16
2015.45753    -87.25
2015.46027    -87.34
2015.46301    -87.43
2015.46575    -87.52
2015.46849    -87.61
2015.47123    -87.70
2015.47397    -87.79
2015.47671    -87.87
2015.47945    -87.96
2015.48219    -88.04
2015.48493    -88.13
2015.48767    -88.21
2015.49041    -88.29
2015.49315    -88.37
2015.49589    -88.45
2015.49863    -88.52
2015.50137    -88.60
2015.50411    -88.67
2015.50685    -88.75
2015.50959    -88.82
2015.51233    -88.89
2015.51507    -88.96
2015.51781    -89.03
2015.52055    -89.09
2015.52603    -89.22
2015.52877    -89.29
2015.53151    -89.35
2015.53425    -89.41
2015.53699    -89.47
2015.53973    -89.53
2015.54247    -89.58
2015.54521    -89.64
2015.54795    -89.69
2015.55068    -89.75
2015.55342    -89.80
2015.55616    -89.85
2015.55890    -89.90
2015.56164    -89.95
2015.56438    -89.99
2015.56712    -90.04
2015.56986    -90.08
2015.57260    -90.12
2015.57534    -90.17
2015.57808    -90.21
2015.58082    -90.24
2015.58356    -90.28
2015.58630    -90.32
2015.58904    -90.36
2015.59178    -90.39
2015.59452    -90.42
2015.59726    -90.46
2015.60000    -90.49
2015.60274    -90.52
2015.60548    -90.55
2015.60822    -90.58
2015.61096    -90.60
2015.61370    -90.63
2015.61644    -90.66
2015.61918    -90.68
2015.62192    -90.71
2015.62740    -90.75
2015.63014    -90.77
2015.63288    -90.79
2015.63562    -90.81
2015.63836    -90.83
2015.64110    -90.85
2015.64384    -90.87
2015.64658    -90.89
2015.64932    -90.91
2015.65205    -90.92
2015.65479    -90.94
2015.65753    -90.96
2015.66027    -90.97
2015.66301    -90.99
2015.66575    -91.00
2015.66849    -91.02
2015.67123    -91.03
2015.67397    -91.04
2015.67671    -91.06
2015.67945    -91.07
2015.68219    -91.08
2015.68493    -91.10
2015.68767    -91.11
2015.69041    -91.12
2015.69315    -91.14
2015.69589    -91.15
2015.69863    -91.16
2015.70137    -91.18
2015.70411    -91.19
2015.70685    -91.20
2015.70959    -91.22
2015.71233    -91.23
2015.71507    -91.24
2015.71781    -91.26
2015.72055    -91.27
2015.72329    -91.29
2015.72603    -91.30
2015.72877    -91.32
2015.73151    -91.33
2015.73425    -91.35
2015.73699    -91.37
2015.73973    -91.38
2015.74247    -91.40
2015.74521    -91.42
2015.74795    -91.44
2015.75068    -91.46
2015.75342    -91.47
2015.75616    -91.49
2015.75890    -91.52
2015.76164    -91.54
2015.76438    -91.56
2015.76712    -91.58
2015.76986    -91.60
2015.77260    -91.63
2015.77534    -91.65
2015.77808    -91.67
2015.78082    -91.70
2015.78356    -91.73
2015.78630    -91.75
2015.78904    -91.78
2015.79178    -91.81
2015.79452    -91.84
2015.79726    -91.86
2015.80000    -91.89
2015.80274    -91.93
2015.80548    -91.96
2015.80822    -91.99
2015.81096    -92.02
2015.81370    -92.05
2015.81644    -92.09
2015.81918    -92.12
2015.82192    -92.16
2015.82466    -92.19
2015.82740    -92.23
2015.83014    -92.27
2015.83288    -92.30
2015.83562    -92.34
2015.83836    -92.38
2015.84384    -92.46
2015.84658    -92.50
2015.84932    -92.54
2015.85479    -92.63
2015.85753    -92.67
2015.86027    -92.71
2015.86301    -92.76
2015.87123    -92.89
2015.87671    -92.98
2015.87945    -93.03
2015.88219    -93.07
2015.88493    -93.12
2015.88767    -93.17
2015.89315    -93.26
2015.89589    -93.31
2015.89863    -93.36
2015.90137    -93.41
2015.90411    -93.45
2015.90685    -93.50
2015.90959    -93.55
2015.91233    -93.60
2015.91507    -93.65
2015.91781    -93.70
2015.92055    -93.75
2015.92329    -93.80
2015.92603    -93.85
2015.92877    -93.89
2015.93151    -93.94
2015.93425    -93.99
2015.93699    -94.04
2015.93973    -94.09
2015.94247    -94.14
2015.94795    -94.24
2015.95068    -94.29
2015.95342    -94.33
2015.95616    -94.38
2015.95890    -94.43
2015.96164    -94.48
2015.96438    -94.52
2015.96712    -94.57
2015.96986    -94.62
2015.97260    -94.66
2015.97534    -94.71
2015.97808    -94.76
2015.98082    -94.80
2015.98356    -94.85
2015.98630    -94.89
2015.98904    -94.94
2015.99178    -94.98
2015.99452    -95.03
2015.99726    -95.07
2016.00000    -95.11
2016.00273    -95.15
2016.00546    -95.20
2016.00820    -95.24
2016.01093    -95.28
2016.01366    -95.32
2016.01639    -95.36
2016.01913    -95.40
2016.02186    -95.44
2016.02459    -95.48
2016.02732    -95.52
2016.03005    -95.56
2016.03279    -95.60
2016.03552    -95.64
2016.03825    -95.67
2016.04098    -95.71
2016.04372    -95.75
2016.04645    -95.78
2016.04918    -95.82
2016.05191    -95.86
2016.05464    -95.89
2016.05738    -95.93
2016.06011    -95.96
2016.06284    -96.00
2016.06557    -96.03
2016.06831    -96.06
2016.07104    -96.10
2016.07377    -96.13
2016.07650    -96.16
2016.07923    -96.20
2016.08197    -96.23
2016.08470    -96.26
2016.08743    -96.30
2016.09016    -96.33
2016.09290    -96.36
2016.09563    -96.39
2016.10383   -101.39
2016.10656   -103.13
2016.10929   -104.48
2016.11202   -105.59
2016.11475   -106.53
2016.11749   -107.35
2016.12022   -108.07
2016.12295   -108.72
2016.12568   -109.31
2016.12842   -109.85
2016.13115   -110.34
2016.13388   -110.80
2016.13661   -111.23
2016.13934   -111.64
2016.14208   -112.02
2016.14481   -112.38
2016.14754   -112.72
2016.15027   -113.05
2016.15301   -113.36
2016.15574   -113.66
2016.15847   -113.95
2016.16120   -114.22
2016.16393   -114.49
2016.16667   -114.75
2016.16940   -114.99
2016.17213   -115.23
2016.17486   -115.47
2016.17760   -115.70
2016.18033   -115.92
2016.18306   -116.13
2016.18579   -116.34
2016.18852   -116.55
2016.19126   -116.75
2016.19399   -116.95
2016.19672   -117.14
2016.19945   -117.33
2016.20219   -117.52
2016.20492   -117.70
2016.20765   -117.88
2016.21038   -118.06
2016.21311   -118.24
2016.21585   -118.41
2016.21858   -118.58
2016.22131   -118.75
2016.22404   -118.92
2016.22678   -119.09
2016.22951   -119.25
2016.23224   -119.41
2016.23497   -119.57
2016.23770   -119.73
2016.24044   -119.89
2016.24317   -120.05
2016.24590   -120.21
2016.24863   -120.36
2016.25137   -120.52
2016.25410   -120.67
2016.25683   -120.83
2016.25956   -120.98
2016.26230   -121.13
2016.26503   -121.28
2016.26776   -121.43
2016.27049   -121.58
2016.27322   -121.74
2016.27596   -121.89
2016.27869   -122.04
2016.28142   -122.18
2016.28415   -122.33
2016.28689   -122.48
2016.28962   -122.63
2016.29235   -122.78
2016.29508   -122.93
2016.29781   -123.08
2016.30055   -123.22
2016.30328   -123.37
2016.30601   -123.52
2016.30874   -123.67
2016.31148   -123.82
2016.31421   -123.96
2016.31694   -124.11
2016.31967   -124.26
2016.32240   -124.41
2016.32514   -124.55
2016.32787   -124.70
2016.33060   -124.85
2016.33333   -124.99
2016.33607   -125.14
2016.33880   -125.29
2016.34153   -125.43
2016.34426   -125.58
2016.34699   -125.73
2016.34973   -125.87
2016.35246   -126.02
2016.35519   -126.16
2016.35792   -126.31
2016.36066   -126.45
2016.36339   -126.60
2016.36612   -126.74
2016.36885   -126.89
2016.37158   -127.03
2016.37432   -127.18
2016.37705   -127.32
2016.37978   -127.46
2016.38251   -127.60
2016.38525   -127.75
2016.38798   -127.89
2016.39071   -128.03
2016.40437   -128.73
2016.40710   -128.86
2016.40984   -129.00
2016.41257   -129.14
2016.41530   -129.27
2016.41803   -129.41
2016.42077   -129.54
2016.42350   -129.67
2016.42623   -129.81
2016.42896   -129.94
2016.43169   -130.07
2016.43443   -130.20
2016.43716   -130.32
2016.43989   -130.45
2016.44262   -130.58
2016.44536   -130.70
2016.44809   -130.83
2016.45082   -130.95
2016.45355   -131.07
2016.45628   -131.19
2016.45902   -131.31
2016.46175   -131.43
2016.46448   -131.55
2016.46721   -131.66
2016.46995   -131.78
2016.47268   -131.89
2016.47541   -132.00
2016.47814   -132.11
2016.48087   -132.22
2016.48361   -132.33
2016.48634   -132.44
2016.48907   -132.54
2016.49180   -132.64
2016.49454   -132.75
2016.49727   -132.85
2016.50000   -132.95
2016.50273   -133.04
2016.50546   -133.14
2016.50820   -133.24
2016.51093   -133.33
2016.51366   -133.42
2016.51639   -133.51
2016.51913   -133.60
2016.52186   -133.69
2016.52459   -133.77
2016.52732   -133.86
2016.53005   -133.94
2016.53279   -134.02
2016.54918   -134.48
2016.57104   -135.00
2016.57377   -135.06
2016.57650   -135.12
2016.57923   -135.17
2016.58197   -135.23
2016.58470   -135.28
2016.58743   -135.33
2016.59016   -135.38
2016.59290   -135.43
2016.59563   -135.48
2016.59836   -135.53
2016.60109   -135.57
2016.60383   -135.62
2016.60656   -135.66
2016.60929   -135.70
2016.61202   -135.75
2016.61475   -135.79
2016.61749   -135.83
2016.62022   -135.86
2016.62295   -135.90
2016.62568   -135.94
2016.62842   -135.97
2016.63115   -136.01
2016.63388   -136.04
2016.63661   -136.07
2016.64208   -136.14
2016.64481   -136.17
2016.64754   -136.20
2016.65027   -136.23
2016.65301   -136.25
2016.65574   -136.28
2016.65847   -136.31
2016.66120   -136.34
2016.66393   -136.36
2016.66667   -136.39
2016.66940   -136.41
2016.67213   -136.44
2016.67486   -136.46
2016.67760   -136.49
2016.68033   -136.51
2016.68306   -136.54
2016.68579   -136.56
2016.68852   -136.58
2016.69126   -136.61
2016.69399   -136.63
2016.69672   -136.65
2016.69945   -136.67
2016.70219   -136.70
2016.70492   -136.72
2016.70765   -136.74
2016.71038   -136.76
2016.71311   -136.79
2016.71585   -136.81
2016.71858   -136.83
2016.72131   -136.86
2016.72404   -136.88
2016.72678   -136.90
2016.72951   -136.93
2016.73224   -136.95
2016.73497   -136.98
2016.74590   -137.08
2016.74863   -137.10
2016.75137   -137.13
2016.75410   -137.15
2016.75683   -137.18
2016.75956   -137.21
2016.76230   -137.24
2016.76503   -137.27
2016.76776   -137.30
2016.77049   -137.32
2016.77322   -137.35
2016.77596   -137.39
2016.77869   -137.42
2016.78142   -137.45
2016.78415   -137.48
2016.78689   -137.51
2016.78962   -137.55
2016.79235   -137.58
2016.79508   -137.61
2016.79781   -137.65
2016.80055   -137.69
2016.80328   -137.72
2016.80601   -137.76
2016.80874   -137.80
2016.81148   -137.83
2016.81421   -137.87
2016.81694   -137.91
2016.81967   -137.95
2016.82240   -137.99
2016.82514   -138.03
2016.82787   -138.07
2016.83607   -138.20
2016.84153   -138.29
2016.84973   -138.42
2016.85792   -138.56
2016.86339   -138.65
2016.86612   -138.70
2016.86885   -138.75
2016.87158   -138.80
2016.87432   -138.85
2016.87705   -138.90
2016.88251   -138.99
2016.88525   -139.04
2016.88798   -139.09
2016.89071   -139.14
2016.89344   -139.19
2016.89617   -139.25
2016.89891   -139.30
2016.90164   -139.35
2016.90437   -139.40
2016.90710   -139.45
2016.90984   -139.50
2016.91257   -139.55
2016.91530   -139.60
2016.91803   -139.65
2016.92077   -139.71
2016.92350   -139.76
2016.92623   -139.81
2016.92896   -139.86
2016.93169   -139.91
2016.93443   -139.96
2016.93716   -140.01
2016.93989   -140.06
2016.94262   -140.11
2016.94536   -140.16
2016.94809   -140.21
2016.95082   -140.26
2016.95355   -140.31
2016.95628   -140.36
2016.95902   -140.41
2016.96175   -140.46
2016.96448   -140.51
2016.96721   -140.56
2016.96995   -140.60
2016.97268   -140.65
2016.97541   -140.70
2016.97814   -140.75
2016.98087   -140.79
2016.98361   -140.84
2016.98634   -140.88
2016.98907   -140.93
2016.99180   -140.97
2016.99454   -141.02
2016.99727   -141.06
2017.00000   -141.11
2017.00274   -141.15
2017.00548   -141.19
2017.00822   -141.23
2017.01096   -141.28
2017.01370   -141.32
2017.01644   -141.36
2017.01918   -141.40
2017.02192   -141.44
2017.02466   -141.48
2017.02740   -141.52
2017.03014   -141.56
2017.03288   -141.60
2017.03562   -141.63
2017.03836   -141.67
2017.04110   -141.71
2017.04384   -141.74
2017.04658   -141.78
2017.04932   -141.82
2017.05205   -141.85
2017.05479   -141.89
2017.05753   -141.92
2017.06027   -141.96
2017.06301   -141.99
2017.06575   -142.02
2017.06849   -142.06
2017.07123   -142.09
2017.07397   -142.12
2017.07671   -142.15
2017.07945   -142.19
2017.08219   -142.22
2017.08493   -142.25
2017.08767   -142.28
2017.09041   -142.31
2017.09315   -142.35
2017.09589   -142.38
2017.09863   -142.41
2017.10137   -142.44
2017.10411   -142.47
2017.10685   -142.50
2017.10959   -142.53
2017.11233   -142.56
2017.11507   -142.59
2017.11781   -142.63
2017.12055   -142.66
2017.12329   -142.69
2017.12603   -142.72
2017.12877   -142.75
2017.13151   -142.78
2017.13425   -142.82
2017.13699   -142.85
2017.13973   -142.88
2017.14247   -142.91
2017.14521   -142.95
2017.14795   -142.98
2017.15068   -143.01
2017.15616   -143.08
2017.15890   -143.12
2017.16164   -143.15
2017.16438   -143.19
2017.16712   -143.23
2017.16986   -143.26
2017.17260   -143.30
2017.17534   -143.34
2017.17808   -143.38
2017.18082   -143.42
2017.18356   -143.46
2017.18630   -143.50
2017.18904   -143.54
2017.19178   -143.59
2017.19452   -143.63
2017.19726   -143.68
2017.20000   -143.72
2017.20274   -143.77
2017.20548   -143.81
2017.20822   -143.86
2017.21096   -143.91
2017.21370   -143.96
2017.21644   -144.01
2017.21918   -144.06
2017.22192   -144.11
2017.22466   -144.17
2017.22740   -144.22
2017.23014   -144.28
2017.23288   -144.33
2017.23562   -144.39
2017.23836   -144.45
2017.24110   -144.51
2017.24384   -144.57
2017.24658   -144.63
2017.24932   -144.69
2017.25205   -144.75
2017.25479   -144.82
2017.25753   -144.88
2017.26027   -144.95
2017.26301   -145.02
2017.26575   -145.09
2017.26849   -145.16
2017.27123   -145.23
2017.27397   -145.30
2017.27671   -145.37
2017.27945   -145.45
2017.28219   -145.52
2017.28493   -145.60
2017.28767   -145.67
2017.29041   -145.75
2017.29315   -145.83
2017.29589   -145.91
2017.29863   -145.99
2017.30137   -146.07
2017.30411   -146.15
2017.30685   -146.24
2017.30959   -146.32
2017.31233   -146.41
2017.31507   -146.49
2017.31781   -146.58
2017.32055   -146.67
2017.32329   -146.76
2017.32603   -146.85
2017.32877   -146.93
2017.33151   -147.03
2017.33425   -147.12
2017.33699   -147.21
2017.33973   -147.30
2017.34247   -147.39
2017.34521   -147.49
2017.34795   -147.58
2017.35068   -147.68
2017.35342   -147.77
2017.35616   -147.87
2017.35890   -147.96
2017.36164   -148.06
2017.36438   -148.16
2017.36712   -148.25
2017.36986   -148.35
2017.37260   -148.45
2017.37534   -148.55
2017.37808   -148.64
2017.38082   -148.74
2017.38356   -148.84
2017.38630   -148.94
2017.38904   -149.04
2017.39178   -149.13
2017.39452   -149.23
2017.39726   -149.33
2017.40000   -149.43
2017.40274   -149.53
2017.40548   -149.62
2017.40822   -149.72
2017.41096   -149.82
2017.41370   -149.91
2017.41644   -150.01
2017.41918   -150.11
2017.42192   -150.20
2017.42466   -150.30
2017.42740   -150.39
2017.43014   -150.49
2017.43562   -150.67
2017.43836   -150.76
2017.44110   -150.86
2017.44384   -150.95
2017.44658   -151.04
2017.44932   -151.13
2017.45205   -151.21
2017.45479   -151.30
2017.45753   -151.39
2017.46301   -151.56
2017.46575   -151.64
2017.46849   -151.73
2017.47123   -151.81
2017.47397   -151.89
2017.47671   -151.97
2017.47945   -152.05
2017.48219   -152.13
2017.48493   -152.21
2017.48767   -152.28
2017.49041   -152.36
2017.49315   -152.43
2017.49589   -152.50
2017.49863   -152.57
2017.50137   -152.64
2017.50411   -152.71
2017.50685   -152.78
2017.50959   -152.84
2017.51233   -152.91
2017.51507   -152.97
2017.51781   -153.04
2017.52055   -153.10
2017.52603   -153.21
2017.52877   -153.27
2017.53151   -153.33
2017.53425   -153.38
2017.53699   -153.43
2017.53973   -153.49
2017.54247   -153.54
2017.54521   -153.59
2017.54795   -153.63
2017.55068   -153.68
2017.55616   -153.77
2017.55890   -153.81
2017.56164   -153.85
2017.56438   -153.89
2017.56712   -153.93
2017.56986   -153.97
2017.57260   -154.00
2017.57534   -154.04
2017.57808   -154.07
2017.58082   -154.11
2017.58630   -154.17
2017.58904   -154.20
2017.59178   -154.23
2017.59452   -154.25
2017.59726   -154.28
2017.60000   -154.30
2017.60274   -154.33
2017.60548   -154.35
2017.60822   -154.37
2017.61096   -154.39
2017.61370   -154.41
2017.61644   -154.43
2017.61918   -154.45
2017.62192   -154.47
2017.62466   -154.48
2017.62740   -154.50
2017.63014   -154.51
2017.63288   -154.53
2017.63562   -154.54
2017.63836   -154.55
2017.64110   -154.56
2017.64384   -154.58
2017.64658   -154.59
2017.64932   -154.60
2017.65205   -154.61
2017.65479   -154.62
2017.65753   -154.62
2017.66027   -154.63
2017.66301   -154.64
2017.66575   -154.65
2017.66849   -154.66
2017.67123   -154.66
2017.67397   -154.67
2017.67945   -154.68
2017.68219   -154.69
2017.68493   -154.69
2017.68767   -154.70
2017.69041   -154.71
2017.69315   -154.71
2017.69589   -154.72
2017.70137   -154.73
2017.70411   -154.73
2017.70685   -154.74
2017.70959   -154.75
2017.71233   -154.75
2017.71507   -154.76
2017.71781   -154.77
2017.72055   -154.77
2017.72329   -154.78
2017.72603   -154.79
2017.72877   -154.80
2017.73151   -154.80
2017.73425   -154.81
2017.73699   -154.82
2017.73973   -154.83
2017.74247   -154.84
2017.74521   -154.85
2017.74795   -154.86
2017.75068   -154.87
2017.75342   -154.88
2017.75616   -154.90
2017.75890   -154.91
2017.76164   -154.92
2017.76438   -154.93
2017.76712   -154.95
2017.76986   -154.96
2017.77260   -154.98
2017.77808   -155.01
2017.78082   -155.03
2017.78630   -155.07
2017.78904   -155.09
2017.79178   -155.11
2017.79452   -155.13
2017.79726   -155.15
2017.80000   -155.17
2017.80274   -155.19
2017.80548   -155.21
2017.80822   -155.24
2017.81096   -155.26
2017.81370   -155.29
2017.81644   -155.31
2017.81918   -155.34
2017.82192   -155.37
2017.82466   -155.39
2017.82740   -155.42
2017.83014   -155.45
2017.83288   -155.48
2017.83562   -155.51
2017.83836   -155.54
2017.84110   -155.57
2017.84384   -155.60
2017.84658   -155.64
2017.84932   -155.67
2017.85205   -155.70
2017.85479   -155.74
2017.85753   -155.77
2017.86301   -155.84
2017.86575   -155.88
2017.86849   -155.91
2017.87123   -155.95
2017.87397   -155.99
2017.87671   -156.02
2017.87945   -156.06
2017.88219   -156.10
2017.88493   -156.14
2017.88767   -156.18
2017.89041   -156.21
2017.89315   -156.25
2017.89589   -156.29
2017.89863   -156.33
2017.90137   -156.37
2017.90411   -156.41
2017.90685   -156.45
2017.90959   -156.49
2017.91233   -156.53
2017.91507   -156.57
2017.91781   -156.61
2017.92055   -156.65
2017.92329   -156.69
2017.92603   -156.74
2017.92877   -156.78
2017.93151   -156.82
2017.93425   -156.86
2017.93699   -156.90
2017.93973   -156.94
2017.94247   -156.98
2017.94521   -157.02
2017.94795   -157.06
2017.95342   -157.14
2017.95616   -157.17
2017.95890   -157.21
2017.96164   -157.25
2017.96438   -157.29
2017.96712   -157.33
2017.96986   -157.37
2017.97260   -157.40
2017.97534   -157.44
2017.97808   -157.48
2017.98082   -157.52
2017.98356   -157.55
2017.98630   -157.59
2017.98904   -157.62
2017.99178   -157.66
2017.99452   -157.69
2017.99726   -157.73
2018.00000   -157.76
2018.00274   -157.80
2018.00548   -157.83
2018.00822   -157.86
2018.01096   -157.89
2018.01370   -157.93
2018.01644   -157.96
2018.01918   -157.99
2018.02192   -158.02
2018.02466   -158.05
2018.02740   -158.08
2018.03014   -158.11
2018.03288   -158.14
2018.03562   -158.17
2018.03836   -158.20
2018.04110   -158.23
2018.04384   -158.25
2018.04658   -158.28
2018.04932   -158.31
2018.05205   -158.33
2018.05479   -158.36
2018.05753   -158.39
2018.06027   -158.41
2018.06301   -158.44
2018.06575   -158.46
2018.06849   -158.49
2018.07123   -158.51
2018.07397   -158.54
2018.07671   -158.56
2018.07945   -158.58
2018.08219   -158.61
2018.08493   -158.63
2018.08767   -158.65
2018.09041   -158.68
2018.09315   -158.70
2018.09589   -158.72
2018.09863   -158.75
2018.10137   -158.77
2018.10411   -158.79
2018.10685   -158.82
2018.10959   -158.84
2018.11233   -158.86
2018.11507   -158.88
2018.11781   -158.91
2018.12055   -158.93
2018.12329   -158.95
2018.12603   -158.98
2018.12877   -159.00
2018.13151   -159.03
2018.13425   -159.05
2018.13699   -159.07
2018.13973   -159.10
2018.14247   -159.12
2018.14521   -159.15
2018.14795   -159.18
2018.15068   -159.20
2018.15342   -159.23
2018.15616   -159.26
2018.15890   -159.28
2018.16164   -159.31
