2012.00000	 -19.960	   2.600
2012.00273	 -22.350	   2.650
2012.00546	 -21.400	   2.590
2012.00820	 -21.450	   2.540
2012.01093	 -23.200	   2.630
2012.01366	 -22.580	   2.570
2012.01639	 -21.880	   2.590
2012.01913	 -23.160	   2.620
2012.02186	 -21.860	   2.750
2012.02459	 -23.060	   2.650
2012.02732	 -24.350	   2.710
2012.03005	 -24.220	   2.950
2012.03279	 -22.040	   2.600
2012.03552	 -22.620	   2.580
2012.03825	 -24.020	   2.530
2012.04098	 -23.150	   2.760
2012.04372	 -24.100	   2.910
2012.04645	 -22.990	   2.710
2012.04918	 -21.850	   2.600
2012.05191	 -22.810	   2.730
2012.05464	 -21.320	   2.680
2012.05738	 -20.940	   2.670
2012.06011	 -22.560	   2.770
2012.06284	 -23.570	   2.700
2012.06557	 -22.430	   2.610
2012.06831	 -20.630	   2.540
2012.07104	 -22.410	   2.650
2012.07377	 -22.750	   2.670
2012.07650	 -21.780	   2.660
2012.07923	 -25.370	   2.730
2012.08197	 -23.620	   2.810
2012.08470	 -22.000	   2.530
2012.08743	 -20.150	   2.540
2012.09016	 -21.830	   2.610
2012.09290	 -22.990	   2.540
2012.09563	 -22.740	   2.770
2012.09836	 -24.500	   3.150
2012.10109	 -22.270	   3.670
2012.10383	 -21.460	   2.910
2012.10656	 -22.450	   2.550
2012.10929	 -24.000	   2.500
2012.11202	 -22.260	   2.610
2012.11475	 -23.820	   2.660
2012.11749	 -23.110	   2.650
2012.12022	 -23.220	   2.890
2012.12295	 -25.530	   2.950
2012.12568	 -21.720	   3.430
2012.12842	 -23.770	   2.770
2012.13115	 -20.500	   2.590
2012.13388	 -22.040	   2.820
2012.13661	 -22.040	   2.920
2012.13934	 -24.940	   2.900
2012.14208	 -21.370	   3.290
2012.14481	 -22.310	   3.200
2012.14754	 -24.850	   3.040
2012.15027	 -22.380	   3.130
2012.15301	 -24.480	   2.840
2012.15574	 -24.180	   2.730
2012.15847	 -22.890	   2.620
2012.16120	 -23.520	   3.020
2012.16393	 -24.490	   2.690
2012.16667	 -24.150	   2.780
2012.16940	 -22.880	   2.880
2012.17213	 -24.810	   2.880
2012.17486	 -22.530	   2.950
2012.17760	 -23.370	   3.080
2012.18033	 -25.900	   2.970
2012.18306	 -26.150	   2.970
2012.18579	 -20.280	   3.050
2012.18852	 -20.990	   2.960
2012.19126	 -19.800	   2.870
2012.19399	 -23.550	   2.990
2012.19672	 -23.710	   3.260
2012.19945	 -23.940	   2.880
2012.20219	 -22.180	   2.830
2012.20492	 -26.020	   2.920
2012.20765	 -23.380	   3.200
2012.21038	 -22.160	   3.060
2012.21311	 -25.270	   2.880
2012.21585	 -24.860	   2.880
2012.21858	 -24.110	   2.940
2012.22131	 -24.420	   2.930
2012.22404	 -24.730	   2.880
2012.22678	 -21.750	   3.340
2012.22951	 -24.600	   2.910
2012.23224	 -24.140	   2.930
2012.23497	 -24.880	   3.060
2012.23770	 -22.610	   2.990
2012.24044	 -23.700	   3.920
2012.24317	 -25.190	   2.970
2012.24590	 -24.010	   2.920
2012.24863	 -23.380	   2.920
2012.25137	 -24.360	   2.980
2012.25410	 -23.710	   3.160
2012.25683	 -23.390	   2.970
2012.25956	 -23.930	   2.790
2012.26230	 -25.670	   2.760
2012.26503	 -22.110	   3.140
2012.26776	 -21.390	   3.020
2012.27049	 -22.540	   2.790
2012.27322	 -22.750	   2.920
2012.27596	 -25.280	   2.850
2012.27869	 -27.570	   2.810
2012.28142	 -25.880	   2.930
2012.28415	 -24.400	   3.010
2012.28689	 -25.570	   2.740
2012.28962	 -23.590	   2.760
2012.29235	 -23.450	   3.260
2012.29508	 -23.500	   3.100
2012.29781	 -24.130	   2.770
2012.30055	 -24.580	   2.900
2012.30328	 -24.240	   3.300
2012.30601	 -23.980	   3.210
2012.30874	 -23.780	   2.850
2012.31148	 -26.040	   3.360
2012.31421	 -25.370	   2.910
2012.31694	 -27.910	   5.810
2012.31967	 -24.370	   3.280
2012.32240	 -23.950	   3.540
2012.32514	 -23.520	   3.010
2012.32787	 -24.540	   3.980
2012.33060	 -27.270	   3.500
2012.33333	 -28.030	   3.220
2012.33607	 -22.360	   4.640
2012.33880	 -26.250	   3.520
2012.34153	 -25.880	   3.430
2012.34426	 -25.220	   2.750
2012.34699	 -25.390	   2.540
2012.34973	 -25.250	   2.890
2012.35246	 -27.350	   2.850
2012.35519	 -27.860	   3.020
2012.35792	 -23.610	   3.750
2012.36066	 -26.240	   2.760
2012.36339	 -27.230	   2.840
2012.36612	 -27.300	   2.850
2012.36885	 -28.020	   2.910
2012.37158	 -26.680	   2.900
2012.37432	 -25.780	   2.980
2012.37705	 -26.150	   3.290
2012.37978	 -26.680	   2.820
2012.38251	 -28.180	   4.060
2012.38525	 -28.370	   3.150
2012.38798	 -25.870	   3.090
2012.39071	 -29.250	   2.920
2012.39344	 -26.930	   3.010
2012.39617	 -27.990	   2.900
2012.39891	 -28.900	   2.850
2012.40164	 -27.850	   3.240
2012.40437	 -26.100	   3.580
2012.40710	 -26.290	   3.010
2012.40984	 -30.760	   3.960
2012.41257	 -29.400	   3.410
2012.41530	 -27.590	   3.110
2012.41803	 -28.330	   2.680
2012.42077	 -29.460	   2.730
2012.42350	 -31.640	   2.930
2012.42623	 -30.200	   2.780
2012.42896	 -27.150	   2.790
2012.43169	 -30.270	   2.960
2012.43443	 -28.890	   3.340
2012.43716	 -28.370	   4.110
2012.53005	 -36.300	   4.660
2012.53279	 -34.280	   3.150
2012.53552	 -34.780	   3.720
2012.53825	 -36.440	   3.600
2012.54098	 -35.190	   3.050
2012.54372	 -30.320	   3.270
2012.54645	 -29.000	   3.050
2012.54918	 -30.600	   3.510
2012.55191	 -32.890	   3.190
2012.55464	 -32.640	   3.370
2012.55738	 -32.040	   3.230
2012.56011	 -31.940	   3.040
2012.56284	 -33.270	   3.280
2012.56557	 -33.320	   3.260
2012.56831	 -32.640	   3.020
2012.57104	 -32.130	   3.110
2012.57377	 -33.410	   2.880
2012.57650	 -31.240	   3.490
2012.57923	 -33.050	   2.970
2012.58197	 -32.530	   3.220
2012.58470	 -30.370	   3.400
2012.58743	 -35.360	   3.480
2012.59016	 -30.380	   4.080
2012.59563	 -30.660	   3.730
2012.59836	 -31.020	   4.120
2012.60109	 -35.100	   5.190
2012.60929	 -34.460	   4.450
2012.61202	 -32.360	   3.530
2012.61475	 -35.550	   3.210
2012.61749	 -33.570	   3.160
2012.62022	 -32.210	   3.270
2012.62295	 -32.400	   3.410
2012.62568	 -34.020	   3.130
2012.62842	 -33.530	   3.130
2012.63115	 -31.480	   3.420
2012.63388	 -33.460	   3.620
2012.63661	 -32.780	   3.390
2012.63934	 -32.140	   3.990
2012.64208	 -33.930	   3.450
2012.64481	 -35.240	   3.880
2012.64754	 -33.140	   4.020
2012.65027	 -29.710	   3.580
2012.65301	 -33.510	   3.550
2012.65574	 -32.120	   4.010
2012.65847	 -37.530	   3.900
2012.66120	 -32.070	   4.080
2012.66393	 -38.700	   4.140
2012.66667	 -35.440	   3.720
2012.66940	 -35.090	   3.720
2012.67213	 -35.430	   3.620
2012.67486	 -40.010	   3.480
2012.67760	 -36.220	   3.130
2012.68033	 -34.360	   3.230
2012.68306	 -32.020	   3.180
2012.68579	 -35.540	   3.260
2012.68852	 -35.910	   3.640
2012.69126	 -32.480	   3.440
2012.69399	 -34.830	   3.640
2012.69672	 -36.540	   3.240
2012.69945	 -31.860	   3.160
2012.70219	 -31.190	   4.260
2012.70492	 -32.190	   3.660
2012.70765	 -33.300	   2.810
2012.71038	 -32.540	   2.860
2012.71311	 -34.180	   2.900
2012.71585	 -33.590	   3.110
2012.71858	 -32.420	   2.920
2012.72131	 -34.770	   2.930
2012.72404	 -34.720	   2.840
2012.72678	 -33.160	   2.890
2012.73224	 -35.430	   3.320
2012.73497	 -34.010	   3.230
2012.73770	 -33.610	   3.720
2012.74044	 -33.040	   3.580
2012.74317	 -34.330	   3.270
2012.74590	 -34.730	   3.210
2012.74863	 -31.820	   2.890
2012.75137	 -32.350	   3.130
2012.75410	 -32.660	   3.270
2012.75683	 -34.170	   3.310
2012.75956	 -33.820	   3.060
2012.76230	 -34.430	   2.850
2012.76503	 -31.390	   3.160
2012.76776	 -34.340	   2.890
2012.77049	 -32.160	   2.770
2012.77322	 -35.320	   2.710
2012.77596	 -32.630	   2.840
2012.77869	 -32.250	   2.970
2012.78142	 -32.960	   2.960
2012.78415	 -32.700	   2.760
2012.78689	 -33.650	   2.790
2012.78962	 -31.820	   2.780
2012.79235	 -34.120	   2.900
2012.79508	 -33.330	   3.050
2012.79781	 -33.520	   3.040
2012.80055	 -34.010	   2.890
2012.80328	 -35.150	   2.830
2012.80601	 -32.290	   2.850
2012.80874	 -36.500	   2.840
2012.81148	 -33.240	   2.970
2012.81421	 -34.030	   2.780
2012.81694	 -34.580	   3.110
2012.81967	 -34.600	   3.290
2012.82240	 -36.840	   3.610
2012.82514	 -34.900	   2.760
2012.82787	 -33.810	   3.310
2012.83060	 -33.790	   2.830
2012.83333	 -35.730	   3.040
2012.83607	 -34.240	   3.420
2012.83880	 -35.080	   3.460
2012.84153	 -34.790	   3.620
2012.84426	 -33.720	   3.600
2012.84699	 -38.390	   3.090
2012.84973	 -35.520	   3.010
2012.85246	 -36.920	   3.060
2012.85519	 -34.140	   2.910
2012.85792	 -34.400	   2.920
2012.86066	 -35.760	   3.070
2012.86339	 -34.810	   3.200
2012.86612	 -35.020	   2.920
2012.86885	 -34.180	   2.980
2012.87158	 -35.310	   2.870
2012.87432	 -34.860	   2.980
2012.87705	 -35.550	   3.240
2012.87978	 -33.140	   3.150
2012.88251	 -33.710	   3.120
2012.88525	 -35.270	   3.050
2012.88798	 -35.490	   2.990
2012.89071	 -35.460	   3.390
2012.89344	 -35.240	   3.270
2012.89617	 -38.380	   3.390
2012.89891	 -37.530	   2.700
2012.90164	 -37.100	   2.780
2012.90437	 -37.460	   2.960
2012.90710	 -37.420	   2.750
2012.90984	 -36.040	   2.880
2012.91257	 -37.420	   2.770
2012.91530	 -38.510	   2.840
2012.91803	 -37.120	   3.300
2012.92077	 -35.970	   3.200
2012.92350	 -37.170	   3.060
2012.92623	 -37.520	   2.970
2012.92896	 -35.790	   3.550
2012.93169	 -37.200	   3.050
2012.93443	 -36.220	   3.000
2012.93716	 -36.810	   3.200
2012.93989	 -37.390	   3.170
2012.94262	 -39.840	   2.770
2012.94536	 -37.390	   2.830
2012.94809	 -38.030	   2.880
2012.95082	 -38.900	   2.910
2012.95355	 -37.350	   2.610
2012.95628	 -38.460	   2.860
2012.95902	 -36.320	   2.850
2012.96175	 -36.840	   2.770
2012.96448	 -36.980	   2.640
2012.96721	 -37.860	   2.590
2012.96995	 -38.420	   2.730
2012.97268	 -38.130	   2.680
2012.97541	 -36.920	   2.740
2012.97814	 -37.950	   2.720
2012.98087	 -38.550	   2.610
2012.98361	 -38.980	   2.600
2012.98634	 -39.050	   2.640
2012.98907	 -39.990	   2.800
2012.99180	 -38.970	   2.780
2012.99454	 -40.080	   3.430
2012.99727	 -37.790	   2.810
2013.00000	 -42.110	   2.560
2013.00274	 -36.930	   2.920
2013.00548	 -38.030	   2.990
2013.00822	 -38.530	   2.780
2013.01096	 -37.290	   2.610
2013.01370	 -36.700	   2.790
2013.01644	 -37.040	   2.990
2013.01918	 -37.180	   2.940
2013.02192	 -36.730	   2.910
2013.02466	 -39.550	   2.770
2013.02740	 -36.060	   2.840
2013.03014	 -40.490	   2.880
2013.03288	 -36.320	   3.460
2013.03562	 -37.900	   3.090
2013.03836	 -39.160	   2.640
2013.04110	 -39.270	   2.560
2013.04384	 -38.990	   2.730
2013.04658	 -36.580	   2.550
2013.04932	 -39.530	   2.590
2013.05205	 -40.640	   2.580
2013.05479	 -37.400	   2.660
2013.05753	 -38.750	   2.420
2013.06027	 -38.160	   2.530
2013.06301	 -39.310	   2.580
2013.06575	 -40.150	   2.580
2013.06849	 -39.740	   2.530
2013.07123	 -40.520	   2.470
2013.07397	 -40.680	   2.570
2013.07671	 -39.490	   2.450
2013.07945	 -39.700	   2.490
2013.08219	 -40.550	   2.760
2013.08493	 -41.020	   2.690
2013.08767	 -41.390	   3.150
2013.09041	 -39.690	   3.010
2013.09315	 -39.960	   2.620
2013.09589	 -39.630	   2.690
2013.09863	 -40.030	   3.110
2013.10137	 -39.760	   2.740
2013.10411	 -39.460	   2.700
2013.10685	 -39.700	   2.600
2013.10959	 -38.690	   2.680
2013.11233	 -40.910	   2.780
2013.11507	 -37.740	   2.690
2013.11781	 -38.900	   2.700
2013.12055	 -42.110	   2.970
2013.12329	 -39.020	   2.800
2013.12603	 -39.330	   3.040
2013.12877	 -40.970	   2.670
2013.13151	 -40.960	   2.710
2013.13425	 -40.210	   2.740
2013.13699	 -38.050	   2.790
2013.13973	 -40.540	   3.100
2013.14247	 -41.800	   2.800
2013.14521	 -39.060	   2.810
2013.14795	 -41.630	   2.790
2013.15342	 -39.820	   2.750
2013.15616	 -41.270	   2.880
2013.15890	 -40.360	   2.780
2013.16164	 -40.030	   2.690
2013.16438	 -43.240	   3.000
2013.16712	 -39.120	   2.780
2013.16986	 -39.930	   2.690
2013.17260	 -39.830	   2.640
2013.17534	 -40.770	   3.110
2013.17808	 -40.380	   2.990
2013.18082	 -42.280	   3.120
2013.18356	 -41.660	   2.820
2013.18630	 -43.760	   2.900
2013.18904	 -40.790	   3.080
2013.19178	 -42.720	   3.050
2013.19452	 -40.920	   2.940
2013.19726	 -41.480	   3.220
2013.20000	 -42.700	   2.980
2013.20274	 -41.370	   2.820
2013.20548	 -41.860	   3.000
2013.20822	 -42.510	   3.250
2013.21096	 -41.240	   3.030
2013.21370	 -41.990	   3.080
2013.21644	 -43.540	   3.280
2013.21918	 -41.610	   3.250
2013.22192	 -42.000	   3.060
2013.22466	 -40.520	   3.400
2013.22740	 -44.030	   3.860
2013.23014	 -40.000	   2.880
2013.23288	 -41.790	   3.330
2013.23562	 -42.100	   2.990
2013.23836	 -39.520	   3.400
2013.24110	 -42.350	   3.080
2013.24384	 -41.800	   2.860
2013.24658	 -42.080	   2.980
2013.24932	 -43.620	   2.950
2013.25205	 -43.950	   3.160
2013.25479	 -41.440	   3.390
2013.25753	 -43.450	   3.600
2013.26027	 -42.770	   4.280
2013.26301	 -42.850	   3.280
2013.26575	 -41.660	   2.910
2013.26849	 -43.790	   3.110
2013.27123	 -41.370	   3.610
2013.27397	 -43.480	   3.320
2013.27671	 -43.060	   3.090
2013.27945	 -41.530	   3.260
2013.28219	 -43.750	   3.140
2013.28493	 -44.260	   2.970
2013.28767	 -43.710	   3.190
2013.29041	 -46.360	   3.270
2013.29315	 -43.200	   3.300
2013.29589	 -42.610	   3.380
2013.29863	 -42.750	   3.250
2013.30137	 -43.650	   3.440
2013.30411	 -42.090	   2.880
2013.30685	 -42.260	   2.900
2013.31233	 -43.110	   3.110
2013.31507	 -44.870	   3.290
2013.31781	 -42.920	   3.280
2013.32055	 -44.660	   3.700
2013.32329	 -44.430	   3.240
2013.32603	 -44.950	   2.950
2013.32877	 -44.490	   3.320
2013.33151	 -43.540	   3.120
2013.33425	 -44.400	   3.290
2013.33699	 -43.470	   3.250
2013.33973	 -42.480	   3.220
2013.34247	 -45.230	   3.510
2013.34521	 -47.040	   3.960
2013.34795	 -44.970	   3.250
2013.35068	 -45.880	   3.070
2013.35342	 -46.790	   3.240
2013.35616	 -42.840	   3.850
2013.35890	 -47.950	   3.450
2013.36164	 -46.330	   3.490
2013.36438	 -45.230	   3.800
2013.36712	 -44.350	   3.750
2013.36986	 -47.200	   4.150
2013.37260	 -48.130	   5.100
2013.37534	 -45.120	   4.070
2013.37808	 -47.920	   4.370
2013.38082	 -46.720	   4.100
2013.38356	 -50.580	   4.750
2013.38630	 -46.900	   3.270
2013.38904	 -50.580	   3.790
2013.39178	 -47.880	   3.780
2013.39452	 -46.760	   3.740
2013.39726	 -49.410	   3.610
2013.40000	 -49.110	   3.280
2013.40274	 -50.720	   3.460
2013.40548	 -48.510	   3.320
2013.40822	 -48.520	   3.340
2013.41096	 -48.820	   3.860
2013.41370	 -49.600	   3.300
2013.41644	 -51.540	   3.530
2013.41918	 -48.580	   3.500
2013.42192	 -51.710	   3.500
2013.42466	 -51.130	   3.440
2013.42740	 -49.640	   3.620
2013.43014	 -50.070	   3.800
2013.43288	 -50.230	   3.490
2013.43562	 -51.470	   3.970
2013.43836	 -52.140	   3.840
2013.44110	 -52.690	   3.650
2013.44384	 -49.660	   3.910
2013.44658	 -49.730	   4.340
2013.44932	 -52.510	   3.940
2013.45205	 -51.430	   3.380
2013.45479	 -49.380	   3.300
2013.45753	 -52.390	   3.810
2013.46027	 -52.230	   4.080
2013.46301	 -52.080	   3.900
2013.46575	 -52.780	   3.890
2013.46849	 -48.170	   3.790
2013.47123	 -50.810	   3.650
2013.47397	 -52.170	   3.510
2013.47671	 -51.690	   4.300
2013.47945	 -54.160	   3.580
2013.48219	 -53.600	   3.670
2013.48493	 -54.450	   3.400
2013.48767	 -51.190	   3.140
2013.49041	 -52.060	   3.150
2013.49315	 -51.290	   3.890
2013.49589	 -51.440	   3.400
2013.49863	 -52.250	   3.260
2013.50137	 -52.350	   3.630
2013.50411	 -48.500	   3.780
2013.50685	 -50.630	   3.730
2013.50959	 -50.960	   4.100
2013.51233	 -54.510	   3.660
2013.51507	 -52.500	   3.820
2013.51781	 -51.410	   3.660
2013.52055	 -54.890	   3.920
2013.52329	 -51.540	   3.870
2013.52603	 -52.150	   3.530
2013.52877	 -52.980	   4.060
2013.53151	 -51.760	   5.700
2013.53425	 -51.790	   3.540
2013.53699	 -49.990	   3.330
2013.53973	 -50.890	   3.720
2013.54247	 -51.310	   3.560
2013.54521	 -54.560	   3.170
2013.54795	 -52.910	   3.080
2013.55616	 -55.330	   3.710
2013.55890	 -53.030	   3.590
2013.56164	 -52.360	   4.230
2013.56438	 -51.190	   4.030
2013.56712	 -56.040	   3.700
2013.56986	 -51.500	   3.630
2013.57260	 -50.210	   4.040
2013.57534	 -53.430	   3.620
2013.57808	 -55.000	   3.470
2013.58082	 -52.960	   3.870
2013.58356	 -54.000	   3.300
2013.58630	 -55.480	   3.230
2013.58904	 -58.940	   3.780
2013.59178	 -53.680	   3.830
2013.59452	 -54.820	   3.760
2013.59726	 -53.150	   3.580
2013.60000	 -57.410	   3.670
2013.60274	 -52.860	   3.080
2013.60548	 -51.730	   3.820
2013.60822	 -57.540	   4.090
2013.61096	 -51.340	   3.680
2013.61370	 -54.800	   3.490
2013.61644	 -51.750	   3.470
2013.61918	 -55.470	   3.340
2013.62192	 -54.260	   3.740
2013.62466	 -57.420	   3.830
2013.62740	 -56.060	   4.060
2013.63014	 -52.780	   3.780
2013.63288	 -54.040	   4.160
2013.63562	 -55.460	   3.970
2013.63836	 -53.510	   4.320
2013.64110	 -56.450	   5.260
2013.64384	 -55.690	   4.080
2013.64658	 -55.330	   4.070
2013.64932	 -55.940	   4.410
2013.65479	 -52.930	   3.660
2013.65753	 -55.410	   4.420
2013.66027	 -57.580	   5.750
2013.66301	 -53.790	   4.770
2013.66575	 -56.210	   4.180
2013.66849	 -53.000	   4.120
2013.67123	 -52.740	   3.430
2013.67671	 -55.620	   3.580
2013.68219	 -54.040	   3.020
2013.68493	 -56.210	   3.180
2013.68767	 -53.920	   3.380
2013.69041	 -57.560	   3.940
2013.69315	 -54.200	   3.590
2013.69589	 -56.390	   3.620
2013.69863	 -54.540	   3.440
2013.70137	 -56.060	   3.540
2013.70411	 -56.600	   3.320
2013.70685	 -55.310	   4.170
2013.70959	 -55.770	   3.950
2013.71233	 -52.860	   3.850
2013.71507	 -55.880	   3.770
2013.71781	 -56.260	   3.660
2013.72055	 -56.050	   3.650
2013.72329	 -54.290	   4.330
2013.72603	 -54.200	   3.630
2013.72877	 -51.820	   3.970
2013.73151	 -51.640	   3.510
2013.73425	 -54.080	   3.660
2013.73699	 -57.580	   3.530
2013.73973	 -55.200	   3.180
2013.74247	 -53.840	   3.040
2013.74521	 -53.890	   3.370
2013.74795	 -57.450	   3.430
2013.75068	 -54.680	   3.350
2013.75342	 -57.880	   3.350
2013.75616	 -55.760	   3.290
2013.75890	 -54.340	   3.100
2013.76164	 -55.460	   3.380
2013.76438	 -53.410	   3.290
2013.76712	 -53.920	   2.930
2013.76986	 -55.380	   3.110
2013.77260	 -56.950	   3.450
2013.77534	 -57.690	   4.100
2013.77808	 -53.880	   3.520
2013.78082	 -54.400	   3.470
2013.78356	 -55.300	   3.520
2013.78630	 -54.550	   3.230
2013.78904	 -54.240	   3.160
2013.79178	 -54.980	   2.910
2013.79452	 -51.750	   2.880
2013.79726	 -53.920	   4.660
2013.80000	 -56.290	   3.020
2013.80274	 -54.010	   2.900
2013.80548	 -56.050	   2.820
2013.80822	 -55.230	   3.080
2013.81096	 -56.620	   2.970
2013.81370	 -56.590	   2.850
2013.81644	 -54.080	   3.130
2013.81918	 -57.470	   2.960
2013.82192	 -58.140	   3.030
2013.82466	 -54.620	   2.950
2013.82740	 -56.420	   3.140
2013.83014	 -56.040	   3.220
2013.83288	 -58.070	   3.780
2013.83562	 -55.730	   3.720
2013.83836	 -56.280	   3.430
2013.84110	 -57.030	   3.230
2013.84384	 -59.300	   3.370
2013.84658	 -57.550	   3.110
2013.84932	 -57.930	   2.950
2013.85205	 -57.440	   3.070
2013.85479	 -57.340	   3.420
2013.85753	 -56.690	   3.410
2013.86027	 -55.300	   3.080
2013.86301	 -56.990	   3.180
2013.86575	 -55.940	   3.220
2013.86849	 -57.600	   3.080
2013.87123	 -59.530	   3.110
2013.87397	 -57.240	   2.920
2013.87671	 -55.760	   3.140
2013.87945	 -56.510	   2.940
2013.88219	 -57.830	   2.950
2013.88493	 -56.020	   2.900
2013.88767	 -56.170	   3.050
2013.89041	 -56.900	   2.880
2013.89315	 -59.880	   2.970
2013.89589	 -57.070	   2.930
2013.89863	 -57.980	   3.500
2013.90137	 -55.020	   3.050
2013.90411	 -59.800	   2.880
2013.90685	 -57.840	   2.850
2013.90959	 -56.800	   2.870
2013.91233	 -58.270	   2.770
2013.91507	 -59.030	   2.890
2013.91781	 -58.870	   2.790
2013.92055	 -58.780	   2.710
2013.92329	 -60.280	   2.600
2013.92603	 -58.670	   2.690
2013.92877	 -57.860	   2.700
2013.93151	 -57.450	   2.700
2013.93425	 -56.250	   2.680
2013.93699	 -58.230	   3.130
2013.93973	 -58.210	   2.910
2013.94247	 -57.930	   2.770
2013.94521	 -59.480	   2.980
2013.94795	 -57.980	   2.850
2013.95068	 -56.760	   2.990
2013.95342	 -59.010	   2.990
2013.95616	 -57.430	   3.150
2013.95890	 -57.130	   3.250
2013.96164	 -57.370	   3.170
2013.96438	 -58.510	   3.050
2013.96712	 -58.930	   3.090
2013.96986	 -58.950	   3.690
2013.97260	 -60.560	   2.730
2013.97534	 -57.240	   2.860
2013.97808	 -57.270	   2.830
2013.98082	 -58.270	   2.950
2013.98356	 -57.810	   2.890
2013.98630	 -59.810	   2.800
2013.98904	 -61.140	   5.800
2013.99726	 -60.930	   2.970
2014.00000	 -60.200	   2.910
2014.00274	 -60.230	   2.920
2014.00548	 -59.370	   2.990
2014.00822	 -62.180	   2.930
2014.01096	 -60.520	   2.970
2014.01370	 -59.420	   2.820
2014.01644	 -58.930	   2.760
2014.01918	 -60.690	   2.870
2014.02192	 -59.600	   2.970
2014.02466	 -58.310	   2.910
2014.02740	 -59.300	   2.860
2014.03014	 -59.190	   2.850
2014.03288	 -59.700	   2.760
2014.03562	 -59.650	   2.700
2014.03836	 -61.590	   2.940
2014.04110	 -61.320	   2.750
2014.04384	 -60.080	   2.810
2014.04658	 -60.270	   2.840
2014.04932	 -59.500	   2.750
2014.05205	 -60.280	   2.730
2014.05479	 -59.820	   3.060
2014.05753	 -59.330	   2.900
2014.06027	 -62.530	   3.210
2014.06301	 -60.130	   2.860
2014.06575	 -62.080	   2.750
2014.06849	 -61.200	   2.930
2014.07123	 -60.910	   3.010
2014.07397	 -62.890	   3.190
2014.07671	 -62.240	   3.100
2014.07945	 -62.070	   3.970
2014.08219	 -61.840	   3.190
2014.08493	 -64.240	   3.080
2014.08767	 -63.400	   3.310
2014.09041	 -61.710	   3.620
2014.09315	 -63.030	   3.350
2014.09589	 -62.210	   3.210
2014.09863	 -63.060	   3.210
2014.10137	 -61.640	   3.430
2014.10411	 -61.690	   3.020
2014.10685	 -60.470	   2.950
2014.10959	 -58.920	   3.130
2014.11233	 -58.910	   3.190
2014.11507	 -58.430	   2.810
2014.11781	 -58.880	   2.850
2014.12055	 -60.450	   3.030
2014.12329	 -62.200	   2.910
2014.12603	 -59.890	   2.960
2014.12877	 -60.720	   3.000
2014.13151	 -60.890	   3.080
2014.13425	 -60.220	   3.240
2014.13699	 -61.140	   2.940
2014.13973	 -59.540	   2.860
2014.14247	 -59.040	   2.880
2014.14521	 -59.020	   2.940
2014.14795	 -61.510	   2.930
2014.15068	 -60.740	   2.920
2014.15342	 -61.480	   3.020
2014.15616	 -57.000	   3.110
2014.15890	 -61.230	   3.300
2014.16164	 -59.440	   3.360
2014.16438	 -60.500	   3.220
2014.16712	 -60.830	   2.870
2014.16986	 -62.110	   2.930
2014.17260	 -63.330	   2.890
2014.17534	 -62.540	   3.290
2014.17808	 -60.490	   2.970
2014.18082	 -59.810	   3.460
2014.18356	 -58.460	   3.560
2014.18630	 -60.210	   3.560
2014.18904	 -62.500	   3.040
2014.19178	 -62.140	   3.280
2014.19452	 -58.920	   3.750
2014.19726	 -57.540	   3.450
2014.20000	 -59.830	   4.080
2014.20274	 -63.420	   3.290
2014.20548	 -61.730	   3.600
2014.20822	 -63.490	   3.160
2014.21096	 -63.000	   2.900
2014.21370	 -60.850	   3.110
2014.21644	 -62.900	   3.140
2014.21918	 -62.080	   2.900
2014.22192	 -62.630	   2.900
2014.22466	 -60.540	   2.860
2014.22740	 -64.190	   3.090
2014.23014	 -63.560	   3.000
2014.23288	 -62.660	   3.160
2014.23562	 -63.690	   3.330
2014.23836	 -64.050	   3.200
2014.24110	 -65.320	   3.470
2014.24384	 -62.740	   3.180
2014.24658	 -64.990	   4.180
2014.24932	 -65.520	   3.090
2014.25205	 -63.680	   3.280
2014.25479	 -63.780	   3.550
2014.25753	 -63.340	   3.500
2014.26027	 -63.100	   2.890
2014.26301	 -62.540	   3.010
2014.26575	 -63.930	   2.840
2014.26849	 -62.690	   3.030
2014.27123	 -64.580	   3.090
2014.27397	 -60.740	   3.870
2014.27671	 -61.450	   3.190
2014.27945	 -64.250	   3.320
2014.28219	 -60.780	   3.130
2014.28493	 -61.940	   2.920
2014.28767	 -62.680	   3.180
2014.29041	 -64.800	   2.980
2014.29315	 -67.630	   3.190
2014.29589	 -64.920	   3.220
2014.29863	 -63.940	   3.190
2014.30137	 -64.290	   3.020
2014.30411	 -64.490	   2.860
2014.30685	 -65.290	   2.970
2014.30959	 -64.820	   3.110
2014.31233	 -62.780	   3.010
2014.31507	 -66.440	   3.010
2014.31781	 -65.550	   3.220
2014.32055	 -62.720	   3.450
2014.32329	 -65.880	   2.920
2014.32603	 -67.410	   3.030
2014.32877	 -67.120	   3.370
2014.33151	 -62.780	   3.220
2014.33425	 -64.850	   2.940
2014.33699	 -66.440	   3.160
2014.33973	 -67.450	   2.960
2014.34247	 -67.540	   3.040
2014.34521	 -65.350	   3.040
2014.34795	 -67.460	   3.090
2014.35068	 -66.430	   3.060
2014.35342	 -65.890	   3.210
2014.35616	 -67.130	   3.060
2014.35890	 -68.410	   3.190
2014.36164	 -67.270	   3.400
2014.36438	 -64.920	   3.880
2014.36712	 -70.780	   3.500
2014.36986	 -69.500	   4.010
2014.37260	 -68.970	   3.650
2014.37534	 -67.350	   3.420
2014.37808	 -69.530	   4.300
2014.38082	 -69.380	   4.330
2014.38356	 -74.450	   4.760
2014.38630	 -67.780	   3.680
2014.38904	 -68.970	   3.420
2014.39178	 -69.200	   3.630
2014.39452	 -70.170	   3.410
2014.39726	 -67.720	   3.430
2014.40000	 -71.080	   4.080
2014.40274	 -70.890	   3.960
2014.40548	 -69.630	   4.220
2014.40822	 -72.970	   3.670
2014.41096	 -71.390	   3.540
2014.41370	 -69.210	   3.280
2014.41644	 -71.360	   3.620
2014.41918	 -72.850	   3.820
2014.42192	 -73.390	   4.000
2014.42466	 -69.730	   4.110
2014.42740	 -73.910	   3.690
2014.43014	 -72.330	   3.190
2014.43288	 -71.050	   3.940
2014.43562	 -72.010	   4.010
2014.43836	 -69.920	   3.520
2014.44110	 -70.210	   3.140
2014.44384	 -72.390	   3.450
2014.44658	 -70.710	   3.380
2014.44932	 -72.400	   3.300
2014.45205	 -71.580	   3.290
2014.45479	 -71.050	   3.400
2014.45753	 -72.000	   3.540
2014.46027	 -68.760	   3.370
2014.46301	 -73.840	   3.180
2014.46575	 -74.160	   3.410
2014.46849	 -72.970	   3.490
2014.47123	 -70.820	   3.460
2014.47397	 -72.020	   3.750
2014.47671	 -70.680	   4.560
2014.47945	 -76.270	   3.740
2014.48219	 -74.010	   3.830
2014.48493	 -71.740	   3.470
2014.48767	 -72.500	   3.170
2014.49041	 -73.140	   4.550
2014.49315	 -73.940	   3.640
2014.49589	 -71.290	   3.450
2014.49863	 -76.070	   3.700
2014.50137	 -70.680	   3.230
2014.50411	 -71.000	   3.790
2014.50685	 -74.250	   3.850
2014.50959	 -72.270	   3.890
2014.51233	 -72.090	   3.570
2014.51507	 -72.880	   3.820
2014.51781	 -72.490	   3.780
2014.52055	 -71.560	   5.180
2014.52329	 -73.910	   3.740
2014.52603	 -73.200	   3.510
2014.52877	 -74.200	   3.450
2014.53151	 -73.310	   3.200
2014.53425	 -74.140	   3.450
2014.53699	 -73.280	   3.760
2014.53973	 -71.910	   3.860
2014.54247	 -73.360	   4.670
2014.54521	 -71.470	   4.210
2014.54795	 -76.910	   4.770
2014.55068	 -69.160	   3.950
2014.55342	 -70.860	   3.780
2014.55616	 -73.250	   4.270
2014.55890	 -74.480	   4.760
2014.56164	 -72.930	   4.560
2014.56438	 -75.640	   3.800
2014.56712	 -73.690	   4.280
2014.56986	 -73.590	   3.770
2014.57260	 -68.870	   4.880
2014.57534	 -70.980	   4.040
2014.57808	 -76.880	   4.030
2014.58082	 -76.880	   4.800
2014.58356	 -74.320	   4.470
2014.58630	 -74.530	   4.140
2014.58904	 -71.030	   4.790
2014.59178	 -70.660	   3.770
2014.59452	 -73.350	   4.030
2014.59726	 -75.640	   5.060
2014.60000	 -77.650	   6.940
2014.60274	 -70.460	   4.890
2014.60548	 -65.270	   5.790
2014.60822	 -65.740	   5.240
2014.61096	 -73.930	   4.030
2014.61370	 -72.750	   4.610
2014.61644	 -73.550	   4.450
2014.61918	 -73.570	   3.660
2014.62192	 -72.680	   3.520
2014.62466	 -69.680	   3.700
2014.62740	 -73.000	   3.580
2014.63014	 -72.050	   3.840
2014.63288	 -70.700	   3.920
2014.63562	 -73.650	   4.290
2014.63836	 -70.840	   3.830
2014.64110	 -73.250	   4.940
2014.64384	 -73.830	   3.750
2014.64658	 -71.610	   3.890
2014.64932	 -73.760	   4.470
2014.65205	 -74.860	   3.730
2014.65479	 -75.620	   4.160
2014.65753	 -74.200	   4.140
2014.66027	 -70.650	   3.540
2014.66301	 -74.050	   3.480
2014.66575	 -71.320	   3.850
2014.66849	 -70.540	   4.530
2014.67123	 -69.190	   3.990
2014.67397	 -74.430	   3.480
2014.67671	 -74.140	   3.900
2014.67945	 -73.810	   3.400
2014.68219	 -71.780	   4.550
2014.68493	 -73.830	   3.820
2014.68767	 -76.050	   4.140
2014.69041	 -71.440	   3.850
2014.69315	 -76.440	   4.180
2014.69589	 -74.730	   3.580
2014.69863	 -71.870	   4.090
2014.70137	 -74.260	   3.730
2014.70411	 -73.950	   4.100
2014.70685	 -70.830	   4.100
2014.70959	 -76.900	   3.620
2014.71233	 -75.020	   3.530
2014.71507	 -75.800	   4.170
2014.71781	 -71.470	   3.760
2014.72055	 -71.220	   4.390
2014.72329	 -71.600	   3.700
2014.72603	 -70.810	   3.860
2014.72877	 -69.700	   3.570
2014.73151	 -73.770	   3.470
2014.73425	 -74.240	   4.260
2014.73699	 -72.840	   3.150
2014.73973	 -69.490	   3.110
2014.74247	 -69.400	   3.520
2014.74521	 -72.430	   3.230
2014.74795	 -69.680	   3.940
2014.75068	 -69.820	   3.760
2014.75342	 -68.990	   3.890
2014.75616	 -72.590	   3.730
2014.75890	 -73.450	   4.160
2014.76164	 -73.240	   3.300
2014.76438	 -72.630	   3.220
2014.76712	 -72.170	   3.080
2014.76986	 -72.940	   3.050
2014.77260	 -72.140	   3.070
2014.77534	 -72.940	   3.220
2014.77808	 -73.490	   3.260
2014.78082	 -70.710	   3.420
2014.78356	 -71.240	   3.430
2014.78630	 -72.710	   3.520
2014.78904	 -72.430	   3.640
2014.79178	 -72.350	   3.320
2014.79452	 -71.050	   3.380
2014.79726	 -70.420	   3.180
2014.80000	 -70.750	   3.530
2014.80274	 -70.120	   3.430
2014.80548	 -70.180	   3.200
2014.80822	 -71.810	   3.270
2014.81096	 -71.190	   3.160
2014.81370	 -69.630	   3.040
2014.81644	 -73.300	   4.000
2014.81918	 -69.360	   3.600
2014.82192	 -70.830	   3.370
2014.82466	 -71.490	   3.240
2014.82740	 -69.600	   3.290
2014.83014	 -71.410	   3.400
2014.83288	 -72.260	   3.380
2014.83562	 -72.030	   3.000
2014.83836	 -73.070	   3.860
2014.84110	 -70.750	   3.400
2014.84384	 -71.570	   3.240
2014.84658	 -71.270	   3.210
2014.84932	 -70.460	   3.290
2014.85205	 -72.760	   3.550
2014.85479	 -73.660	   3.620
2014.85753	 -72.190	   3.070
2014.86027	 -73.090	   2.980
2014.86301	 -73.240	   3.230
2014.86575	 -74.570	   2.870
2014.86849	 -72.600	   2.790
2014.87123	 -71.750	   2.870
2014.87397	 -71.750	   2.840
2014.87671	 -72.280	   3.100
2014.87945	 -73.900	   3.170
2014.88219	 -72.370	   2.810
2014.88493	 -74.930	   2.950
2014.88767	 -72.560	   2.840
2014.89041	 -75.970	   3.180
2014.89315	 -71.530	   2.780
2014.89589	 -74.510	   2.980
2014.89863	 -74.820	   2.850
2014.90137	 -72.900	   2.850
2014.90411	 -72.720	   2.950
2014.90685	 -73.760	   3.130
2014.90959	 -72.170	   3.190
2014.91233	 -75.560	   3.310
2014.91507	 -74.850	   3.240
2014.91781	 -75.330	   3.050
2014.92055	 -74.780	   2.990
2014.92329	 -72.600	   2.920
2014.92603	 -73.240	   3.080
2014.92877	 -74.730	   2.920
2014.93151	 -75.070	   2.830
2014.93425	 -74.460	   3.020
2014.93699	 -74.420	   2.960
2014.93973	 -74.230	   2.840
2014.94247	 -74.620	   2.830
2014.94521	 -74.620	   2.680
2014.94795	 -75.680	   2.990
2014.95068	 -76.440	   2.750
2014.95342	 -75.430	   2.600
2014.95616	 -72.230	   2.780
2014.95890	 -73.610	   2.890
2014.96164	 -74.040	   2.900
2014.96438	 -74.570	   2.940
2014.96712	 -72.880	   3.360
2014.96986	 -72.230	   3.110
2014.97260	 -72.070	   2.670
2014.97534	 -75.130	   2.700
2014.97808	 -77.220	   2.860
2014.98082	 -75.500	   3.120
2014.98356	 -73.190	   3.280
2014.98630	 -76.950	   3.060
2014.98904	 -74.420	   3.100
2014.99178	 -73.580	   2.830
2014.99452	 -74.750	   2.610
2014.99726	 -75.690	   2.710
2015.00000	 -75.540	   2.750
2015.00274	 -78.580	   2.790
2015.00548	 -73.850	   2.820
2015.00822	 -76.580	   2.750
2015.01096	 -76.870	   2.710
2015.01370	 -75.840	   2.720
2015.01644	 -76.130	   2.860
2015.01918	 -76.760	   2.970
2015.02192	 -74.170	   3.120
2015.02466	 -79.190	   2.790
2015.02740	 -77.580	   2.720
2015.03014	 -77.080	   2.700
2015.03288	 -76.930	   2.620
2015.03562	 -78.700	   3.110
2015.03836	 -77.460	   2.710
2015.04110	 -76.990	   2.690
2015.04384	 -78.790	   2.720
2015.04658	 -78.860	   2.720
2015.04932	 -78.750	   2.650
2015.05205	 -77.720	   3.280
2015.05479	 -77.160	   2.910
2015.05753	 -78.440	   3.070
2015.06027	 -78.030	   2.810
2015.06301	 -77.620	   3.260
2015.06575	 -78.250	   2.870
2015.06849	 -78.020	   2.660
2015.07123	 -77.810	   2.690
2015.07397	 -78.260	   2.660
2015.07671	 -77.710	   2.500
2015.07945	 -77.910	   2.820
2015.08219	 -77.090	   2.690
2015.08493	 -77.290	   2.740
2015.08767	 -76.310	   2.580
2015.09041	 -77.840	   2.610
2015.09315	 -74.720	   2.770
2015.09589	 -74.730	   2.700
2015.09863	 -76.330	   2.640
2015.10137	 -76.030	   2.620
2015.10411	 -78.110	   2.770
2015.10685	 -77.150	   2.570
2015.10959	 -76.320	   2.610
2015.11233	 -76.950	   2.690
2015.11507	 -76.170	   2.830
2015.11781	 -76.630	   2.700
2015.12055	 -79.170	   2.890
2015.12329	 -80.650	   2.940
2015.12603	 -76.910	   3.660
2015.12877	 -76.780	   3.200
2015.13151	 -78.200	   2.790
2015.13425	 -77.960	   2.700
2015.13699	 -78.870	   2.720
2015.13973	 -77.690	   2.840
2015.14247	 -77.520	   3.610
2015.14521	 -78.130	   2.910
2015.14795	 -77.850	   3.320
2015.15068	 -77.230	   2.960
2015.15342	 -77.860	   3.230
2015.15616	 -81.180	   3.250
2015.15890	 -75.660	   3.160
2015.16164	 -77.680	   3.200
2015.16438	 -78.180	   2.830
2015.16712	 -75.730	   3.130
2015.16986	 -77.390	   2.980
2015.17260	 -77.480	   3.580
2015.17534	 -77.330	   3.030
2015.17808	 -77.260	   3.190
2015.18082	 -78.610	   2.660
2015.18356	 -77.820	   3.160
2015.18630	 -75.470	   3.270
2015.18904	 -75.970	   3.190
2015.19178	 -76.770	   3.290
2015.19452	 -79.080	   3.100
2015.19726	 -78.150	   3.100
2015.20000	 -79.960	   3.440
2015.20274	 -80.200	   2.980
2015.20548	 -80.130	   3.260
2015.20822	 -79.290	   3.130
2015.21096	 -77.150	   3.070
2015.21370	 -77.140	   3.190
2015.21644	 -79.500	   2.770
2015.21918	 -78.080	   3.120
2015.22192	 -78.810	   3.130
2015.22466	 -78.780	   3.690
2015.22740	 -75.580	   3.380
2015.23014	 -78.070	   3.240
2015.23288	 -76.500	   3.250
2015.23562	 -79.430	   2.920
2015.23836	 -80.620	   3.210
2015.24110	 -81.780	   3.180
2015.24384	 -79.930	   2.960
2015.24658	 -78.230	   2.890
2015.24932	 -78.790	   3.310
2015.25205	 -78.580	   3.350
2015.25479	 -80.440	   3.360
2015.25753	 -78.950	   3.860
2015.26027	 -78.300	   3.920
2015.26301	 -79.490	   4.480
2015.26575	 -81.460	   3.500
2015.26849	 -80.530	   3.120
2015.27123	 -82.720	   2.990
2015.27397	 -78.200	   3.230
2015.27671	 -77.270	   3.660
2015.27945	 -77.860	   3.500
2015.28219	 -80.890	   3.300
2015.28493	 -81.250	   3.070
2015.28767	 -81.650	   3.750
2015.29041	 -80.970	   3.800
2015.29315	 -80.060	   4.030
2015.29589	 -81.340	   3.660
2015.29863	 -81.360	   3.670
2015.30137	 -80.950	   3.910
2015.30411	 -77.020	   3.810
2015.30685	 -80.760	   3.540
2015.30959	 -81.220	   3.400
2015.31233	 -79.680	   3.340
2015.31507	 -80.360	   3.040
2015.31781	 -81.390	   3.350
2015.32055	 -81.610	   3.300
2015.32329	 -82.200	   3.650
2015.32603	 -80.970	   3.600
2015.32877	 -79.590	   3.360
2015.33151	 -82.250	   3.160
2015.33425	 -79.440	   3.610
2015.33699	 -83.570	   3.730
2015.33973	 -82.430	   3.740
2015.34247	 -82.760	   3.640
2015.34521	 -81.470	   3.230
2015.34795	 -81.130	   3.440
2015.35068	 -83.440	   3.570
2015.35342	 -81.410	   3.730
2015.35616	 -83.140	   3.830
2015.35890	 -83.330	   3.800
2015.36164	 -76.330	   4.450
2015.36438	 -81.100	   3.170
2015.36712	 -80.760	   3.540
2015.36986	 -80.120	   3.770
2015.37260	 -80.310	   3.740
2015.37534	 -83.400	   4.070
2015.37808	 -84.400	   3.300
2015.38082	 -81.380	   3.500
2015.38356	 -83.490	   4.190
2015.38630	 -83.800	   3.460
2015.38904	 -81.020	   3.700
2015.39178	 -82.770	   3.810
2015.39452	 -83.550	   3.570
2015.39726	 -83.440	   3.450
2015.40000	 -80.510	   3.520
2015.40274	 -85.160	   3.170
2015.40548	 -83.830	   3.640
2015.40822	 -84.230	   3.100
2015.41096	 -86.490	   3.940
2015.41370	 -85.500	   4.170
2015.41644	 -87.450	   3.580
2015.41918	 -87.000	   3.950
2015.42192	 -84.190	   3.850
2015.42466	 -85.490	   3.710
2015.42740	 -86.840	   4.010
2015.43014	 -82.540	   3.970
2015.43288	 -86.100	   3.790
2015.43562	 -86.780	   3.780
2015.43836	 -89.040	   3.740
2015.44110	 -86.880	   3.560
2015.44384	 -87.460	   4.190
2015.44658	 -86.620	   3.630
2015.44932	 -88.840	   3.880
2015.45205	 -86.710	   4.000
2015.45479	 -89.650	   3.730
2015.45753	 -88.560	   4.000
2015.46027	 -90.480	   3.810
2015.46301	 -87.060	   3.780
2015.46575	 -88.620	   4.080
2015.46849	 -85.990	   5.170
2015.47123	 -90.230	   4.200
2015.47397	 -91.200	   4.030
2015.47671	 -86.470	   3.870
2015.47945	 -93.000	   4.650
2015.48219	 -87.790	   4.190
2015.48493	 -89.120	   4.080
2015.48767	 -88.770	   3.940
2015.49041	 -90.400	   3.690
2015.49315	 -88.130	   3.980
2015.49589	 -90.690	   4.060
2015.49863	 -90.370	   4.870
2015.50137	 -88.670	   4.340
2015.50411	 -88.140	   3.790
2015.50685	 -87.990	   4.270
2015.50959	 -88.380	   4.430
2015.51233	 -85.720	   3.860
2015.51507	 -87.010	   3.760
2015.51781	 -86.110	   4.100
2015.52055	 -84.910	   4.190
2015.52329	 -82.010	   3.940
2015.52603	 -88.040	   3.690
2015.52877	 -84.450	   3.960
2015.53151	 -84.700	   5.610
2015.53425	 -89.250	   4.170
2015.53699	 -84.170	   5.420
2015.53973	 -88.200	   3.630
2015.54247	 -88.190	   4.650
2015.54521	 -83.970	   4.640
2015.54795	 -85.810	   4.060
2015.55068	 -89.460	   3.610
2015.55342	 -85.650	   4.050
2015.55616	 -87.930	   4.260
2015.55890	 -88.580	   3.510
2015.56164	 -91.100	   3.980
2015.56438	 -88.730	   4.010
2015.56712	 -88.760	   4.020
2015.56986	 -89.870	   4.860
2015.57260	 -91.310	   4.750
2015.57534	 -84.840	   3.930
2015.57808	 -88.660	   3.970
2015.58082	 -86.990	   4.580
2015.58356	 -88.840	   4.610
2015.58630	 -86.350	   4.510
2015.58904	 -89.280	   3.830
2015.59178	 -89.870	   3.970
2015.59452	 -89.180	   4.330
2015.59726	 -87.590	   4.050
2015.60000	 -88.270	   4.360
2015.60274	 -86.360	   4.320
2015.60548	 -86.690	   4.680
2015.60822	 -89.470	   4.240
2015.61096	 -88.420	   3.880
2015.61370	 -87.360	   4.140
2015.61644	 -87.320	   3.820
2015.61918	 -86.290	   3.620
2015.62192	 -88.250	   3.920
2015.62466	 -83.950	   3.870
2015.62740	 -85.500	   3.860
2015.63014	 -85.770	   3.740
2015.63288	 -86.350	   4.850
2015.63562	 -87.890	   3.740
2015.63836	 -87.790	   4.460
2015.64110	 -86.880	   3.750
2015.64384	 -86.790	   4.070
2015.64658	 -86.520	   5.450
2015.64932	 -86.480	   4.700
2015.65205	 -85.380	   4.730
2015.65479	 -87.090	   3.700
2015.65753	 -88.880	   3.820
2015.66027	 -87.830	   3.640
2015.66301	 -88.420	   3.570
2015.66575	 -88.960	   3.830
2015.66849	 -85.490	   3.510
2015.67123	 -92.610	   3.720
2015.67397	 -90.170	   3.380
2015.67671	 -88.820	   3.480
2015.67945	 -90.120	   3.480
2015.68219	 -87.500	   3.880
2015.68493	 -88.330	   3.950
2015.68767	 -90.900	   3.700
2015.69041	 -88.940	   3.620
2015.69315	 -89.810	   3.420
2015.69589	 -88.470	   3.740
2015.69863	 -90.590	   3.750
2015.70137	 -90.850	   3.520
2015.70411	 -90.450	   3.760
2015.70685	 -90.730	   3.400
2015.70959	 -90.480	   3.790
2015.71233	 -90.740	   3.210
2015.71507	 -93.080	   3.290
2015.71781	 -89.670	   3.060
2015.72055	 -90.210	   3.120
2015.72329	 -91.540	   3.290
2015.72603	 -92.320	   3.200
2015.72877	 -93.670	   3.250
2015.73151	 -90.780	   3.480
2015.73425	 -90.510	   3.490
2015.73699	 -90.360	   3.250
2015.73973	 -90.590	   3.680
2015.74247	 -91.220	   4.360
2015.74521	 -90.350	   4.040
2015.74795	 -93.640	   3.800
2015.75068	 -96.480	   4.100
2015.75342	 -94.720	   3.680
2015.75616	 -93.810	   3.390
2015.75890	 -91.640	   3.470
2015.76164	 -90.770	   3.380
2015.76438	 -94.160	   3.550
2015.76712	 -92.320	   3.240
2015.76986	 -92.540	   3.930
2015.77260	 -91.850	   3.330
2015.77534	 -91.830	   3.420
2015.77808	 -92.550	   3.260
2015.78082	 -93.410	   3.190
2015.78356	 -91.740	   3.380
2015.78630	 -93.090	   3.340
2015.78904	 -92.340	   3.030
2015.79178	 -90.950	   3.320
2015.79452	 -90.990	   3.740
2015.79726	 -89.890	   3.450
2015.80000	 -90.250	   3.990
2015.80274	 -92.310	   3.420
2015.80548	 -90.320	   3.630
2015.80822	 -93.520	   3.530
2015.81096	 -90.390	   3.520
2015.81370	 -92.490	   3.720
2015.81644	 -91.380	   3.190
2015.81918	 -92.370	   3.110
2015.82192	 -94.120	   3.300
2015.82466	 -91.670	   3.290
2015.82740	 -93.210	   3.380
2015.83014	 -92.700	   3.640
2015.83288	 -92.970	   4.090
2015.83562	 -98.280	   3.410
2015.83836	 -96.020	   3.660
2015.84110	-100.170	   3.910
2015.84384	 -97.070	   3.530
2015.84658	 -96.260	   3.070
2015.84932	 -98.850	   3.470
2015.85205	-100.550	   3.810
2015.85479	 -97.410	   3.340
2015.85753	 -93.710	   3.930
2015.86027	 -95.920	   3.320
2015.86301	 -96.150	   3.320
2015.86575	-100.530	   3.020
2015.86849	-101.160	   3.140
2015.87123	 -93.720	   3.320
2015.87397	 -99.870	   3.190
2015.87671	 -98.920	   3.060
2015.87945	 -96.820	   3.000
2015.88219	 -97.290	   3.240
2015.88493	 -97.310	   4.080
2015.88767	 -96.440	   4.130
2015.89041	-100.950	   3.660
2015.89315	 -99.380	   2.810
2015.89589	 -97.680	   3.190
2015.89863	 -99.620	   5.980
2015.90137	 -97.110	   3.330
2015.90411	 -94.120	   3.070
2015.90685	 -97.720	   3.060
2015.90959	 -98.110	   3.060
2015.91233	 -92.930	   2.990
2015.91507	 -93.110	   2.970
2015.91781	 -93.400	   3.170
2015.92055	 -94.170	   3.100
2015.92329	 -91.620	   2.990
2015.92603	 -93.160	   3.170
2015.92877	 -95.480	   3.630
2015.93151	 -93.200	   3.100
2015.93425	 -91.320	   3.140
2015.93699	 -94.220	   2.840
2015.93973	 -94.710	   3.490
2015.94247	 -90.790	   3.310
2015.94795	 -92.360	   3.440
2015.95068	 -94.840	   3.000
2015.95342	 -92.270	   3.000
2015.95616	 -94.790	   2.630
2015.95890	 -92.490	   2.740
2015.96164	 -91.800	   2.810
2015.96438	 -92.630	   2.500
2015.96712	 -93.190	   2.700
2015.96986	 -95.410	   2.980
2015.97260	 -94.530	   2.890
2015.97534	 -93.760	   2.600
2015.97808	 -93.610	   2.630
2015.98082	 -94.260	   2.910
2015.98356	 -94.120	   2.790
2015.98630	 -94.150	   2.590
2015.98904	 -91.320	   3.070
2015.99178	 -93.340	   2.580
2015.99452	 -94.650	   2.520
2015.99726	 -93.200	   2.480
2016.00000	 -93.380	   2.540
2016.00273	 -94.870	   2.570
2016.00546	 -95.810	   3.250
2016.00820	 -94.680	   3.300
2016.01093	 -95.430	   2.930
2016.01366	 -95.510	   3.200
2016.01639	 -94.610	   3.090
2016.01913	 -96.310	   2.950
2016.02186	 -94.210	   2.640
2016.02459	 -95.140	   2.620
2016.02732	 -95.550	   2.720
2016.03005	 -94.460	   2.920
2016.03279	 -93.440	   3.190
2016.03552	 -92.660	   3.030
2016.03825	 -95.750	   2.770
2016.04098	 -94.800	   3.110
2016.04372	 -97.630	   3.290
2016.04645	 -96.680	   3.480
2016.04918	 -94.360	   2.700
2016.05191	 -93.890	   2.920
2016.05464	 -96.250	   2.710
2016.05738	 -96.660	   2.570
2016.06011	 -95.910	   2.620
2016.06284	 -95.910	   2.850
2016.06557	 -95.400	   2.990
2016.06831	 -94.380	   2.770
2016.07104	 -96.430	   2.830
2016.07377	 -95.480	   2.700
2016.07650	 -95.800	   2.890
2016.07923	 -96.080	   3.720
2016.08197	 -95.020	   2.830
2016.08470	 -93.010	   2.620
2016.08743	 -94.530	   2.890
2016.09016	 -94.250	   2.620
2016.09290	 -94.600	   2.630
2016.09563	 -96.530	   3.210
2016.10383	-106.540	   2.840
2016.10656	-108.060	   2.710
2016.10929	-109.010	   2.610
2016.11202	-108.900	   2.700
2016.11475	-109.650	   3.770
2016.11749	-111.970	   3.250
2016.12022	-109.580	   2.870
2016.12295	-109.820	   3.000
2016.12568	-109.530	   2.860
2016.12842	-110.620	   2.780
2016.13115	-109.950	   2.730
2016.13388	-110.590	   2.580
2016.13661	-110.030	   2.660
2016.13934	-113.100	   2.670
2016.14208	-111.350	   2.800
2016.14481	-112.150	   2.640
2016.14754	-112.410	   2.670
2016.15027	-112.400	   2.880
2016.15301	-114.140	   2.670
2016.15574	-111.690	   2.730
2016.15847	-111.650	   2.980
2016.16120	-112.160	   3.010
2016.16393	-111.080	   2.980
2016.16667	-113.360	   2.930
2016.16940	-113.500	   3.050
2016.17213	-114.680	   3.250
2016.17486	-111.680	   3.060
2016.17760	-110.960	   3.390
2016.18033	-113.310	   2.730
2016.18306	-113.190	   2.980
2016.18579	-114.750	   3.650
2016.18852	-113.080	   3.380
2016.19126	-114.250	   3.450
2016.19399	-114.700	   2.800
2016.19672	-116.280	   3.090
2016.19945	-115.010	   3.740
2016.20219	-116.200	   3.380
2016.20492	-118.950	   3.420
2016.20765	-117.720	   2.920
2016.21038	-117.770	   3.140
2016.21311	-117.500	   3.060
2016.21585	-115.820	   3.200
2016.21858	-116.880	   2.940
2016.22131	-116.190	   2.970
2016.22404	-119.720	   2.950
2016.22678	-117.590	   3.950
2016.22951	-118.160	   2.730
2016.23224	-118.510	   2.860
2016.23497	-117.820	   2.690
2016.23770	-118.700	   2.790
2016.24044	-117.720	   3.120
2016.24317	-120.800	   2.880
2016.24590	-119.990	   3.120
2016.24863	-117.090	   3.250
2016.25137	-118.900	   2.870
2016.25410	-119.240	   3.440
2016.25683	-120.110	   2.990
2016.25956	-117.930	   2.920
2016.26230	-121.890	   2.990
2016.26503	-119.380	   2.920
2016.26776	-123.210	   2.890
2016.27049	-123.000	   3.170
2016.27322	-122.970	   3.160
2016.27596	-122.810	   3.940
2016.27869	-124.800	   3.570
2016.28142	-126.310	   3.270
2016.28415	-124.470	   4.510
2016.28689	-121.970	   5.040
2016.28962	-124.520	   3.610
2016.29235	-124.780	   3.560
2016.29508	-125.610	   3.590
2016.29781	-123.830	   3.710
2016.30055	-121.840	   3.190
2016.30328	-124.520	   3.270
2016.30601	-124.260	   3.270
2016.30874	-125.540	   3.030
2016.31148	-125.880	   3.280
2016.31421	-125.570	   3.290
2016.31694	-125.490	   3.420
2016.31967	-124.300	   3.440
2016.32240	-125.060	   3.410
2016.32514	-123.000	   3.350
2016.32787	-124.740	   3.170
2016.33060	-126.800	   3.000
2016.33333	-125.820	   3.290
2016.33607	-123.100	   3.430
2016.33880	-123.490	   3.370
2016.34153	-125.430	   3.070
2016.34426	-128.830	   3.290
2016.34699	-125.750	   3.310
2016.34973	-123.660	   3.560
2016.35246	-127.570	   3.300
2016.35519	-127.400	   3.420
2016.35792	-124.440	   4.220
2016.36066	-128.430	   4.240
2016.36339	-126.430	   3.770
2016.36612	-131.060	   4.040
2016.36885	-128.020	   3.910
2016.37158	-129.960	   3.610
2016.37432	-127.420	   3.350
2016.37705	-128.610	   2.920
2016.37978	-128.430	   3.150
2016.38251	-126.760	   3.050
2016.38525	-127.350	   4.310
2016.38798	-127.720	   3.750
2016.39071	-127.550	   4.150
2016.40437	-129.140	   3.840
2016.40710	-130.020	   3.390
2016.40984	-127.500	   3.360
2016.41257	-128.980	   3.620
2016.41530	-127.250	   3.220
2016.41803	-124.910	   3.320
2016.42077	-126.810	   3.740
2016.42350	-127.680	   3.220
2016.42623	-128.900	   3.600
2016.42896	-128.150	   4.360
2016.43169	-130.580	   3.750
2016.43443	-125.550	   5.040
2016.43716	-128.190	   4.070
2016.43989	-125.080	   3.400
2016.44262	-129.680	   3.870
2016.44536	-127.360	   3.620
2016.44809	-130.040	   4.020
2016.45082	-132.960	   4.800
2016.45355	-135.840	   4.540
2016.45628	-134.030	   3.610
2016.45902	-131.650	   3.410
2016.46175	-130.960	   3.640
2016.46448	-133.620	   4.640
2016.46721	-131.290	   4.010
2016.46995	-134.140	   3.610
2016.47268	-133.100	   3.560
2016.47541	-131.550	   3.670
2016.47814	-131.380	   3.790
2016.48087	-132.170	   4.050
2016.48361	-132.690	   3.790
2016.48634	-132.070	   4.490
2016.48907	-132.410	   3.780
2016.49180	-128.630	   4.010
2016.49454	-130.870	   4.020
2016.49727	-129.140	   4.050
2016.50000	-132.200	   3.720
2016.50273	-132.040	   3.550
2016.50546	-133.390	   3.760
2016.50820	-130.780	   3.840
2016.51093	-129.360	   3.890
2016.51366	-127.140	   4.330
2016.51639	-130.370	   3.780
2016.51913	-130.560	   4.630
2016.52186	-133.130	   4.090
2016.52459	-131.940	   4.210
2016.52732	-133.330	   4.960
2016.53005	-133.350	   5.150
2016.53279	-132.930	   4.060
2016.54918	-134.770	   3.440
2016.55191	-137.980	   7.100
2016.57104	-133.840	   3.970
2016.57377	-132.320	   3.900
2016.57650	-134.630	   4.320
2016.57923	-133.710	   4.350
2016.58197	-131.900	   4.280
2016.58470	-132.900	   4.420
2016.58743	-133.410	   3.290
2016.59016	-133.650	   3.330
2016.59290	-134.940	   3.330
2016.59563	-130.500	   3.110
2016.59836	-132.830	   3.990
2016.60109	-136.570	   4.910
2016.60383	-136.090	   5.000
2016.60656	-133.690	   4.260
2016.60929	-137.370	   4.590
2016.61202	-134.160	   4.040
2016.61475	-135.090	   3.250
2016.61749	-137.190	   3.420
2016.62022	-138.520	   3.540
2016.62295	-136.810	   4.010
2016.62568	-132.830	   3.910
2016.62842	-132.950	   3.920
2016.63115	-133.920	   4.790
2016.63388	-136.930	   4.410
2016.63661	-138.400	   4.100
2016.64208	-134.370	   4.130
2016.64481	-136.640	   4.090
2016.64754	-135.130	   4.060
2016.65027	-136.470	   3.990
2016.65301	-137.980	   4.530
2016.65574	-138.790	   4.780
2016.65847	-136.710	   4.580
2016.66120	-132.140	   5.060
2016.66393	-134.480	   3.780
2016.66667	-138.170	   3.750
2016.66940	-136.820	   3.880
2016.67213	-136.700	   5.490
2016.67486	-134.310	   4.210
2016.67760	-137.730	   4.000
2016.68033	-138.240	   4.710
2016.68306	-139.180	   4.470
2016.68579	-136.040	   3.700
2016.68852	-135.240	   3.950
2016.69126	-138.200	   3.670
2016.69399	-138.350	   3.610
2016.69672	-140.150	   4.620
2016.69945	-135.350	   3.930
2016.70219	-135.880	   3.670
2016.70492	-137.160	   5.460
2016.70765	-135.770	   4.690
2016.71038	-139.530	   4.620
2016.71311	-140.580	   4.340
2016.71585	-138.530	   3.380
2016.71858	-138.790	   4.430
2016.72131	-136.620	   4.160
2016.72404	-136.550	   4.040
2016.72678	-131.690	   5.310
2016.72951	-135.950	   4.520
2016.73224	-138.790	   3.770
2016.73497	-133.880	   4.360
2016.74317	-139.540	   6.910
2016.74590	-135.260	   4.730
2016.74863	-136.860	   4.080
2016.75137	-136.110	   4.150
2016.75410	-140.040	   4.010
2016.75683	-136.570	   3.900
2016.75956	-140.160	   5.240
2016.76230	-139.120	   4.670
2016.76503	-136.800	   4.420
2016.76776	-137.220	   4.230
2016.77049	-137.550	   4.040
2016.77322	-136.730	   4.100
2016.77596	-140.970	   4.070
2016.77869	-135.780	   4.180
2016.78142	-141.260	   4.170
2016.78415	-139.350	   4.320
2016.78689	-139.090	   3.880
2016.78962	-140.450	   4.590
2016.79235	-136.650	   4.240
2016.79508	-137.930	   4.180
2016.79781	-141.040	   3.820
2016.80055	-139.440	   4.580
2016.80328	-142.100	   5.950
2016.80601	-139.880	   4.120
2016.80874	-141.500	   3.810
2016.81148	-141.010	   3.800
2016.81421	-140.530	   3.460
2016.81694	-141.610	   3.750
2016.81967	-139.930	   4.230
2016.82240	-138.110	   3.330
2016.82514	-140.510	   3.710
2016.82787	-138.040	   6.000
2016.83607	-140.780	   3.870
2016.84153	-139.420	   4.090
2016.84699	-141.560	   7.800
2016.84973	-139.950	   4.520
2016.85519	-138.800	   6.780
2016.85792	-139.200	   3.720
2016.86339	-139.090	   4.020
2016.86612	-140.050	   3.900
2016.86885	-141.380	   4.410
2016.87158	-138.970	   4.420
2016.87432	-139.800	   4.900
2016.87705	-139.220	   4.580
2016.88251	-139.220	   3.090
2016.88525	-141.880	   3.600
2016.88798	-141.710	   3.320
2016.89071	-141.520	   3.350
2016.89344	-140.670	   3.260
2016.89617	-138.870	   3.430
2016.89891	-140.000	   3.160
2016.90164	-139.710	   3.020
2016.90437	-138.540	   3.410
2016.90710	-137.520	   3.730
2016.90984	-136.310	   3.700
2016.91257	-139.640	   3.370
2016.91530	-138.990	   3.640
2016.91803	-137.410	   3.540
2016.92077	-142.170	   3.300
2016.92350	-142.410	   3.270
2016.92623	-142.290	   3.560
2016.92896	-142.380	   3.220
2016.93169	-140.480	   3.090
2016.93443	-140.550	   3.190
2016.93716	-142.270	   3.400
2016.93989	-142.250	   3.370
2016.94262	-140.860	   3.150
2016.94536	-139.380	   3.260
2016.94809	-142.230	   3.410
2016.95082	-138.820	   3.150
2016.95355	-139.120	   3.120
2016.95628	-141.400	   2.830
2016.95902	-138.830	   3.220
2016.96175	-139.300	   3.010
2016.96448	-139.680	   3.080
2016.96721	-143.350	   3.370
2016.96995	-142.260	   3.220
2016.97268	-144.300	   3.050
2016.97541	-141.480	   2.960
2016.97814	-140.630	   3.030
2016.98087	-143.310	   2.780
2016.98361	-144.270	   2.920
2016.98634	-140.320	   3.130
2016.98907	-142.160	   3.380
2016.99180	-141.980	   2.990
2016.99454	-139.840	   3.080
2016.99727	-139.770	   3.060
2017.00000	-139.600	   3.170
2017.00274	-141.810	   3.010
2017.00548	-139.260	   2.950
2017.00822	-144.700	   2.790
2017.01096	-144.710	   2.970
2017.01370	-142.350	   2.940
2017.01644	-144.270	   2.820
2017.01918	-141.980	   3.010
2017.02192	-141.170	   3.090
2017.02466	-141.340	   3.290
2017.02740	-141.390	   3.720
2017.03014	-137.370	   3.280
2017.03288	-141.050	   3.100
2017.03562	-140.610	   2.840
2017.03836	-142.790	   2.590
2017.04110	-138.460	   2.840
2017.04384	-140.580	   2.860
2017.04658	-140.520	   3.200
2017.04932	-140.900	   3.080
2017.05205	-142.380	   2.950
2017.05479	-141.350	   2.890
2017.05753	-141.140	   3.020
2017.06027	-143.800	   2.990
2017.06301	-141.920	   2.860
2017.06575	-141.010	   2.760
2017.06849	-141.160	   3.530
2017.07123	-142.220	   2.910
2017.07397	-138.960	   3.100
2017.07671	-141.330	   3.050
2017.07945	-141.630	   3.060
2017.08219	-137.610	   3.330
2017.08493	-140.140	   3.110
2017.08767	-140.740	   3.000
2017.09041	-141.010	   2.850
2017.09315	-136.610	   3.840
2017.09589	-139.370	   3.920
2017.09863	-139.990	   3.210
2017.10137	-139.530	   2.940
2017.10411	-142.770	   3.150
2017.10685	-140.910	   3.470
2017.10959	-144.080	   2.500
2017.11233	-142.410	   2.650
2017.11507	-140.270	   2.960
2017.11781	-140.630	   3.020
2017.12055	-142.660	   2.810
2017.12329	-142.580	   2.810
2017.12603	-141.220	   2.770
2017.12877	-142.990	   2.730
2017.13151	-142.820	   2.840
2017.13425	-144.080	   3.110
2017.13699	-143.260	   3.280
2017.13973	-141.510	   3.020
2017.14247	-144.240	   3.200
2017.14521	-145.110	   3.370
2017.14795	-144.170	   2.940
2017.15068	-139.930	   3.090
2017.15616	-142.950	   2.870
2017.15890	-142.550	   2.790
2017.16164	-143.700	   2.770
2017.16438	-143.440	   2.860
2017.16712	-145.340	   2.930
2017.16986	-146.370	   2.630
2017.17260	-144.560	   2.830
2017.17534	-146.210	   2.950
2017.17808	-147.990	   2.780
2017.18082	-146.510	   2.610
2017.18356	-144.250	   2.900
2017.18630	-143.260	   2.930
2017.18904	-146.140	   2.990
2017.19178	-142.460	   2.700
2017.19452	-147.200	   2.600
2017.19726	-149.990	   2.890
2017.20000	-149.240	   2.820
2017.20274	-142.540	   3.810
2017.20548	-144.570	   4.040
2017.20822	-147.840	   2.750
2017.21096	-147.990	   3.030
2017.21370	-146.720	   3.240
2017.21644	-150.280	   2.950
2017.21918	-144.680	   3.600
2017.22192	-145.250	   4.460
2017.22466	-149.180	   3.320
2017.22740	-146.730	   3.570
2017.23014	-148.350	   3.140
2017.23288	-144.890	   3.350
2017.23562	-146.820	   3.610
2017.23836	-145.400	   3.430
2017.24110	-148.000	   3.430
2017.24384	-149.750	   3.180
2017.24658	-146.620	   4.050
2017.24932	-146.400	   3.710
2017.25205	-144.730	   4.300
2017.25479	-146.210	   4.060
2017.25753	-142.810	   4.110
2017.26027	-145.960	   3.320
2017.26301	-149.400	   3.710
2017.26575	-148.840	   3.340
2017.26849	-139.220	   6.620
2017.27123	-140.200	   5.600
2017.27397	-144.640	   3.880
2017.27671	-147.380	   4.740
2017.27945	-148.480	   3.930
2017.28219	-142.470	   4.650
2017.28493	-147.190	   3.490
2017.28767	-146.310	   4.400
2017.29041	-145.290	   4.330
2017.29315	-148.060	   3.710
2017.29589	-149.260	   3.460
2017.29863	-152.490	   4.670
2017.30137	-142.510	   4.700
2017.30411	-143.170	   4.550
2017.30685	-148.480	   3.340
2017.30959	-149.330	   3.080
2017.31233	-141.190	   2.990
2017.31507	-143.460	   3.230
2017.31781	-144.940	   3.150
2017.32055	-146.460	   3.560
2017.32329	-145.180	   3.800
2017.32603	-146.410	   3.400
2017.32877	-145.890	   3.370
2017.33151	-149.080	   3.090
2017.33425	-148.070	   3.350
2017.33699	-145.230	   3.240
2017.33973	-147.160	   3.320
2017.34247	-147.680	   3.370
2017.34521	-144.270	   3.580
2017.34795	-146.450	   3.110
2017.35068	-145.060	   3.330
2017.35342	-145.810	   3.520
2017.35616	-147.070	   4.010
2017.35890	-145.940	   3.420
2017.36164	-146.860	   3.380
2017.36438	-145.420	   3.370
2017.36712	-146.570	   3.430
2017.36986	-144.390	   3.320
2017.37260	-143.310	   3.220
2017.37534	-146.840	   3.140
2017.37808	-145.360	   3.780
2017.38082	-144.960	   3.440
2017.38356	-145.390	   3.250
2017.38630	-144.470	   3.090
2017.38904	-146.770	   3.210
2017.39178	-145.280	   3.320
2017.39452	-148.650	   4.220
2017.39726	-144.080	   3.870
2017.40000	-144.790	   2.930
2017.40274	-143.490	   2.950
2017.40548	-144.290	   3.870
2017.40822	-144.830	   3.840
2017.41096	-145.270	   4.520
2017.41370	-147.250	   3.970
2017.41644	-146.590	   4.800
2017.41918	-147.610	   3.920
2017.42192	-149.700	   4.130
2017.42466	-148.680	   4.400
2017.42740	-150.560	   3.400
2017.43014	-151.060	   3.340
2017.43288	-143.410	   4.000
2017.43562	-148.350	   4.320
2017.43836	-151.280	   3.760
2017.44110	-150.190	   3.450
2017.44384	-155.040	   3.210
2017.44658	-150.640	   4.210
2017.44932	-151.860	   4.040
2017.45205	-153.480	   4.380
2017.45479	-149.180	   4.600
2017.45753	-150.660	   5.110
2017.46301	-149.340	   4.600
2017.46575	-149.980	   3.980
2017.46849	-151.570	   4.270
2017.47123	-150.760	   3.590
2017.47397	-151.300	   3.410
2017.47671	-150.110	   3.640
2017.47945	-152.450	   4.250
2017.48219	-151.620	   3.490
2017.48493	-152.090	   3.290
2017.48767	-149.990	   3.530
2017.49041	-152.440	   3.840
2017.49315	-152.330	   3.790
2017.49589	-152.000	   3.850
2017.49863	-151.270	   3.530
2017.50137	-155.430	   6.010
2017.50411	-155.060	   4.060
2017.50685	-155.930	   3.980
2017.50959	-154.220	   3.800
2017.51233	-153.870	   3.940
2017.51507	-154.190	   3.810
2017.51781	-153.170	   4.050
2017.52055	-152.360	   3.700
2017.52603	-152.120	   4.340
2017.52877	-154.570	   3.950
2017.53151	-152.160	   4.060
2017.53425	-152.520	   4.210
2017.53699	-151.840	   4.310
2017.53973	-153.350	   4.240
2017.54247	-153.120	   3.160
2017.54521	-154.290	   3.520
2017.54795	-153.550	   3.540
2017.55068	-153.130	   3.310
2017.55342	-156.400	  11.670
2017.55616	-152.270	   3.400
2017.55890	-153.850	   3.560
2017.56164	-153.410	   4.100
2017.56438	-154.740	   4.040
2017.56712	-152.470	   4.700
2017.56986	-153.730	   3.930
2017.57260	-153.360	   3.930
2017.57534	-150.670	   4.970
2017.57808	-154.180	   5.400
2017.58082	-155.270	   5.210
2017.58356	-161.380	   5.070
2017.58630	-156.100	   3.800
2017.58904	-155.690	   4.070
2017.59178	-154.640	   3.880
2017.59452	-157.380	   3.770
2017.59726	-157.760	   3.800
2017.60000	-158.570	   4.010
2017.60274	-160.680	   3.940
2017.60548	-156.490	   4.130
2017.60822	-157.800	   4.190
2017.61096	-152.060	   3.890
2017.61370	-157.800	   3.610
2017.61644	-153.040	   3.390
2017.61918	-153.540	   3.410
2017.62192	-158.490	   3.680
2017.62466	-153.950	   3.740
2017.62740	-153.830	   3.530
2017.63014	-155.260	   4.040
2017.63288	-155.400	   4.390
2017.63562	-154.680	   4.090
2017.63836	-154.070	   4.740
2017.64110	-158.080	   4.590
2017.64384	-154.820	   3.370
2017.64658	-154.970	   3.440
2017.64932	-157.060	   3.680
2017.65205	-156.600	   4.080
2017.65479	-156.130	   3.530
2017.65753	-157.270	   3.850
2017.66027	-159.290	   4.180
2017.66301	-156.260	   4.200
2017.66575	-159.310	   4.080
2017.66849	-155.490	   4.850
2017.67123	-157.210	   3.810
2017.67397	-155.450	   4.260
2017.67671	-162.090	   4.300
2017.67945	-154.730	   3.760
2017.68219	-158.620	   3.480
2017.68493	-155.400	   3.800
2017.68767	-157.640	   3.490
2017.69041	-156.960	   3.250
2017.69315	-159.470	   3.600
2017.69589	-160.360	   3.890
2017.69863	-161.450	   3.820
2017.70137	-157.310	   4.270
2017.70411	-157.620	   3.770
2017.70685	-158.040	   3.150
2017.70959	-157.720	   3.630
2017.71233	-159.240	   3.640
2017.71507	-154.770	   3.550
2017.71781	-157.090	   4.120
2017.72055	-157.270	   3.300
2017.72329	-158.380	   3.260
2017.72603	-153.960	   3.940
2017.72877	-154.700	   3.330
2017.73151	-157.090	   3.410
2017.73425	-157.350	   3.870
2017.73699	-156.720	   3.440
2017.73973	-155.810	   3.260
2017.74247	-158.000	   3.720
2017.74521	-156.200	   4.640
2017.74795	-152.310	   3.520
2017.75068	-159.970	   3.520
2017.75342	-157.910	   3.940
2017.75616	-154.250	   4.130
2017.75890	-156.580	   4.390
2017.76164	-158.030	   3.520
2017.76438	-160.860	   3.950
2017.76712	-154.260	   4.080
2017.76986	-154.960	   5.100
2017.77260	-150.780	   4.710
2017.77534	-162.030	   4.830
2017.77808	-157.160	   4.180
2017.78082	-154.890	   4.480
2017.78630	-158.490	   4.250
2017.78904	-158.420	   4.700
2017.79178	-156.500	   4.400
2017.79452	-152.300	   4.110
2017.79726	-156.200	   3.480
2017.80000	-152.770	   3.790
2017.80274	-155.140	   3.020
2017.80548	-153.650	   3.000
2017.80822	-155.080	   3.070
2017.81096	-154.040	   3.100
2017.81370	-153.740	   3.080
2017.81644	-156.450	   3.260
2017.81918	-152.390	   3.220
2017.82192	-156.540	   3.100
2017.82466	-156.650	   3.120
2017.82740	-156.320	   3.260
2017.83014	-151.260	   3.460
2017.83288	-153.160	   3.100
2017.83562	-153.370	   3.200
2017.83836	-152.640	   3.430
2017.84110	-154.380	   3.450
2017.84384	-153.860	   3.190
2017.84658	-155.140	   3.010
2017.84932	-155.570	   3.290
2017.85205	-155.040	   3.640
2017.85479	-154.080	   3.500
2017.85753	-153.440	   3.050
2017.86301	-157.540	   3.380
2017.86575	-155.950	   2.950
2017.86849	-155.500	   2.960
2017.87123	-157.320	   3.360
2017.87397	-155.890	   3.240
2017.87671	-159.320	   3.170
2017.87945	-156.600	   3.100
2017.88219	-156.570	   3.420
2017.88493	-157.860	   2.940
2017.88767	-156.130	   2.990
2017.89041	-155.990	   3.130
2017.89315	-155.330	   3.110
2017.89589	-156.350	   3.240
2017.89863	-156.380	   3.050
2017.90137	-155.400	   3.040
2017.90411	-153.090	   3.010
2017.90685	-158.150	   3.250
2017.90959	-155.650	   2.880
2017.91233	-154.840	   3.130
2017.91507	-155.580	   3.190
2017.91781	-158.550	   3.540
2017.92055	-154.200	   3.310
2017.92329	-155.800	   3.160
2017.92603	-156.340	   3.090
2017.92877	-153.850	   2.940
2017.93151	-157.860	   3.140
2017.93425	-153.590	   3.140
2017.93699	-157.000	   2.870
2017.93973	-155.450	   3.050
2017.94247	-154.690	   2.940
2017.94521	-154.110	   2.900
2017.94795	-155.910	   3.000
2017.95342	-154.150	   2.980
2017.95616	-155.740	   2.960
2017.95890	-153.880	   3.210
2017.96164	-153.960	   3.350
2017.96438	-157.000	   3.270
2017.96712	-156.650	   3.550
2017.96986	-155.500	   3.560
2017.97260	-155.180	   3.050
2017.97534	-157.570	   2.920
2017.97808	-157.840	   3.030
2017.98082	-159.180	   3.080
2017.98356	-157.180	   2.830
2017.98630	-159.610	   2.910
2017.98904	-156.100	   2.890
2017.99178	-158.030	   3.110
2017.99452	-155.310	   2.980
2017.99726	-156.510	   3.010
2018.00000	-157.860	   2.930
2018.00274	-157.750	   3.090
2018.00548	-156.590	   2.950
2018.00822	-156.460	   2.940
2018.01096	-156.040	   3.260
2018.01370	-157.380	   3.110
2018.01644	-156.320	   3.030
2018.01918	-157.340	   2.870
2018.02192	-156.760	   3.260
2018.02466	-161.170	   3.280
2018.02740	-155.800	   2.920
2018.03014	-154.150	   3.060
2018.03288	-156.490	   2.870
2018.03562	-157.600	   2.860
2018.03836	-155.640	   3.260
2018.04110	-157.150	   3.050
2018.04384	-154.590	   3.090
2018.04658	-158.020	   3.150
2018.04932	-157.020	   3.200
2018.05205	-156.290	   3.280
2018.05479	-157.700	   3.000
2018.05753	-159.490	   3.360
2018.06027	-156.300	   3.210
2018.06301	-157.440	   3.040
2018.06575	-155.600	   3.050
2018.06849	-155.830	   3.260
2018.07123	-155.870	   3.140
2018.07397	-157.770	   3.260
2018.07671	-154.590	   3.720
2018.07945	-156.370	   2.970
2018.08219	-156.820	   3.280
2018.08493	-158.000	   2.950
2018.08767	-155.280	   2.930
2018.09041	-157.940	   2.990
2018.09315	-155.000	   2.770
2018.09589	-156.820	   2.750
2018.09863	-157.590	   3.010
2018.10137	-158.000	   3.080
2018.10411	-159.920	   3.080
2018.10685	-158.050	   2.960
2018.10959	-161.230	   3.020
2018.11233	-159.530	   3.030
2018.11507	-157.830	   2.810
2018.11781	-158.540	   2.840
2018.12055	-157.850	   2.970
2018.12329	-160.610	   2.950
2018.12603	-160.550	   3.140
2018.12877	-159.850	   3.780
2018.13151	-159.430	   3.050
2018.13425	-162.070	   3.120
2018.13699	-158.850	   2.990
2018.13973	-158.980	   3.290
2018.14247	-158.300	   3.180
2018.14521	-160.210	   3.300
2018.14795	-159.550	   3.180
2018.15068	-161.360	   3.280
2018.15342	-159.660	   3.280
2018.15616	-160.170	   3.090
2018.15890	-161.370	   3.640
2018.16164	-164.060	   3.580
