2012.00000	  -0.760	  10.590
2012.00273	  -0.720	  10.470
2012.00546	  -1.600	  10.460
2012.00820	   2.020	  10.070
2012.01093	   3.510	  10.500
2012.01366	  -0.900	  10.340
2012.01639	  -1.250	  10.480
2012.01913	  -2.930	  10.320
2012.02186	  -2.930	  10.680
2012.02459	  -4.700	  10.490
2012.02732	  -2.250	  10.840
2012.03005	  -3.630	  11.370
2012.03279	   0.560	  10.120
2012.03552	   1.130	  10.000
2012.03825	   3.200	  10.190
2012.04098	   2.550	  10.810
2012.04372	   4.960	  11.430
2012.04645	   3.930	  10.600
2012.04918	   5.020	  10.130
2012.05191	   4.120	  10.470
2012.05464	  10.210	  10.490
2012.05738	   5.370	  10.510
2012.06011	   3.860	  11.000
2012.06284	   3.850	  10.560
2012.06557	   9.120	  10.190
2012.06831	   6.300	   9.810
2012.07104	   4.570	   9.710
2012.07377	  12.990	  10.490
2012.07650	   8.360	  10.450
2012.07923	   7.160	  10.260
2012.08197	   6.660	  10.560
2012.08470	  12.230	   9.780
2012.08743	   7.940	   9.910
2012.09016	   8.700	  10.100
2012.09290	  12.590	   9.600
2012.09563	  12.260	  10.300
2012.09836	   8.200	  12.660
2012.10109	   5.750	  15.960
2012.10383	  13.660	  11.840
2012.10656	  13.190	   9.570
2012.10929	  10.230	   9.700
2012.11202	  16.700	  10.200
2012.11475	   6.390	  10.210
2012.11749	   8.450	  10.430
2012.12022	  15.700	  11.210
2012.12295	   9.680	  11.440
2012.12568	   7.350	  14.740
2012.12842	   5.650	  11.030
2012.13115	  10.650	  10.130
2012.13388	  11.340	  11.020
2012.13661	  13.630	  11.740
2012.13934	  15.050	  11.670
2012.14208	   8.700	  13.530
2012.14481	   9.130	  12.850
2012.14754	  17.610	  12.160
2012.15027	  20.450	  12.980
2012.15301	  11.730	  11.760
2012.15574	   6.840	  10.730
2012.15847	   6.130	  10.130
2012.16120	  10.530	  12.160
2012.16393	   5.990	  10.460
2012.16667	  10.690	  10.790
2012.16940	   0.380	  11.420
2012.17213	   6.190	  11.880
2012.17486	   8.550	  12.090
2012.17760	  -1.050	  12.580
2012.18033	   3.330	  11.870
2012.18306	   9.050	  11.400
2012.18579	   4.200	  12.270
2012.18852	   9.380	  11.500
2012.19126	  10.700	  11.060
2012.19399	  -0.850	  11.360
2012.19672	   6.100	  12.430
2012.19945	  -1.600	  10.900
2012.20219	  -3.030	  10.410
2012.20492	  -4.290	  11.060
2012.20765	  -4.300	  12.620
2012.21038	  -5.470	  12.000
2012.21311	  -4.990	  11.390
2012.21585	  -3.570	  10.970
2012.21858	   2.850	  11.730
2012.22131	  -3.260	  11.280
2012.22404	   5.940	  11.120
2012.22678	  -2.000	  13.170
2012.22951	   0.000	  11.730
2012.23224	   3.090	  12.380
2012.23497	   1.400	  12.350
2012.23770	  -6.070	  11.570
2012.24044	 -16.220	  17.590
2012.24317	   7.140	  11.970
2012.24590	   3.510	  11.090
2012.24863	  -8.460	  11.470
2012.25137	   0.910	  12.210
2012.25410	   5.350	  13.110
2012.25683	   3.200	  11.860
2012.25956	   7.230	  11.000
2012.26230	   2.630	  11.290
2012.26503	   6.800	  12.550
2012.26776	   4.170	  12.100
2012.27049	   4.620	  10.860
2012.27322	  -0.200	  11.690
2012.27596	   0.780	  11.650
2012.27869	  -0.390	  11.600
2012.28142	  -1.900	  12.370
2012.28415	   2.560	  12.650
2012.28689	   3.360	  11.330
2012.28962	   5.740	  11.640
2012.29235	   6.200	  13.880
2012.29508	   1.510	  12.930
2012.29781	  -4.930	  11.650
2012.30055	  -3.190	  11.860
2012.30328	  -5.260	  13.800
2012.30601	   1.300	  13.530
2012.30874	   6.960	  11.250
2012.31148	   5.060	  14.580
2012.31421	   5.350	  11.920
2012.31694	   7.630	  28.340
2012.31967	   2.550	  14.090
2012.32240	  -6.610	  15.370
2012.32514	   0.600	  12.440
2012.32787	 -14.120	  18.270
2012.33060	  13.120	  14.920
2012.33333	  -4.950	  14.200
2012.33607	 -12.380	  20.940
2012.33880	  -4.420	  15.300
2012.34153	   4.490	  15.140
2012.34426	   0.610	  11.700
2012.34699	   4.580	  10.410
2012.34973	   1.130	  11.750
2012.35246	   7.100	  11.730
2012.35519	  -7.310	  12.940
2012.35792	 -12.300	  16.240
2012.36066	   0.370	  11.450
2012.36339	   3.350	  11.740
2012.36612	  -0.280	  11.800
2012.36885	   9.550	  12.180
2012.37158	   1.070	  12.370
2012.37432	   2.410	  12.670
2012.37705	   3.390	  14.420
2012.37978	   8.700	  11.760
2012.38251	   0.060	  18.770
2012.38525	   6.530	  13.650
2012.38798	  -6.310	  13.210
2012.39071	   3.120	  11.940
2012.39344	   1.320	  12.550
2012.39617	  11.240	  12.300
2012.39891	   7.110	  12.110
2012.40164	   0.300	  14.110
2012.40437	   4.520	  16.010
2012.40710	   6.000	  12.640
2012.40984	  -0.600	  18.060
2012.41257	  -0.700	  14.650
2012.41530	   0.500	  12.710
2012.41803	   4.790	  11.120
2012.42077	  -4.560	  10.950
2012.42350	  15.010	  12.290
2012.42623	   3.320	  10.860
2012.42896	   1.210	  11.020
2012.43169	  -4.850	  12.240
2012.43443	  -4.420	  14.870
2012.43716	  10.790	  18.610
2012.53005	  -3.150	  20.950
2012.53279	   8.320	  13.200
2012.53552	  19.660	  16.340
2012.53825	  25.530	  16.240
2012.54098	   6.210	  13.460
2012.54372	  -7.230	  13.840
2012.54645	   5.460	  13.140
2012.54918	  11.890	  15.340
2012.55191	 -10.060	  13.860
2012.55464	  11.520	  14.740
2012.55738	   3.200	  14.110
2012.56011	   2.860	  13.190
2012.56284	  10.210	  14.440
2012.56557	   7.700	  14.090
2012.56831	   4.160	  12.900
2012.57104	   9.600	  13.590
2012.57377	   7.430	  12.250
2012.57650	   9.040	  14.890
2012.57923	  10.020	  12.920
2012.58197	  11.050	  14.240
2012.58470	   7.310	  15.010
2012.58743	  10.610	  14.960
2012.59016	   5.780	  18.300
2012.59563	   1.510	  16.570
2012.59836	   8.520	  19.160
2012.60109	   9.890	  25.220
2012.60929	  22.310	  20.770
2012.61202	  14.150	  15.640
2012.61475	   9.930	  13.710
2012.61749	  12.530	  13.480
2012.62022	  13.640	  14.420
2012.62295	   3.210	  14.850
2012.62568	  11.110	  13.530
2012.62842	   7.160	  13.860
2012.63115	  11.530	  15.570
2012.63388	   6.030	  15.930
2012.63661	   6.330	  14.740
2012.63934	  11.140	  18.330
2012.64208	  11.070	  15.400
2012.64481	   4.220	  17.850
2012.64754	   4.080	  18.710
2012.65027	  10.920	  16.080
2012.65301	   8.070	  15.800
2012.65574	   0.250	  18.040
2012.65847	  -1.540	  17.460
2012.66120	  12.470	  17.440
2012.66393	  -9.100	  18.510
2012.66667	   5.750	  16.170
2012.66940	  -1.830	  16.150
2012.67213	   2.830	  15.620
2012.67486	  -0.210	  15.340
2012.67760	   5.030	  13.250
2012.68033	  -4.850	  14.130
2012.68306	   8.770	  13.580
2012.68579	  -3.730	  13.260
2012.68852	   0.790	  15.930
2012.69126	  -1.210	  14.790
2012.69399	  -4.960	  15.670
2012.69672	   0.920	  13.860
2012.69945	  -3.390	  13.990
2012.70219	  -8.560	  19.780
2012.70492	   3.990	  15.680
2012.70765	   4.330	  12.040
2012.71038	   0.100	  12.140
2012.71311	   3.600	  12.330
2012.71585	  -1.900	  13.130
2012.71858	  -0.020	  12.210
2012.72131	  -7.670	  12.270
2012.72404	  -1.740	  11.780
2012.72678	   6.810	  11.630
2012.73224	   1.380	  13.610
2012.73497	  11.830	  13.860
2012.73770	   4.030	  15.660
2012.74044	   0.240	  14.600
2012.74317	  -1.870	  12.880
2012.74590	  -4.650	  12.560
2012.74863	  -3.250	  12.180
2012.75137	   8.400	  12.580
2012.75410	  -4.200	  13.400
2012.75683	  -4.630	  14.370
2012.75956	  -0.620	  12.610
2012.76230	  -2.090	  12.140
2012.76503	   1.620	  12.770
2012.76776	   6.650	  12.130
2012.77049	   3.600	  11.800
2012.77322	   8.390	  11.650
2012.77596	   9.470	  11.920
2012.77869	   3.390	  12.130
2012.78142	   3.630	  12.230
2012.78415	   6.090	  11.560
2012.78689	   4.540	  11.750
2012.78962	   4.030	  11.420
2012.79235	   2.990	  11.620
2012.79508	   0.690	  12.470
2012.79781	   8.120	  12.920
2012.80055	   2.700	  12.000
2012.80328	   2.670	  11.750
2012.80601	   1.270	  11.930
2012.80874	   4.630	  11.660
2012.81148	   1.290	  12.420
2012.81421	   3.190	  11.830
2012.81694	   9.160	  13.240
2012.81967	   6.810	  14.030
2012.82240	   4.840	  15.470
2012.82514	  -2.320	  11.670
2012.82787	  -0.730	  13.900
2012.83060	   2.980	  12.130
2012.83333	   5.460	  12.920
2012.83607	   1.870	  14.360
2012.83880	   3.410	  15.370
2012.84153	   4.990	  15.210
2012.84426	   5.090	  14.670
2012.84699	   2.620	  12.850
2012.84973	   5.540	  12.520
2012.85246	   0.720	  12.760
2012.85519	   6.180	  11.920
2012.85792	  10.570	  11.880
2012.86066	   4.480	  12.830
2012.86339	   5.780	  12.630
2012.86612	  10.960	  11.840
2012.86885	   2.880	  12.060
2012.87158	  -3.090	  11.970
2012.87432	  -0.290	  12.630
2012.87705	   5.640	  13.660
2012.87978	   4.420	  13.110
2012.88251	   6.500	  12.880
2012.88525	   6.300	  12.530
2012.88798	  -1.190	  12.470
2012.89071	   9.170	  14.650
2012.89344	   4.520	  13.660
2012.89617	   2.910	  14.680
2012.89891	   3.380	  11.210
2012.90164	   6.730	  11.670
2012.90437	  -1.030	  12.980
2012.90710	   0.930	  11.600
2012.90984	   1.190	  12.180
2012.91257	   2.910	  12.040
2012.91530	   6.610	  12.230
2012.91803	   7.600	  14.170
2012.92077	   2.520	  13.370
2012.92350	   1.410	  13.300
2012.92623	   7.340	  12.610
2012.92896	   3.950	  15.410
2012.93169	   2.290	  13.110
2012.93443	  13.090	  12.480
2012.93716	   5.160	  13.510
2012.93989	   4.660	  12.800
2012.94262	   0.220	  11.570
2012.94536	   1.440	  11.450
2012.94809	   6.060	  12.220
2012.95082	   6.310	  12.140
2012.95355	   6.190	  11.410
2012.95628	   6.730	  11.500
2012.95902	   6.030	  11.720
2012.96175	   4.810	  11.620
2012.96448	   5.370	  11.010
2012.96721	   4.530	  10.720
2012.96995	   8.500	  10.950
2012.97268	   9.270	  11.050
2012.97541	   3.420	  11.930
2012.97814	   5.360	  11.180
2012.98087	   5.240	  10.900
2012.98361	   3.330	  10.720
2012.98634	   4.790	  11.260
2012.98907	   2.350	  11.430
2012.99180	   3.610	  11.610
2012.99454	   5.370	  15.140
2012.99727	  -4.050	  11.530
2013.00000	   2.490	  10.840
2013.00274	   5.770	  11.230
2013.00548	   4.750	  12.310
2013.00822	   2.350	  11.280
2013.01096	   6.440	  10.800
2013.01370	   3.600	  10.950
2013.01644	   8.480	  11.320
2013.01918	   9.800	  11.670
2013.02192	  10.820	  12.380
2013.02466	   2.950	  11.180
2013.02740	   5.220	  11.390
2013.03014	   5.870	  11.870
2013.03288	  13.030	  14.960
2013.03562	  12.700	  13.280
2013.03836	   6.280	  11.040
2013.04110	   7.510	  10.540
2013.04384	  11.890	  11.620
2013.04658	   6.530	  10.630
2013.04932	   7.260	  10.230
2013.05205	   5.560	  10.830
2013.05479	   6.200	  10.730
2013.05753	   7.060	  10.440
2013.06027	   6.320	  10.750
2013.06301	   8.480	  10.940
2013.06575	   7.460	  11.250
2013.06849	   7.070	  10.770
2013.07123	   8.650	  10.590
2013.07397	   3.530	  10.690
2013.07671	   7.640	  10.330
2013.07945	   9.800	  10.470
2013.08219	   8.920	  11.300
2013.08493	   7.330	  11.420
2013.08767	  12.510	  14.020
2013.09041	   8.980	  13.370
2013.09315	  13.670	  11.130
2013.09589	   8.630	  11.360
2013.09863	  13.060	  13.510
2013.10137	  14.640	  11.230
2013.10411	  10.800	  11.450
2013.10685	   9.790	  10.930
2013.10959	  10.970	  11.190
2013.11233	  17.660	  11.880
2013.11507	   7.820	  11.390
2013.11781	   6.610	  11.670
2013.12055	   5.390	  12.420
2013.12329	  10.430	  12.100
2013.12603	  11.270	  12.700
2013.12877	   5.990	  11.190
2013.13151	   7.310	  11.470
2013.13425	   4.390	  11.910
2013.13699	   3.070	  11.990
2013.13973	   7.160	  13.170
2013.14247	   1.580	  11.850
2013.14521	  -0.430	  12.060
2013.14795	   3.730	  11.870
2013.15342	   3.120	  11.350
2013.15616	   5.580	  12.270
2013.15890	   2.980	  11.830
2013.16164	   8.850	  11.390
2013.16438	   7.610	  12.530
2013.16712	   5.600	  12.030
2013.16986	   6.890	  11.040
2013.17260	  -0.760	  11.030
2013.17534	   2.110	  13.240
2013.17808	   1.000	  12.770
2013.18082	  -1.810	  12.960
2013.18356	  -4.130	  11.970
2013.18630	   2.160	  12.190
2013.18904	  -0.110	  12.510
2013.19178	  -0.700	  12.430
2013.19452	   4.850	  12.460
2013.19726	   7.510	  13.740
2013.20000	   0.090	  12.460
2013.20274	   3.460	  11.660
2013.20548	   1.280	  12.300
2013.20822	   3.910	  14.700
2013.21096	   8.550	  13.080
2013.21370	   9.760	  13.200
2013.21644	  11.390	  13.990
2013.21918	  13.550	  13.370
2013.22192	   9.550	  13.130
2013.22466	   6.210	  15.100
2013.22740	  12.540	  16.860
2013.23014	   6.240	  12.140
2013.23288	   7.350	  14.670
2013.23562	   5.220	  12.580
2013.23836	   6.480	  14.620
2013.24110	  13.760	  12.810
2013.24384	  10.020	  11.870
2013.24658	   3.730	  12.470
2013.24932	   6.860	  11.930
2013.25205	   8.550	  12.900
2013.25479	   9.440	  14.190
2013.25753	  21.620	  16.320
2013.26027	  11.350	  19.830
2013.26301	   9.240	  13.950
2013.26575	   5.100	  12.160
2013.26849	   6.350	  12.850
2013.27123	  10.930	  14.540
2013.27397	  -0.040	  13.210
2013.27671	   6.530	  12.170
2013.27945	   3.420	  13.480
2013.28219	   8.730	  12.340
2013.28493	   5.280	  11.660
2013.28767	   7.290	  12.670
2013.29041	  11.090	  13.450
2013.29315	   9.470	  14.080
2013.29589	  11.870	  14.230
2013.29863	  12.220	  13.470
2013.30137	   3.640	  15.080
2013.30411	   2.610	  11.870
2013.30685	   6.470	  11.560
2013.31233	   3.810	  12.590
2013.31507	   0.960	  13.940
2013.31781	   8.020	  13.350
2013.32055	  -4.020	  14.690
2013.32329	   7.010	  12.520
2013.32603	   5.130	  12.140
2013.32877	   5.250	  14.150
2013.33151	   7.600	  13.220
2013.33425	   4.620	  13.320
2013.33699	   5.750	  13.020
2013.33973	   8.560	  13.500
2013.34247	   9.600	  14.740
2013.34521	   9.540	  17.620
2013.34795	  14.300	  13.290
2013.35068	   6.070	  12.470
2013.35342	  14.950	  13.510
2013.35616	   4.760	  15.260
2013.35890	   7.940	  14.050
2013.36164	  11.590	  14.830
2013.36438	   3.180	  16.270
2013.36712	  10.000	  15.530
2013.36986	   3.470	  19.290
2013.37260	  16.610	  23.900
2013.37534	  16.520	  17.610
2013.37808	  21.540	  19.230
2013.38082	   6.210	  18.340
2013.38356	   8.770	  20.780
2013.38630	  13.280	  14.090
2013.38904	  10.420	  16.430
2013.39178	  12.140	  16.070
2013.39452	   5.500	  16.200
2013.39726	  17.260	  16.150
2013.40000	   9.560	  13.930
2013.40274	  11.800	  14.920
2013.40548	  13.370	  14.310
2013.40822	   2.040	  14.160
2013.41096	   4.100	  16.590
2013.41370	  11.530	  14.360
2013.41644	  15.260	  14.200
2013.41918	  10.370	  14.720
2013.42192	  11.630	  14.840
2013.42466	  12.410	  14.460
2013.42740	  11.240	  15.050
2013.43014	   8.620	  15.650
2013.43288	  12.330	  14.970
2013.43562	   2.480	  17.100
2013.43836	   0.900	  16.290
2013.44110	   7.210	  15.690
2013.44384	  10.400	  17.120
2013.44658	  -7.900	  18.510
2013.44932	   9.050	  16.110
2013.45205	   3.790	  14.020
2013.45479	  10.140	  13.180
2013.45753	   2.190	  16.460
2013.46027	   2.440	  17.900
2013.46301	  -2.580	  16.950
2013.46575	   7.940	  16.390
2013.46849	  -5.740	  15.990
2013.47123	   8.220	  15.150
2013.47397	  12.620	  14.680
2013.47671	   5.690	  18.760
2013.47945	  10.920	  15.300
2013.48219	  11.520	  15.220
2013.48493	   2.100	  14.290
2013.48767	   9.110	  12.680
2013.49041	  12.830	  12.750
2013.49315	  11.930	  16.840
2013.49589	  25.160	  14.390
2013.49863	  15.070	  13.780
2013.50137	  12.290	  15.240
2013.50411	  19.830	  16.200
2013.50685	  19.690	  15.870
2013.50959	  18.280	  17.450
2013.51233	  12.620	  15.340
2013.51507	  11.370	  16.330
2013.51781	  16.320	  15.490
2013.52055	  14.770	  17.010
2013.52329	   8.530	  16.170
2013.52603	   5.050	  14.930
2013.52877	   7.280	  17.390
2013.53151	  16.080	  26.570
2013.53425	  15.680	  14.510
2013.53699	  10.220	  14.060
2013.53973	   7.190	  15.700
2013.54247	   6.380	  15.060
2013.54521	  18.590	  13.370
2013.54795	  15.310	  12.640
2013.55616	   8.400	  15.970
2013.55890	  17.160	  14.990
2013.56164	  32.600	  18.750
2013.56438	  18.460	  17.980
2013.56712	  11.400	  15.610
2013.56986	  11.400	  15.980
2013.57260	  21.300	  17.680
2013.57534	  15.290	  15.200
2013.57808	  12.570	  14.150
2013.58082	  12.520	  15.680
2013.58356	  14.830	  13.020
2013.58630	  10.390	  12.960
2013.58904	   4.340	  15.850
2013.59178	  20.090	  15.270
2013.59452	   8.280	  15.590
2013.59726	  13.170	  14.210
2013.60000	   6.840	  15.690
2013.60274	   4.280	  12.630
2013.60548	  11.980	  15.700
2013.60822	  -0.360	  17.370
2013.61096	  -9.700	  15.350
2013.61370	  12.060	  14.020
2013.61644	  11.130	  13.980
2013.61918	  11.380	  13.700
2013.62192	  14.870	  16.100
2013.62466	   7.200	  16.080
2013.62740	  10.610	  16.830
2013.63014	   5.720	  14.570
2013.63288	  -0.050	  17.650
2013.63562	   6.040	  16.370
2013.63836	   4.760	  18.270
2013.64110	  -0.300	  23.820
2013.64384	  14.090	  15.600
2013.64658	  16.220	  15.870
2013.64932	  10.120	  18.190
2013.65479	  17.650	  15.150
2013.65753	  20.200	  19.310
2013.66027	  28.050	  26.800
2013.66301	  10.130	  20.930
2013.66575	   1.810	  17.970
2013.66849	  15.310	  17.040
2013.67123	   9.320	  13.650
2013.67671	   5.110	  14.320
2013.68219	   8.880	  12.670
2013.68493	   3.090	  12.840
2013.68767	   2.560	  13.800
2013.69041	 -10.470	  17.100
2013.69315	   3.280	  15.770
2013.69589	   2.910	  15.810
2013.69863	  13.910	  14.580
2013.70137	   2.980	  14.930
2013.70411	   6.940	  14.560
2013.70685	   8.170	  17.910
2013.70959	   7.080	  17.370
2013.71233	  15.250	  17.260
2013.71507	  16.580	  16.410
2013.71781	   5.710	  16.120
2013.72055	   3.740	  16.110
2013.72329	   3.200	  19.700
2013.72603	   7.220	  15.940
2013.72877	  24.280	  17.300
2013.73151	   8.460	  14.650
2013.73425	   8.600	  15.640
2013.73699	  -4.290	  15.110
2013.73973	   6.460	  13.020
2013.74247	  11.970	  12.640
2013.74521	   2.320	  14.580
2013.74795	   6.910	  15.190
2013.75068	   9.620	  14.010
2013.75342	   5.750	  14.620
2013.75616	  11.580	  13.620
2013.75890	   7.950	  12.980
2013.76164	   6.760	  14.770
2013.76438	  -2.290	  13.650
2013.76712	  11.730	  12.530
2013.76986	  14.770	  13.550
2013.77260	   6.420	  14.080
2013.77534	  15.700	  17.730
2013.77808	   5.890	  14.990
2013.78082	   7.290	  14.970
2013.78356	   3.410	  15.160
2013.78630	  -1.710	  13.930
2013.78904	   3.220	  13.260
2013.79178	   9.970	  12.240
2013.79452	  15.430	  12.170
2013.79726	  14.330	  20.910
2013.80000	   5.950	  12.330
2013.80274	  10.730	  11.780
2013.80548	   8.110	  11.670
2013.80822	  10.580	  12.610
2013.81096	  10.770	  12.240
2013.81370	   7.830	  11.810
2013.81644	   5.900	  13.100
2013.81918	   9.550	  11.980
2013.82192	  13.080	  12.660
2013.82466	   6.300	  12.270
2013.82740	   8.810	  12.620
2013.83014	  11.730	  12.750
2013.83288	   3.010	  15.790
2013.83562	  13.240	  15.470
2013.83836	   8.580	  14.140
2013.84110	   6.320	  12.880
2013.84384	   2.000	  12.650
2013.84658	   3.290	  12.370
2013.84932	   7.880	  11.820
2013.85205	  10.810	  12.510
2013.85479	   4.700	  14.450
2013.85753	   2.550	  13.600
2013.86027	   3.760	  12.240
2013.86301	   3.500	  12.310
2013.86575	  11.090	  12.460
2013.86849	   6.650	  12.090
2013.87123	   6.680	  12.320
2013.87397	   8.000	  11.840
2013.87671	  12.220	  12.700
2013.87945	   6.760	  11.960
2013.88219	   0.100	  11.820
2013.88493	  -1.730	  11.580
2013.88767	  -4.260	  12.160
2013.89041	   2.560	  11.650
2013.89315	   5.700	  11.900
2013.89589	   5.390	  11.940
2013.89863	   0.670	  14.050
2013.90137	   8.710	  11.910
2013.90411	   2.910	  11.710
2013.90685	   6.800	  11.870
2013.90959	   2.210	  11.670
2013.91233	   3.820	  10.970
2013.91507	   8.500	  11.730
2013.91781	   3.710	  11.530
2013.92055	   2.250	  11.520
2013.92329	   4.140	  10.860
2013.92603	   2.690	  11.420
2013.92877	   2.520	  11.320
2013.93151	   4.140	  11.280
2013.93425	   4.910	  11.180
2013.93699	   8.240	  13.300
2013.93973	   2.480	  12.180
2013.94247	   7.550	  11.580
2013.94521	   4.830	  12.300
2013.94795	   8.660	  11.400
2013.95068	   2.390	  12.260
2013.95342	   8.030	  12.310
2013.95616	   3.190	  12.820
2013.95890	   2.800	  13.640
2013.96164	  10.200	  12.980
2013.96438	   4.770	  12.930
2013.96712	  -4.090	  12.940
2013.96986	  -5.760	  16.700
2013.97260	   0.510	  11.120
2013.97534	  -5.170	  11.560
2013.97808	  -7.610	  11.750
2013.98082	   0.590	  12.280
2013.98356	   5.580	  11.790
2013.98630	   3.330	  11.620
2013.98904	  12.690	  29.350
2013.99726	   2.000	  12.210
2014.00000	   0.990	  11.460
2014.00274	   2.550	  11.440
2014.00548	  11.060	  12.660
2014.00822	   6.070	  12.260
2014.01096	   3.590	  12.330
2014.01370	   7.840	  11.630
2014.01644	   8.280	  11.370
2014.01918	   8.680	  11.530
2014.02192	   5.410	  11.850
2014.02466	   8.120	  11.590
2014.02740	  11.900	  11.580
2014.03014	   5.960	  11.580
2014.03288	   8.200	  11.670
2014.03562	   6.720	  11.270
2014.03836	   7.740	  11.680
2014.04110	   5.330	  11.240
2014.04384	   6.160	  11.330
2014.04658	   9.270	  11.670
2014.04932	   4.520	  11.500
2014.05205	   3.520	  11.220
2014.05479	   4.430	  12.460
2014.05753	   6.830	  11.530
2014.06027	   0.580	  11.720
2014.06301	   9.500	  11.610
2014.06575	   1.320	  11.470
2014.06849	   7.060	  11.740
2014.07123	   9.780	  12.000
2014.07397	   3.420	  13.490
2014.07671	   0.270	  12.550
2014.07945	  11.260	  13.900
2014.08219	   1.400	  13.330
2014.08493	  10.010	  12.840
2014.08767	  12.990	  13.640
2014.09041	  15.050	  15.260
2014.09315	   3.180	  13.860
2014.09589	   6.090	  13.660
2014.09863	   2.780	  13.050
2014.10137	   8.520	  14.520
2014.10411	   9.910	  12.220
2014.10685	   5.860	  12.340
2014.10959	  10.700	  13.040
2014.11233	   8.140	  13.370
2014.11507	   3.580	  11.580
2014.11781	   1.680	  11.730
2014.12055	  -1.400	  12.200
2014.12329	   6.470	  11.870
2014.12603	  -3.930	  11.700
2014.12877	  -0.840	  11.660
2014.13151	   6.220	  11.960
2014.13425	   4.910	  13.150
2014.13699	   3.060	  12.010
2014.13973	   3.120	  11.770
2014.14247	   3.220	  11.790
2014.14521	   3.390	  12.200
2014.14795	   6.240	  12.320
2014.15068	  -3.420	  12.240
2014.15342	   6.370	  12.700
2014.15616	   1.170	  12.860
2014.15890	  13.680	  13.860
2014.16164	  11.640	  13.180
2014.16438	   6.940	  14.000
2014.16712	   9.020	  12.520
2014.16986	  -0.120	  12.570
2014.17260	   4.520	  12.170
2014.17534	  -2.180	  13.170
2014.17808	  -2.640	  12.540
2014.18082	   4.420	  13.700
2014.18356	 -12.380	  15.120
2014.18630	 -13.660	  15.920
2014.18904	   1.210	  12.950
2014.19178	   5.430	  13.560
2014.19452	   0.710	  16.610
2014.19726	   1.560	  15.660
2014.20000	  -2.610	  18.490
2014.20274	  -3.000	  13.450
2014.20548	   1.850	  16.230
2014.20822	   9.010	  13.050
2014.21096	   3.350	  12.560
2014.21370	   5.290	  13.560
2014.21644	   5.170	  13.980
2014.21918	   7.690	  12.210
2014.22192	   1.110	  12.330
2014.22466	   6.920	  12.200
2014.22740	   5.210	  12.730
2014.23014	   4.490	  12.580
2014.23288	   1.610	  13.410
2014.23562	  14.640	  14.550
2014.23836	   9.320	  13.880
2014.24110	  -1.670	  15.600
2014.24384	  10.300	  14.410
2014.24658	   4.130	  18.640
2014.24932	   3.470	  13.290
2014.25205	  17.410	  14.360
2014.25479	   3.650	  15.550
2014.25753	   1.310	  15.280
2014.26027	   3.350	  12.710
2014.26301	   3.460	  12.890
2014.26575	   4.140	  12.010
2014.26849	   6.360	  12.970
2014.27123	   6.030	  12.260
2014.27397	   0.700	  16.200
2014.27671	   0.570	  13.110
2014.27945	   4.250	  12.630
2014.28219	   9.210	  12.960
2014.28493	  10.790	  12.440
2014.28767	   6.840	  13.160
2014.29041	   0.900	  12.890
2014.29315	   1.970	  12.730
2014.29589	  10.450	  13.840
2014.29863	   5.720	  13.140
2014.30137	  -2.090	  12.370
2014.30411	  -2.460	  12.250
2014.30685	   8.210	  12.540
2014.30959	   4.610	  13.590
2014.31233	   1.800	  12.600
2014.31507	   6.190	  12.760
2014.31781	  10.640	  13.800
2014.32055	   5.760	  14.260
2014.32329	   4.770	  12.330
2014.32603	  -3.710	  12.830
2014.32877	  -6.680	  13.770
2014.33151	   8.720	  13.350
2014.33425	  16.640	  12.120
2014.33699	   6.200	  12.990
2014.33973	   6.510	  12.910
2014.34247	   1.140	  12.700
2014.34521	   7.040	  12.670
2014.34795	   5.920	  12.320
2014.35068	   7.670	  12.700
2014.35342	   6.570	  13.450
2014.35616	   5.770	  12.720
2014.35890	  12.030	  13.370
2014.36164	   9.110	  14.140
2014.36438	  -5.020	  15.830
2014.36712	   3.260	  14.980
2014.36986	   1.820	  18.230
2014.37260	  -1.420	  14.990
2014.37534	   1.750	  14.180
2014.37808	  -3.060	  15.230
2014.38082	   3.460	  18.430
2014.38356	  18.790	  20.940
2014.38630	   8.990	  15.410
2014.38904	   3.060	  14.810
2014.39178	  14.220	  15.290
2014.39452	  15.270	  13.900
2014.39726	   7.840	  13.180
2014.40000	   3.180	  17.720
2014.40274	  13.070	  15.460
2014.40548	  -1.780	  18.120
2014.40822	   9.160	  14.660
2014.41096	   2.450	  13.870
2014.41370	   0.410	  13.110
2014.41644	  -4.190	  14.530
2014.41918	  -1.420	  15.760
2014.42192	   3.410	  17.230
2014.42466	   6.860	  16.350
2014.42740	   3.000	  15.570
2014.43014	   8.560	  13.580
2014.43288	  11.850	  14.130
2014.43562	  -7.000	  15.080
2014.43836	   2.040	  14.020
2014.44110	  10.270	  12.440
2014.44384	   5.080	  13.710
2014.44658	  13.440	  13.800
2014.44932	  12.390	  13.430
2014.45205	   9.130	  13.360
2014.45479	  18.330	  14.150
2014.45753	  11.690	  15.050
2014.46027	  16.020	  13.550
2014.46301	  13.330	  12.750
2014.46575	  18.020	  14.160
2014.46849	  18.200	  14.020
2014.47123	  16.190	  14.630
2014.47397	  18.590	  15.210
2014.47671	  30.320	  20.330
2014.47945	   9.780	  16.170
2014.48219	   2.150	  16.360
2014.48493	  13.630	  14.660
2014.48767	  18.760	  13.150
2014.49041	  20.600	  19.970
2014.49315	  15.920	  15.090
2014.49589	   8.770	  14.440
2014.49863	   5.990	  14.510
2014.50137	   9.190	  12.920
2014.50411	  11.390	  15.130
2014.50685	   8.010	  15.900
2014.50959	  13.190	  16.370
2014.51233	   2.170	  15.560
2014.51507	  11.020	  16.540
2014.51781	  -1.580	  16.440
2014.52055	   6.470	  25.010
2014.52329	  10.190	  15.330
2014.52603	   8.020	  13.840
2014.52877	  12.650	  13.020
2014.53151	  10.320	  13.220
2014.53425	  10.530	  15.000
2014.53699	  22.390	  15.430
2014.53973	  18.880	  15.420
2014.54247	  12.740	  21.480
2014.54521	  20.580	  16.720
2014.54795	  30.070	  20.620
2014.55068	  10.660	  16.120
2014.55342	  11.010	  16.380
2014.55616	  10.700	  18.140
2014.55890	  29.760	  21.580
2014.56164	  23.910	  20.790
2014.56438	   9.850	  16.210
2014.56712	  11.270	  18.180
2014.56986	  12.710	  16.440
2014.57260	   3.220	  20.410
2014.57534	  11.250	  15.480
2014.57808	  18.000	  17.500
2014.58082	   9.550	  20.750
2014.58356	  15.760	  19.670
2014.58630	  20.020	  18.290
2014.58904	   0.720	  19.220
2014.59178	  12.810	  14.690
2014.59452	  15.620	  16.410
2014.59726	   4.400	  19.300
2014.60000	  13.770	  32.910
2014.60274	   5.820	  22.210
2014.60548	  -6.640	  27.730
2014.60822	  9.59  	  23.710
2014.61096	  -11.83	  17.420
2014.61370	  10.55 	  21.010
2014.61644	  -11.46	  20.340
2014.61918	  0.56  	  15.380
2014.62192	  17.21 	  14.430
2014.62466	  19.81 	  15.380
2014.62740	  11.37 	  15.270
2014.63014	  26.26 	  17.200
2014.63288	  25.18 	  17.480
2014.63562	  14.29 	  16.240
2014.63836	  15.37 	  14.880
2014.64110	  34.4  	  21.670
2014.64384	  12.59 	  15.160
2014.64658	  20.33 	  15.340
2014.64932	  17.53 	  18.990
2014.65205	  22.59 	  14.910
2014.65479	  15.46 	  15.890
2014.65753	  16.6  	  16.260
2014.66027	  9.21  	  15.440
2014.66301	  9.07  	  15.720
2014.66575	  24.74 	  17.570
2014.66849	  9.75  	  18.610
2014.67123	  16.32 	  15.370
2014.67397	  13.07 	  15.290
2014.67671	  31.63 	  17.240
2014.67945	  25.63 	  14.180
2014.68219	  25.64 	  20.050
2014.68493	  22.56 	  15.350
2014.68767	  12.33 	  17.030
2014.69041	  7.88  	  15.270
2014.69315	  19.92 	  18.330
2014.69589	  28.07 	  14.430
2014.69863	  35.85 	  17.670
2014.70137	  16.92 	  15.470
2014.70411	  18.35 	  16.860
2014.70685	  26.41 	  17.950
2014.70959	  13.75 	  14.530
2014.71233	  25.51 	  15.320
2014.71507	  17.53 	  18.250
2014.71781	  27.640	  17.040
2014.72055	  15.980	  18.860
2014.72329	  17.970	  14.290
2014.72603	  14.670	  15.790
2014.72877	  26.280	  14.470
2014.73151	  16.940	  14.930
2014.73425	  -0.810	  18.880
2014.73699	  18.600	  13.240
2014.73973	   9.740	  12.980
2014.74247	  12.910	  13.740
2014.74521	  10.410	  13.400
2014.74795	  22.470	  16.880
2014.75068	  15.260	  15.690
2014.75342	  12.970	  16.680
2014.75616	   7.140	  14.490
2014.75890	   5.310	  14.140
2014.76164	   5.410	  12.750
2014.76438	  23.630	  13.540
2014.76712	  19.730	  12.920
2014.76986	  14.740	  12.700
2014.77260	  20.180	  12.930
2014.77534	  15.270	  13.260
2014.77808	   2.030	  12.870
2014.78082	  19.760	  12.770
2014.78356	  16.820	  12.500
2014.78630	  17.860	  12.700
2014.78904	  11.340	  13.600
2014.79178	  19.900	  12.460
2014.79452	  23.580	  13.110
2014.79726	  23.120	  12.140
2014.80000	  22.860	  13.420
2014.80274	  23.340	  12.750
2014.80548	  20.040	  12.280
2014.80822	  17.670	  12.060
2014.81096	  23.790	  12.100
2014.81370	  23.900	  11.930
2014.81644	  25.280	  12.580
2014.81918	  18.440	  13.080
2014.82192	  21.910	  13.460
2014.82466	  21.270	  12.000
2014.82740	  23.180	  12.030
2014.83014	  30.280	  12.550
2014.83288	  16.760	  12.790
2014.83562	  22.030	  12.240
2014.83836	  14.150	  13.040
2014.84110	  19.990	  12.060
2014.84384	  20.970	  12.040
2014.84658	  25.040	  12.770
2014.84932	  25.590	  12.220
2014.85205	  20.940	  13.650
2014.85479	  26.420	  13.240
2014.85753	  21.270	  12.340
2014.86027	  24.190	  12.150
2014.86301	  20.770	  12.760
2014.86575	  15.590	  11.740
2014.86849	  24.560	  12.090
2014.87123	  25.910	  12.240
2014.87397	  24.110	  12.090
2014.87671	  17.970	  13.060
2014.87945	  15.860	  13.530
2014.88219	  22.110	  11.620
2014.88493	  18.850	  11.440
2014.88767	  29.270	  11.820
2014.89041	  21.250	  12.560
2014.89315	  23.940	  11.850
2014.89589	  23.890	  12.400
2014.89863	  19.710	  11.620
2014.90137	  18.050	  12.350
2014.90411	  17.250	  12.010
2014.90685	  24.830	  12.700
2014.90959	  23.440	  12.220
2014.91233	  24.700	  12.950
2014.91507	  22.800	  13.180
2014.91781	  19.600	  12.430
2014.92055	  19.430	  11.960
2014.92329	  23.520	  12.620
2014.92603	  16.910	  12.890
2014.92877	  17.590	  11.740
2014.93151	  22.420	  11.650
2014.93425	  25.090	  12.020
2014.93699	  18.310	  12.100
2014.93973	  25.370	  11.620
2014.94247	  23.440	  11.390
2014.94521	  15.780	  11.580
2014.94795	  11.450	  11.760
2014.95068	  19.680	  11.290
2014.95342	  22.570	  11.090
2014.95616	  18.070	  11.430
2014.95890	  21.290	  11.560
2014.96164	  29.060	  12.030
2014.96438	  32.200	  12.060
2014.96712	  27.110	  12.780
2014.96986	  18.740	  11.940
2014.97260	  21.350	  11.070
2014.97534	  19.870	  11.220
2014.97808	  25.620	  11.450
2014.98082	  26.000	  12.130
2014.98356	  25.010	  12.490
2014.98630	  19.850	  11.550
2014.98904	  18.430	  11.720
2014.99178	  17.310	  11.360
2014.99452	  27.630	  10.830
2014.99726	  26.050	  11.150
2015.00000	  24.880	  11.450
2015.00274	  21.710	  11.410
2015.00548	  22.280	  11.180
2015.00822	  23.500	  11.310
2015.01096	  23.590	  10.940
2015.01370	  20.560	  10.760
2015.01644	  24.610	  11.280
2015.01918	  19.420	  11.240
2015.02192	  23.510	  11.590
2015.02466	  16.500	  11.580
2015.02740	  16.540	  11.030
2015.03014	  24.900	  11.460
2015.03288	  24.050	  11.240
2015.03562	  23.730	  13.490
2015.03836	  16.530	  11.320
2015.04110	  21.320	  10.870
2015.04384	  17.120	  11.530
2015.04658	  18.030	  11.210
2015.04932	  22.170	  11.470
2015.05205	  26.790	  14.180
2015.05479	  27.250	  12.390
2015.05753	  21.430	  12.390
2015.06027	  17.930	  11.340
2015.06301	  19.450	  11.450
2015.06575	  23.090	  11.890
2015.06849	  26.060	  11.380
2015.07123	  21.670	  11.510
2015.07397	  19.610	  11.170
2015.07671	  24.850	  10.780
2015.07945	  18.040	  11.030
2015.08219	  20.990	  10.850
2015.08493	  19.520	  10.840
2015.08767	  23.070	  10.800
2015.09041	  22.430	  10.820
2015.09315	  22.080	  11.260
2015.09589	  22.430	  11.190
2015.09863	  24.560	  11.030
2015.10137	  26.210	  11.340
2015.10411	  20.870	  11.470
2015.10685	  21.520	  11.050
2015.10959	  21.940	  10.840
2015.11233	  23.060	  11.240
2015.11507	  20.310	  11.690
2015.11781	  31.020	  11.320
2015.12055	  16.540	  12.300
2015.12329	  24.440	  12.660
2015.12603	  18.320	  15.630
2015.12877	  30.610	  12.700
2015.13151	  28.810	  11.820
2015.13425	  22.280	  11.400
2015.13699	  24.770	  11.320
2015.13973	  26.130	  11.710
2015.14247	  25.270	  14.890
2015.14521	  28.200	  12.160
2015.14795	  18.800	  12.610
2015.15068	  32.090	  11.900
2015.15342	  22.340	  12.400
2015.15616	  18.410	  12.990
2015.15890	  24.090	  12.100
2015.16164	  22.120	  12.210
2015.16438	  17.130	  11.440
2015.16712	  22.920	  12.170
2015.16986	  19.050	  11.920
2015.17260	  25.600	  12.290
2015.17534	  24.190	  12.330
2015.17808	  20.770	  12.310
2015.18082	  18.510	  11.330
2015.18356	  20.870	  12.570
2015.18630	  25.900	  12.930
2015.18904	  18.080	  12.360
2015.19178	  20.190	  12.110
2015.19452	  20.410	  12.430
2015.19726	  15.110	  12.540
2015.20000	  19.710	  13.050
2015.20274	  24.270	  12.860
2015.20548	  19.940	  14.010
2015.20822	  22.710	  12.840
2015.21096	  32.560	  12.310
2015.21370	  21.070	  12.490
2015.21644	  24.060	  11.540
2015.21918	  22.240	  12.230
2015.22192	  21.200	  12.000
2015.22466	  13.970	  13.350
2015.22740	  14.000	  12.550
2015.23014	  18.030	  11.570
2015.23288	  18.770	  11.790
2015.23562	  22.420	  11.540
2015.23836	  26.910	  12.120
2015.24110	  22.590	  12.040
2015.24384	  24.500	  12.070
2015.24658	  26.120	  12.080
2015.24932	  24.450	  13.170
2015.25205	  25.920	  13.100
2015.25479	  20.420	  13.150
2015.25753	  26.260	  14.780
2015.26027	  26.280	  14.840
2015.26301	  21.270	  19.030
2015.26575	  23.540	  13.680
2015.26849	  22.140	  12.740
2015.27123	  16.230	  11.930
2015.27397	  22.720	  11.470
2015.27671	  15.960	  12.950
2015.27945	  26.560	  12.650
2015.28219	  27.990	  12.850
2015.28493	  24.000	  11.750
2015.28767	  21.070	  13.030
2015.29041	  24.600	  13.790
2015.29315	  24.620	  14.520
2015.29589	  16.090	  13.390
2015.29863	  18.710	  13.300
2015.30137	  17.800	  15.200
2015.30411	  24.730	  14.740
2015.30685	  18.180	  12.370
2015.30959	  21.340	  12.510
2015.31233	  26.150	  12.150
2015.31507	  20.270	  12.140
2015.31781	  26.300	  11.790
2015.32055	  26.670	  12.020
2015.32329	  25.660	  12.640
2015.32603	  22.690	  13.460
2015.32877	  19.420	  14.110
2015.33151	  21.800	  12.570
2015.33425	  15.170	  13.800
2015.33699	  14.920	  14.420
2015.33973	   8.960	  16.040
2015.34247	  17.460	  13.680
2015.34521	  17.730	  14.080
2015.34795	  17.620	  13.250
2015.35068	  13.230	  13.370
2015.35342	  23.630	  14.120
2015.35616	  15.620	  15.460
2015.35890	  21.500	  14.840
2015.36164	  17.900	  16.210
2015.36438	  22.050	  13.090
2015.36712	  19.640	  13.130
2015.36986	  12.260	  13.900
2015.37260	  26.960	  15.780
2015.37534	  13.300	  14.330
2015.37808	   7.010	  13.210
2015.38082	  15.040	  14.870
2015.38356	   7.310	  18.910
2015.38630	   9.780	  13.850
2015.38904	  14.720	  15.530
2015.39178	  10.840	  14.250
2015.39452	  11.060	  15.320
2015.39726	   9.970	  13.110
2015.40000	  17.530	  14.110
2015.40274	  14.010	  13.200
2015.40548	  22.030	  15.660
2015.40822	  12.640	  13.140
2015.41096	  16.590	  15.990
2015.41370	   6.320	  15.490
2015.41644	  13.100	  13.940
2015.41918	  15.330	  13.610
2015.42192	   8.890	  13.490
2015.42466	  16.280	  13.590
2015.42740	  11.770	  15.060
2015.43014	   4.770	  16.030
2015.43288	  10.080	  14.970
2015.43562	  16.130	  13.600
2015.43836	  20.450	  13.570
2015.44110	  22.180	  13.550
2015.44384	  13.980	  13.840
2015.44658	  26.060	  13.170
2015.44932	  25.270	  15.170
2015.45205	  14.980	  15.560
2015.45479	  18.550	  14.440
2015.45753	  17.260	  14.470
2015.46027	  13.070	  14.710
2015.46301	  10.760	  13.950
2015.46575	  16.800	  15.410
2015.46849	  13.160	  22.160
2015.47123	  15.750	  16.290
2015.47397	  21.020	  14.430
2015.47671	  16.450	  15.770
2015.47945	  35.050	  17.300
2015.48219	  13.790	  15.930
2015.48493	  22.740	  16.120
2015.48767	  18.880	  14.560
2015.49041	  10.350	  13.870
2015.49315	  12.670	  15.940
2015.49589	  18.450	  14.780
2015.49863	  14.690	  20.450
2015.50137	  15.930	  15.590
2015.50411	   8.220	  14.410
2015.50685	  11.270	  16.290
2015.50959	  11.100	  18.660
2015.51233	  23.910	  15.580
2015.51507	  23.390	  15.030
2015.51781	  33.000	  17.320
2015.52055	  11.510	  16.910
2015.52329	   1.110	  14.750
2015.52603	  10.150	  14.830
2015.52877	   7.590	  16.320
2015.53151	  21.430	  24.580
2015.53425	   7.670	  18.030
2015.53699	  23.050	  23.520
2015.53973	   2.290	  14.590
2015.54247	  22.820	  20.000
2015.54521	  29.120	  19.720
2015.54795	  16.250	  16.340
2015.55068	   6.700	  13.950
2015.55342	  10.330	  14.970
2015.55616	  15.460	  17.190
2015.55890	  12.730	  13.840
2015.56164	   2.180	  15.440
2015.56438	   5.520	  15.640
2015.56712	   0.420	  15.710
2015.56986	  18.030	  17.820
2015.57260	   9.380	  17.220
2015.57534	   7.900	  15.300
2015.57808	  11.270	  14.770
2015.58082	   4.840	  17.520
2015.58356	   2.070	  18.720
2015.58630	  16.670	  16.980
2015.58904	  18.920	  15.760
2015.59178	  14.370	  15.660
2015.59452	   3.060	  17.740
2015.59726	   9.080	  15.930
2015.60000	   9.970	  17.950
2015.60274	  17.480	  18.320
2015.60548	  17.290	  21.530
2015.60822	  19.080	  18.360
2015.61096	   6.440	  15.170
2015.61370	   9.080	  17.320
2015.61644	   7.520	  14.080
2015.61918	  14.760	  13.470
2015.62192	   5.800	  14.760
2015.62466	  18.810	  14.830
2015.62740	  16.430	  15.440
2015.63014	  16.910	  15.190
2015.63288	  18.400	  20.620
2015.63562	  18.870	  15.240
2015.63836	  12.600	  18.830
2015.64110	  13.380	  14.860
2015.64384	   5.890	  16.830
2015.64658	  17.730	  24.150
2015.64932	  14.580	  19.730
2015.65205	   4.210	  20.310
2015.65479	  12.690	  14.660
2015.65753	  21.610	  15.560
2015.66027	  25.820	  14.430
2015.66301	  15.940	  14.170
2015.66575	   4.000	  15.640
2015.66849	   7.880	  13.650
2015.67123	  11.540	  14.680
2015.67397	  16.360	  13.170
2015.67671	  12.830	  13.560
2015.67945	  17.650	  13.260
2015.68219	  29.660	  15.430
2015.68493	  21.930	  15.850
2015.68767	  19.930	  15.220
2015.69041	  21.290	  14.000
2015.69315	  20.510	  13.850
2015.69589	  13.460	  13.540
2015.69863	  19.340	  13.940
2015.70137	  11.820	  14.320
2015.70411	  16.280	  13.810
2015.70685	  16.200	  14.020
2015.70959	  21.390	  16.230
2015.71233	  13.510	  12.710
2015.71507	  15.510	  12.940
2015.71781	  26.510	  12.270
2015.72055	  10.650	  11.520
2015.72329	  19.680	  13.350
2015.72603	  22.670	  12.550
2015.72877	  24.960	  12.310
2015.73151	  15.280	  13.300
2015.73425	  19.830	  12.830
2015.73699	  16.530	  12.820
2015.73973	  23.860	  13.730
2015.74247	  14.570	  16.690
2015.74521	  17.230	  15.750
2015.74795	  20.010	  14.810
2015.75068	  21.880	  16.940
2015.75342	  14.610	  14.180
2015.75616	  13.490	  12.670
2015.75890	   4.050	  13.240
2015.76164	  13.490	  13.440
2015.76438	  12.820	  13.160
2015.76712	   5.940	  12.390
2015.76986	   2.470	  16.630
2015.77260	   9.330	  12.180
2015.77534	  10.270	  12.660
2015.77808	   7.070	  11.930
2015.78082	   5.570	  11.950
2015.78356	  13.610	  13.480
2015.78630	   8.290	  12.770
2015.78904	  11.570	  12.010
2015.79178	  16.030	  13.140
2015.79452	  22.020	  13.940
2015.79726	  22.230	  13.310
2015.80000	  11.980	  13.990
2015.80274	  25.890	  13.460
2015.80548	  12.910	  14.530
2015.80822	   5.740	  14.130
2015.81096	   8.850	  13.940
2015.81370	   0.760	  14.840
2015.81644	  21.010	  13.510
2015.81918	   9.210	  12.420
2015.82192	  17.050	  12.560
2015.82466	   9.700	  11.940
2015.82740	  10.460	  12.360
2015.83014	  17.080	  15.170
2015.83288	  13.370	  14.950
2015.83562	  16.150	  13.130
2015.83836	  17.610	  13.850
2015.84110	  15.600	  14.300
2015.84384	  21.090	  13.060
2015.84658	  23.500	  12.400
2015.84932	  17.190	  13.060
2015.85205	  17.090	  13.300
2015.85479	  17.330	  12.910
2015.85753	  18.210	  14.080
2015.86027	  18.160	  12.920
2015.86301	  20.790	  12.840
2015.86575	  22.240	  12.140
2015.86849	  21.850	  12.640
2015.87123	  27.880	  14.090
2015.87397	  12.910	  13.260
2015.87671	  23.960	  12.410
2015.87945	  17.350	  12.160
2015.88219	  19.430	  12.520
2015.88493	  22.250	  14.850
2015.88767	   3.200	  17.230
2015.89041	   4.790	  15.040
2015.89315	  18.710	  11.860
2015.89589	  15.730	  13.360
2015.89863	   5.700	  14.450
2015.90137	  19.470	  13.350
2015.90411	  19.530	  11.950
2015.90685	  17.530	  11.970
2015.90959	  15.800	  11.810
2015.91233	  16.820	  12.360
2015.91507	  12.890	  11.270
2015.91781	  16.240	  11.650
2015.92055	  12.720	  12.110
2015.92329	   8.960	  11.350
2015.92603	  17.870	  12.820
2015.92877	  10.590	  14.840
2015.93151	  12.990	  12.890
2015.93425	  11.440	  12.060
2015.93699	  15.110	  11.260
2015.93973	   5.240	  14.560
2015.94247	   8.520	  12.940
2015.94795	   9.840	  11.630
2015.95068	  17.170	  12.360
2015.95342	  10.220	  11.350
2015.95616	  22.980	  10.860
2015.95890	   7.490	  11.130
2015.96164	  15.690	  10.760
2015.96438	  18.100	  10.330
2015.96712	  10.260	  11.700
2015.96986	  13.080	  12.250
2015.97260	  13.980	  12.290
2015.97534	  17.260	  11.180
2015.97808	  13.260	  11.020
2015.98082	  12.590	  11.370
2015.98356	  13.600	  11.230
2015.98630	  15.380	  10.750
2015.98904	  19.160	  11.700
2015.99178	  17.560	  10.800
2015.99452	  16.470	  10.290
2015.99726	  15.820	  10.470
2016.00000	  12.480	  10.500
2016.00273	  17.060	  10.570
2016.00546	  20.220	  13.500
2016.00820	  19.530	  14.740
2016.01093	  23.470	  11.640
2016.01366	  12.840	  14.100
2016.01639	  11.880	  13.680
2016.01913	  14.950	  12.720
2016.02186	  16.010	  11.420
2016.02459	  11.760	  11.140
2016.02732	  18.300	  11.810
2016.03005	  17.980	  12.580
2016.03279	  10.140	  13.690
2016.03552	  20.340	  13.470
2016.03825	   9.730	  11.540
2016.04098	   7.250	  12.980
2016.04372	  19.420	  13.800
2016.04645	   7.630	  14.990
2016.04918	  12.680	  11.300
2016.05191	  12.870	  11.670
2016.05464	  12.870	  11.670
2016.05738	  13.190	  11.340
2016.06011	  18.820	  11.340
2016.06284	  11.010	  11.620
2016.06557	  15.540	  11.240
2016.06831	   3.880	  11.400
2016.07104	   7.720	  11.390
2016.07377	  16.250	  11.820
2016.07650	  19.550	  12.640
2016.07923	  16.340	  16.060
2016.08197	  30.700	  12.240
2016.08470	  17.820	  11.260
2016.08743	  23.090	  12.810
2016.09016	  21.130	  11.260
2016.09290	  24.050	  11.250
2016.09563	  17.150	  14.140
2016.10383	  25.360	  11.480
2016.10656	  24.320	  11.150
2016.10929	  23.330	  11.130
2016.11202	  29.860	  11.580
2016.11475	  28.810	  17.570
2016.11749	  37.530	  14.530
2016.12022	  28.350	  12.330
2016.12295	  34.910	  12.830
2016.12568	  28.970	  11.720
2016.12842	  32.270	  11.210
2016.13115	  34.390	  11.130
2016.13388	  30.330	  10.840
2016.13661	  30.470	  11.160
2016.13934	  30.450	  11.380
2016.14208	  29.530	  11.150
2016.14481	  28.410	  11.030
2016.14754	  35.600	  11.200
2016.15027	  23.800	  10.790
2016.15301	  20.290	  10.740
2016.15574	  25.350	  11.210
2016.15847	  27.130	  11.260
2016.16120	  30.760	  12.450
2016.16393	  26.020	  11.800
2016.16667	  24.610	  12.150
2016.16940	  29.570	  12.230
2016.17213	  31.960	  11.720
2016.17486	  32.810	  11.780
2016.17760	  35.880	  14.040
2016.18033	  35.310	  11.060
2016.18306	  32.930	  11.430
2016.18579	  38.510	  13.050
2016.18852	  34.970	  13.770
2016.19126	  25.000	  13.010
2016.19399	  24.550	  11.210
2016.19672	  31.580	  11.500
2016.19945	  24.980	  14.420
2016.20219	  27.950	  11.550
2016.20492	  24.500	  11.570
2016.20765	  26.960	  11.040
2016.21038	  27.090	  11.820
2016.21311	  37.220	  12.960
2016.21585	  32.250	  12.580
2016.21858	  31.180	  11.750
2016.22131	  40.890	  11.870
2016.22404	  31.610	  11.660
2016.22678	  28.240	  15.600
2016.22951	  29.820	  11.060
2016.23224	  29.190	  11.360
2016.23497	  42.030	  11.170
2016.23770	  34.400	  11.250
2016.24044	  34.730	  11.240
2016.24317	  35.640	  11.410
2016.24590	  30.760	  11.760
2016.24863	  31.440	  11.940
2016.25137	  41.920	  12.300
2016.25410	  42.980	  13.850
2016.25683	  42.070	  13.000
2016.25956	  43.320	  12.050
2016.26230	  35.090	  11.700
2016.26503	  44.720	  12.140
2016.26776	  45.660	  12.550
2016.27049	  38.900	  13.210
2016.27322	  48.930	  13.970
2016.27596	  26.860	  18.330
2016.27869	  37.520	  16.230
2016.28142	  44.500	  15.050
2016.28415	  43.010	  21.450
2016.28689	  56.150	  24.040
2016.28962	  36.570	  16.710
2016.29235	  41.300	  16.150
2016.29508	  32.440	  14.920
2016.29781	  33.730	  17.030
2016.30055	  41.680	  14.360
2016.30328	  34.220	  14.660
2016.30601	  36.740	  14.800
2016.30874	  31.890	  13.620
2016.31148	  39.480	  14.680
2016.31421	  37.300	  15.190
2016.31694	  38.950	  15.590
2016.31967	  35.300	  15.910
2016.32240	  28.530	  15.790
2016.32514	  33.600	  15.320
2016.32787	  31.340	  14.260
2016.33060	  31.360	  13.400
2016.33333	  39.750	  15.050
2016.33607	  31.120	  15.100
2016.33880	  39.770	  14.760
2016.34153	  32.180	  13.780
2016.34426	  40.360	  14.610
2016.34699	  34.900	  14.840
2016.34973	  34.680	  14.490
2016.35246	  40.170	  14.300
2016.35519	  32.000	  14.640
2016.35792	  38.670	  19.350
2016.36066	  30.590	  19.030
2016.36339	  28.000	  16.840
2016.36612	  34.020	  18.510
2016.36885	  34.320	  17.670
2016.37158	  36.010	  15.660
2016.37432	  34.540	  15.140
2016.37705	  30.800	  12.500
2016.37978	  35.350	  13.560
2016.38251	  26.520	  13.410
2016.38525	  37.250	  21.320
2016.38798	  22.310	  16.590
2016.39071	  23.630	  19.340
2016.40437	  38.750	  16.890
2016.40710	  38.470	  15.100
2016.40984	  40.150	  14.890
2016.41257	  42.730	  16.190
2016.41530	  37.490	  14.010
2016.41803	  34.040	  14.770
2016.42077	  30.330	  16.800
2016.42350	  31.200	  14.220
2016.42623	  41.370	  15.930
2016.42896	  32.920	  20.240
2016.43169	  42.280	  16.400
2016.43443	  32.210	  24.070
2016.43716	  30.160	  18.960
2016.43989	  37.010	  15.380
2016.44262	  35.270	  17.130
2016.44536	  34.010	  16.390
2016.44809	  52.080	  18.640
2016.45082	  38.690	  22.270
2016.45355	  18.660	  20.720
2016.45628	  31.060	  15.510
2016.45902	  31.830	  14.600
2016.46175	  37.450	  15.890
2016.46448	  36.920	  21.760
2016.46721	  35.350	  17.900
2016.46995	  23.310	  16.270
2016.47268	  40.640	  15.470
2016.47541	  34.680	  16.700
2016.47814	  35.130	  17.130
2016.48087	  27.170	  18.340
2016.48361	  31.590	  16.550
2016.48634	  16.250	  20.420
2016.48907	  30.660	  17.070
2016.49180	  44.980	  18.110
2016.49454	  18.810	  18.240
2016.49727	  16.800	  18.850
2016.50000	  21.550	  17.210
2016.50273	  29.310	  16.180
2016.50546	  29.140	  17.370
2016.50820	  38.450	  17.160
2016.51093	  35.650	  17.500
2016.51366	  32.480	  19.860
2016.51639	  38.850	  17.260
2016.51913	  55.570	  22.140
2016.52186	  37.900	  18.770
2016.52459	  33.400	  19.940
2016.52732	  29.860	  22.940
2016.53005	  33.120	  23.940
2016.53279	  44.250	  18.140
2016.54918	  33.510	  16.010
2016.55191	  41.790	  33.330
2016.57104	  34.850	  17.750
2016.57377	  37.040	  18.060
2016.57650	  31.760	  20.650
2016.57923	  24.980	  20.480
2016.58197	  47.860	  20.040
2016.58470	  39.700	  20.540
2016.58743	  37.720	  14.480
2016.59016	  36.330	  15.070
2016.59290	  38.720	  14.470
2016.59563	  34.550	  13.860
2016.59836	  31.000	  18.580
2016.60109	  46.420	  23.480
2016.60383	  41.940	  23.560
2016.60656	  33.350	  19.850
2016.60929	  57.680	  21.830
2016.61202	  26.210	  18.820
2016.61475	  40.650	  14.690
2016.61749	  41.270	  15.030
2016.62022	  36.000	  15.860
2016.62295	  37.530	  18.600
2016.62568	  33.380	  18.260
2016.62842	  33.970	  18.030
2016.63115	  42.290	  21.310
2016.63388	  38.400	  19.840
2016.63661	  43.070	  18.200
2016.64208	  47.550	  18.650
2016.64481	  34.830	  17.100
2016.64754	  31.100	  18.740
2016.65027	  43.230	  16.800
2016.65301	  48.310	  20.770
2016.65574	  42.900	  22.070
2016.65847	  16.700	  21.220
2016.66120	  36.800	  23.100
2016.66393	  33.660	  16.260
2016.66667	  47.060	  16.410
2016.66940	  35.460	  17.540
2016.67213	  34.920	  25.890
2016.67486	  42.100	  19.030
2016.67760	  36.010	  17.750
2016.68033	  20.010	  22.260
2016.68306	  28.490	  20.580
2016.68579	  39.450	  16.660
2016.68852	  24.540	  18.170
2016.69126	  38.580	  15.920
2016.69399	  40.870	  16.420
2016.69672	  29.210	  21.080
2016.69945	  27.170	  18.600
2016.70219	  43.400	  17.220
2016.70492	  44.490	  26.610
2016.70765	  31.290	  22.050
2016.71038	  44.840	  21.520
2016.71311	  23.340	  20.530
2016.71585	  35.290	  15.650
2016.71858	  36.870	  20.950
2016.72131	  31.090	  18.990
2016.72404	  28.040	  17.920
2016.72678	  39.010	  21.750
2016.72951	  33.080	  19.920
2016.73224	  41.340	  16.900
2016.73497	  34.580	  19.360
2016.74317	  14.500	  33.580
2016.74590	  19.950	  21.240
2016.74863	  34.850	  18.220
2016.75137	  24.360	  18.900
2016.75410	  40.510	  18.050
2016.75683	  39.100	  17.190
2016.75956	  38.640	  24.180
2016.76230	  52.570	  21.810
2016.76503	  44.600	  20.180
2016.76776	  37.790	  19.060
2016.77049	  36.040	  18.340
2016.77322	  21.410	  18.860
2016.77596	  36.690	  18.720
2016.77869	  47.840	  19.400
2016.78142	  29.630	  19.130
2016.78415	  25.840	  20.550
2016.78689	  41.220	  17.610
2016.78962	  31.840	  21.770
2016.79235	  27.880	  19.610
2016.79508	  47.680	  19.210
2016.79781	  36.590	  17.040
2016.80055	  52.240	  21.460
2016.80328	  27.450	  28.180
2016.80601	  42.230	  18.740
2016.80874	  30.920	  16.660
2016.81148	  48.570	  16.440
2016.81421	  40.540	  15.270
2016.81694	  37.200	  15.400
2016.81967	  30.230	  18.990
2016.82240	  40.980	  14.350
2016.82514	  45.220	  15.650
2016.82787	  46.200	  28.830
2016.83607	  35.170	  16.540
2016.84153	  30.180	  18.070
2016.84699	  36.270	  30.690
2016.84973	  30.300	  20.040
2016.85519	  38.400	  28.090
2016.85792	  33.650	  16.410
2016.86339	  29.610	  18.960
2016.86612	  38.360	  17.480
2016.86885	  31.440	  21.380
2016.87158	  38.990	  19.130
2016.87432	  39.660	  21.180
2016.87705	  37.100	  22.930
2016.88251	  40.200	  13.250
2016.88525	  39.210	  15.010
2016.88798	  39.330	  14.080
2016.89071	  42.450	  13.440
2016.89344	  35.540	  13.580
2016.89617	  35.050	  14.450
2016.89891	  39.270	  13.150
2016.90164	  25.200	  12.990
2016.90437	  37.780	  15.290
2016.90710	  47.250	  16.560
2016.90984	  40.390	  15.920
2016.91257	  33.580	  14.480
2016.91530	  33.420	  15.400
2016.91803	  34.360	  14.760
2016.92077	  30.980	  13.450
2016.92350	  30.380	  12.780
2016.92623	  33.430	  14.500
2016.92896	  34.450	  14.080
2016.93169	  39.220	  13.590
2016.93443	  36.590	  13.220
2016.93716	  38.880	  14.380
2016.93989	  33.390	  14.300
2016.94262	  33.390	  13.990
2016.94536	  30.660	  13.790
2016.94809	  28.930	  13.870
2016.95082	  27.770	  13.260
2016.95355	  32.010	  12.830
2016.95628	  33.910	  11.380
2016.95902	  37.030	  12.260
2016.96175	  28.280	  12.570
2016.96448	  32.840	  12.780
2016.96721	  40.170	  12.930
2016.96995	  31.760	  13.240
2016.97268	  34.270	  12.990
2016.97541	  34.390	  12.910
2016.97814	  35.130	  12.410
2016.98087	  34.750	  12.060
2016.98361	  33.550	  11.860
2016.98634	  37.930	  13.380
2016.98907	  29.510	  14.410
2016.99180	  34.250	  13.150
2016.99454	  39.430	  12.950
2016.99727	  36.770	  13.260
2017.00000	  36.200	  12.950
2017.00274	  32.880	  12.270
2017.00548	  34.490	  12.590
2017.00822	  38.230	  11.880
2017.01096	  37.870	  11.810
2017.01370	  37.930	  11.890
2017.01644	  35.200	  12.170
2017.01918	  38.600	  12.570
2017.02192	  37.160	  12.700
2017.02466	  27.390	  12.640
2017.02740	  38.890	  13.020
2017.03014	  37.170	  13.180
2017.03288	  45.230	  13.080
2017.03562	  36.500	  12.140
2017.03836	  39.490	  11.520
2017.04110	  37.940	  11.770
2017.04384	  38.400	  12.230
2017.04658	  31.670	  12.410
2017.04932	  43.940	  12.310
2017.05205	  35.510	  12.470
2017.05479	  35.740	  12.100
2017.05753	  34.510	  12.750
2017.06027	  37.940	  12.500
2017.06301	  37.070	  11.680
2017.06575	  40.860	  11.990
2017.06849	  37.140	  12.540
2017.07123	  48.060	  12.380
2017.07397	  47.680	  12.830
2017.07671	  44.190	  12.250
2017.07945	  50.010	  12.720
2017.08219	  43.850	  14.290
2017.08493	  38.740	  13.960
2017.08767	  39.140	  12.810
2017.09041	  40.270	  11.700
2017.09315	  37.050	  14.180
2017.09589	  46.390	  14.360
2017.09863	  35.360	  13.840
2017.10137	  40.470	  12.440
2017.10411	  39.210	  13.110
2017.10685	  40.850	  13.210
2017.10959	  45.360	  11.060
2017.11233	  38.300	  11.370
2017.11507	  39.510	  11.210
2017.11781	  37.870	  11.230
2017.12055	  38.780	  12.040
2017.12329	  34.780	  11.890
2017.12603	  36.880	  11.570
2017.12877	  44.010	  11.870
2017.13151	  37.170	  12.260
2017.13425	  39.510	  13.360
2017.13699	  39.170	  14.250
2017.13973	  43.110	  12.900
2017.14247	  47.420	  13.910
2017.14521	  45.140	  14.570
2017.14795	  45.710	  12.570
2017.15068	  42.830	  12.160
2017.15616	  39.810	  12.110
2017.15890	  40.840	  11.680
2017.16164	  44.110	  11.670
2017.16438	  37.180	  12.140
2017.16712	  41.710	  11.780
2017.16986	  41.400	  11.340
2017.17260	  37.180	  11.410
2017.17534	  45.290	  12.550
2017.17808	  38.150	  11.920
2017.18082	  41.010	  11.580
2017.18356	  38.110	  12.250
2017.18630	  40.480	  12.030
2017.18904	  44.380	  13.660
2017.19178	  35.840	  11.830
2017.19452	  39.940	  11.560
2017.19726	  39.480	  12.690
2017.20000	  40.210	  12.070
2017.20274	  32.830	  12.410
2017.20548	  43.640	  12.690
2017.20822	  39.520	  11.880
2017.21096	  40.900	  12.830
2017.21370	  41.390	  13.070
2017.21644	  36.530	  12.680
2017.21918	  41.240	  14.020
2017.22192	  37.600	  16.940
2017.22466	  45.480	  13.820
2017.22740	  42.350	  13.420
2017.23014	  39.390	  13.700
2017.23288	  35.380	  13.650
2017.23562	  40.690	  13.830
2017.23836	  34.960	  14.200
2017.24110	  35.370	  13.430
2017.24384	  42.060	  13.980
2017.24658	  44.190	  17.790
2017.24932	  23.880	  14.370
2017.25205	  32.870	  17.980
2017.25479	  35.560	  13.460
2017.25753	  36.480	  13.390
2017.26027	  41.600	  13.090
2017.26301	  49.090	  14.610
2017.26575	  40.630	  14.140
2017.26849	  50.030	  16.000
2017.27123	  36.200	  15.660
2017.27397	  43.260	  14.590
2017.27671	  31.240	  19.590
2017.27945	  45.140	  17.850
2017.28219	  32.070	  14.390
2017.28493	  34.070	  13.600
2017.28767	  28.680	  14.230
2017.29041	  30.710	  13.980
2017.29315	  39.680	  14.280
2017.29589	  41.270	  15.090
2017.29863	  42.980	  21.400
2017.30137	  27.070	  16.390
2017.30411	  38.840	  19.080
2017.30685	  46.160	  14.920
2017.30959	  41.530	  13.260
2017.31233	  26.430	  12.310
2017.31507	  37.450	  13.320
2017.31781	  34.490	  13.310
2017.32055	  29.920	  13.820
2017.32329	  27.570	  13.170
2017.32603	  29.820	  13.530
2017.32877	  40.080	  14.360
2017.33151	  40.080	  12.720
2017.33425	  29.720	  14.500
2017.33699	  34.130	  13.480
2017.33973	  38.490	  13.390
2017.34247	  40.900	  14.870
2017.34521	  39.070	  15.630
2017.34795	  38.890	  13.190
2017.35068	  31.690	  14.010
2017.35342	  39.090	  15.390
2017.35616	  36.250	  17.430
2017.35890	  35.100	  14.900
2017.36164	  35.020	  15.060
2017.36438	  36.680	  14.340
2017.36712	  42.690	  14.420
2017.36986	  34.920	  13.640
2017.37260	  35.900	  14.320
2017.37534	  27.470	  14.140
2017.37808	  35.350	  16.980
2017.38082	  45.090	  13.950
2017.38356	  41.670	  13.890
2017.38630	  38.380	  13.930
2017.38904	  34.880	  12.850
2017.39178	  38.950	  14.970
2017.39452	  41.190	  18.840
2017.39726	  38.420	  17.970
2017.40000	  36.880	  13.040
2017.40274	  26.710	  12.610
2017.40548	  29.390	  14.180
2017.40822	  31.420	  15.010
2017.41096	  32.780	  18.610
2017.41370	  41.100	  15.430
2017.41644	  51.960	  21.490
2017.41918	  28.370	  17.830
2017.42192	  49.180	  18.950
2017.42466	  31.990	  20.120
2017.42740	  33.590	  14.760
2017.43014	  42.960	  14.450
2017.43288	  41.950	  17.860
2017.43562	  27.350	  19.400
2017.43836	  35.430	  16.640
2017.44110	  29.910	  15.510
2017.44384	  29.760	  14.330
2017.44658	  36.080	  19.370
2017.44932	  36.900	  18.020
2017.45205	  39.890	  19.980
2017.45479	  45.830	  20.880
2017.45753	  41.650	  24.310
2017.46301	  40.530	  19.690
2017.46575	  35.280	  17.850
2017.46849	  29.130	  18.230
2017.47123	  36.080	  15.510
2017.47397	  34.640	  14.670
2017.47671	  29.280	  16.320
2017.47945	  37.810	  19.680
2017.48219	  34.750	  14.960
2017.48493	  39.020	  13.870
2017.48767	  33.280	  14.940
2017.49041	  38.920	  17.060
2017.49315	  36.840	  17.160
2017.49589	  39.470	  17.150
2017.49863	  36.420	  15.530
2017.50137	  38.360	  29.860
2017.50411	  44.690	  18.800
2017.50685	  56.060	  18.150
2017.50959	  41.630	  17.070
2017.51233	  30.870	  17.850
2017.51507	  46.060	  15.260
2017.51781	  33.170	  18.220
2017.52055	  17.920	  17.170
2017.52603	  26.280	  17.040
2017.52877	  37.880	  18.600
2017.53151	  43.670	  18.680
2017.53425	  31.780	  17.230
2017.53699	  28.770	  18.510
2017.53973	  32.910	  18.050
2017.54247	  41.020	  13.860
2017.54521	  42.390	  15.190
2017.54795	  38.480	  14.710
2017.55068	  40.500	  14.830
2017.55342	  46.690	  50.830
2017.55616	  44.900	  14.800
2017.55890	  37.130	  15.260
2017.56164	  36.090	  18.770
2017.56438	  30.610	  18.600
2017.56712	  17.780	  21.620
2017.56986	  29.250	  17.700
2017.57260	  35.860	  18.040
2017.57534	  56.790	  22.940
2017.57808	  32.100	  25.350
2017.58082	  44.930	  24.580
2017.58356	  40.020	  23.390
2017.58630	  27.760	  16.510
2017.58904	  19.060	  18.630
2017.59178	  34.360	  17.670
2017.59452	  44.010	  16.510
2017.59726	  35.920	  16.490
2017.60000	  35.650	  17.780
2017.60274	  37.460	  16.620
2017.60548	  39.570	  18.120
2017.60822	  29.090	  18.830
2017.61096	  35.050	  16.400
2017.61370	  42.270	  16.090
2017.61644	  35.450	  14.210
2017.61918	  28.960	  15.230
2017.62192	  37.000	  15.970
2017.62466	  37.080	  16.510
2017.62740	  37.270	  15.510
2017.63014	  34.840	  18.130
2017.63288	  38.800	  19.840
2017.63562	  29.420	  18.650
2017.63836	  42.910	  21.340
2017.64110	  58.480	  21.380
2017.64384	  39.980	  14.950
2017.64658	  26.650	  15.360
2017.64932	  43.240	  16.330
2017.65205	  34.850	  16.850
2017.65479	  20.450	  15.810
2017.65753	  29.620	  16.880
2017.66027	  38.170	  18.670
2017.66301	  29.480	  19.220
2017.66575	  37.750	  16.780
2017.66849	  43.590	  21.390
2017.67123	  32.840	  17.480
2017.67397	  32.450	  18.670
2017.67671	  46.190	  20.040
2017.67945	  33.760	  16.830
2017.68219	  31.050	  14.850
2017.68493	  25.830	  15.200
2017.68767	  35.330	  14.870
2017.69041	  31.910	  14.070
2017.69315	  30.920	  15.910
2017.69589	  30.500	  16.650
2017.69863	  33.170	  16.490
2017.70137	  34.340	  19.770
2017.70411	  43.640	  16.750
2017.70685	  32.610	  14.620
2017.70959	  33.370	  15.900
2017.71233	  38.170	  16.360
2017.71507	  28.510	  15.610
2017.71781	  34.290	  18.920
2017.72055	  31.910	  14.580
2017.72329	  28.960	  14.240
2017.72603	  30.760	  15.770
2017.72877	  25.840	  14.510
2017.73151	  32.700	  15.520
2017.73425	  35.750	  16.750
2017.73699	  33.100	  14.800
2017.73973	  36.620	  14.470
2017.74247	  36.910	  16.700
2017.74521	  48.510	  21.170
2017.74795	  36.780	  15.590
2017.75068	  28.570	  15.990
2017.75342	  40.990	  17.650
2017.75616	  45.360	  19.160
2017.75890	  40.370	  20.180
2017.76164	  21.530	  15.450
2017.76438	  39.950	  17.150
2017.76712	  26.850	  19.050
2017.76986	  29.800	  24.250
2017.77260	  42.530	  20.860
2017.77534	  29.860	  22.110
2017.77808	  41.370	  18.880
2017.78082	  34.710	  19.260
2017.78630	  44.010	  19.140
2017.78904	  34.310	  22.170
2017.79178	  25.530	  19.870
2017.79452	  26.880	  18.410
2017.79726	  27.030	  15.570
2017.80000	  22.690	  15.210
2017.80274	  26.040	  13.040
2017.80548	  33.230	  13.170
2017.80822	  24.020	  13.260
2017.81096	  30.820	  13.840
2017.81370	  24.750	  13.790
2017.81644	  33.020	  13.980
2017.81918	  29.030	  13.840
2017.82192	  24.500	  13.490
2017.82466	  22.760	  13.550
2017.82740	  19.060	  13.800
2017.83014	  25.480	  13.710
2017.83288	  34.800	  13.090
2017.83562	  37.180	  13.730
2017.83836	  38.040	  15.070
2017.84110	  33.780	  14.470
2017.84384	  28.780	  13.940
2017.84658	  33.440	  13.460
2017.84932	  39.530	  14.140
2017.85205	  34.610	  14.500
2017.85479	  39.720	  13.390
2017.85753	  40.680	  13.360
2017.86301	  32.830	  15.080
2017.86575	  31.850	  12.670
2017.86849	  39.070	  12.860
2017.87123	  33.670	  13.690
2017.87397	  39.580	  13.260
2017.87671	  38.200	  13.240
2017.87945	  30.800	  13.460
2017.88219	  27.730	  14.480
2017.88493	  35.470	  12.430
2017.88767	  30.700	  12.270
2017.89041	  31.780	  12.910
2017.89315	  39.050	  13.060
2017.89589	  31.540	  13.840
2017.89863	  33.310	  12.620
2017.90137	  33.610	  12.680
2017.90411	  30.160	  12.780
2017.90685	  34.620	  12.930
2017.90959	  28.950	  12.380
2017.91233	  32.140	  13.220
2017.91507	  34.220	  13.170
2017.91781	  34.120	  15.520
2017.92055	  33.980	  14.540
2017.92329	  33.400	  13.430
2017.92603	  27.630	  13.050
2017.92877	  32.740	  12.460
2017.93151	  34.460	  13.390
2017.93425	  38.730	  13.290
2017.93699	  29.280	  12.060
2017.93973	  30.740	  13.070
2017.94247	  35.290	  12.430
2017.94521	  35.320	  12.610
2017.94795	  30.730	  12.410
2017.95342	  30.800	  12.820
2017.95616	  30.730	  12.690
2017.95890	  20.380	  13.810
2017.96164	  21.080	  14.080
2017.96438	  35.940	  13.870
2017.96712	  31.590	  15.600
2017.96986	  32.320	  15.910
2017.97260	  31.320	  12.350
2017.97534	  31.770	  11.810
2017.97808	  37.000	  12.180
2017.98082	  31.540	  13.270
2017.98356	  36.660	  11.990
2017.98630	  29.520	  12.000
2017.98904	  35.470	  12.360
2017.99178	  30.340	  13.470
2017.99452	  29.110	  12.540
2017.99726	  33.770	  12.720
2018.00000	  32.820	  12.440
2018.00274	  31.250	  12.830
2018.00548	  33.990	  12.390
2018.00822	  26.380	  12.760
2018.01096	  31.130	  13.570
2018.01370	  33.820	  13.140
2018.01644	  36.540	  12.760
2018.01918	  33.590	  12.570
2018.02192	  36.450	  14.430
2018.02466	  36.060	  14.310
2018.02740	  32.250	  12.950
2018.03014	  29.150	  13.030
2018.03288	  26.600	  12.350
2018.03562	  31.050	  12.090
2018.03836	  34.860	  13.360
2018.04110	  37.170	  12.700
2018.04384	  36.560	  13.100
2018.04658	  40.730	  13.500
2018.04932	  38.430	  13.310
2018.05205	  35.750	  13.590
2018.05479	  36.180	  12.700
2018.05753	  32.840	  14.650
2018.06027	  35.640	  13.820
2018.06301	  32.470	  12.820
2018.06575	  38.100	  13.020
2018.06849	  25.760	  13.390
2018.07123	  32.140	  13.540
2018.07397	  28.580	  13.770
2018.07671	  28.820	  15.330
2018.07945	  32.840	  13.240
2018.08219	  26.070	  12.580
2018.08493	  25.460	  13.160
2018.08767	  31.820	  12.710
2018.09041	  28.120	  12.580
2018.09315	  28.420	  12.080
2018.09589	  33.410	  11.980
2018.09863	  36.440	  12.810
2018.10137	  31.510	  13.270
2018.10411	  39.190	  13.210
2018.10685	  40.050	  12.710
2018.10959	  33.220	  12.860
2018.11233	  40.820	  13.200
2018.11507	  34.980	  12.500
2018.11781	  30.470	  12.450
2018.12055	  34.620	  12.440
2018.12329	  31.030	  12.600
2018.12603	  31.820	  13.650
2018.12877	  32.170	  17.110
2018.13151	  26.380	  12.980
2018.13425	  31.220	  12.970
2018.13699	  36.360	  12.820
2018.13973	  25.970	  14.490
2018.14247	  34.150	  13.670
2018.14521	  29.800	  13.890
2018.14795	  29.160	  13.170
2018.15068	  29.000	  13.680
2018.15342	  36.470	  13.790
2018.15616	  29.370	  12.680
2018.15890	  30.000	  14.800
2018.16164	  24.040	  15.540
