2012.00000      0.53
2012.00273     -1.81
2012.00546     -0.82
2012.00820     -0.83
2012.01093     -2.54
2012.01366     -1.87
2012.01639     -1.13
2012.01913     -2.37
2012.02186     -1.03
2012.02459     -2.19
2012.02732     -3.44
2012.03005     -3.27
2012.03279     -1.05
2012.03552     -1.59
2012.03825     -2.95
2012.04098     -2.04
2012.04372     -2.96
2012.04645     -1.81
2012.04918     -0.63
2012.05191     -1.55
2012.05464     -0.03
2012.05738      0.39
2012.06011     -1.20
2012.06284     -2.17
2012.06557     -1.00
2012.06831      0.84
2012.07104     -0.91
2012.07377     -1.21
2012.07650     -0.21
2012.07923     -3.77
2012.08197     -1.98
2012.08470     -0.33
2012.08743      1.55
2012.09016     -0.09
2012.09290     -1.22
2012.09563     -0.94
2012.09836     -2.66
2012.10109     -0.40
2012.10383      0.44
2012.10656     -0.52
2012.10929     -2.03
2012.11202     -0.26
2012.11475     -1.79
2012.11749     -1.05
2012.12022     -1.12
2012.12295     -3.40
2012.12568      0.44
2012.12842     -1.57
2012.13115      1.73
2012.13388      0.22
2012.13661      0.26
2012.13934     -2.61
2012.14208      1.00
2012.14481      0.09
2012.14754     -2.41
2012.15027      0.09
2012.15301     -1.97
2012.15574     -1.64
2012.15847     -0.31
2012.16120     -0.90
2012.16393     -1.84
2012.16667     -1.46
2012.16940     -0.15
2012.17213     -2.04
2012.17486      0.28
2012.17760     -0.52
2012.18033     -3.01
2012.18306     -3.21
2012.18579      2.70
2012.18852      2.03
2012.19126      3.27
2012.19399     -0.44
2012.19672     -0.55
2012.19945     -0.74
2012.20219      1.07
2012.20492     -2.72
2012.20765     -0.03
2012.21038      1.24
2012.21311     -1.82
2012.21585     -1.36
2012.21858     -0.55
2012.22131     -0.81
2012.22404     -1.06
2012.22678      1.97
2012.22951     -0.82
2012.23224     -0.30
2012.23497     -0.98
2012.23770      1.35
2012.24044      0.32
2012.24317     -1.11
2012.24590      0.13
2012.24863      0.83
2012.25137     -0.09
2012.25410      0.63
2012.25683      1.02
2012.25956      0.54
2012.26230     -1.13
2012.26503      2.50
2012.26776      3.30
2012.27049      2.22
2012.27322      2.08
2012.27596     -0.37
2012.27869     -2.59
2012.28142     -0.82
2012.28415      0.74
2012.28689     -0.35
2012.28962      1.71
2012.29235      1.93
2012.29508      1.96
2012.29781      1.42
2012.30055      1.05
2012.30328      1.47
2012.30601      1.82
2012.30874      2.11
2012.31148     -0.06
2012.31421      0.69
2012.31694     -1.76
2012.31967      1.88
2012.32240      2.39
2012.32514      2.91
2012.32787      1.98
2012.33060     -0.65
2012.33333     -1.32
2012.33607      4.45
2012.33880      0.65
2012.34153      1.12
2012.34426      1.87
2012.34699      1.80
2012.34973      2.04
2012.35246      0.04
2012.35519     -0.37
2012.35792      3.98
2012.36066      1.45
2012.36339      0.56
2012.36612      0.59
2012.36885     -0.03
2012.37158      1.41
2012.37432      2.42
2012.37705      2.15
2012.37978      1.72
2012.38251      0.32
2012.38525      0.24
2012.38798      2.84
2012.39071     -0.44
2012.39344      1.98
2012.39617      1.03
2012.39891      0.22
2012.40164      1.37
2012.40437      3.23
2012.40710      3.14
2012.40984     -1.23
2012.41257      0.23
2012.41530      2.14
2012.41803      1.50
2012.42077      0.48
2012.42350     -1.60
2012.42623     -0.06
2012.42896      3.09
2012.43169      0.07
2012.43443      1.54
2012.43716      2.16
2012.53005     -2.97
2012.53279     -0.89
2012.53552     -1.33
2012.53825     -2.93
2012.54098     -1.62
2012.54372      3.30
2012.54645      4.68
2012.54918      3.13
2012.55191      0.89
2012.55464      1.20
2012.55738      1.85
2012.56011      1.99
2012.56284      0.71
2012.56557      0.71
2012.56831      1.43
2012.57104      1.99
2012.57377      0.75
2012.57650      2.96
2012.57923      1.19
2012.58197      1.75
2012.58470      3.95
2012.58743     -1.00
2012.59016      4.01
2012.59563      3.80
2012.59836      3.47
2012.60109     -0.58
2012.60929      0.15
2012.61202      2.28
2012.61475     -0.89
2012.61749      1.12
2012.62022      2.50
2012.62295      2.34
2012.62568      0.74
2012.62842      1.25
2012.63115      3.32
2012.63388      1.36
2012.63661      2.06
2012.63934      2.72
2012.64208      0.95
2012.64481     -0.34
2012.64754      1.78
2012.65027      5.23
2012.65301      1.44
2012.65574      2.85
2012.65847     -2.55
2012.66120      2.93
2012.66393     -3.69
2012.66667     -0.41
2012.66940     -0.05
2012.67213     -0.37
2012.67486     -4.94
2012.67760     -1.14
2012.68033      0.74
2012.68306      3.09
2012.68579     -0.42
2012.68852     -0.78
2012.69126      2.67
2012.69399      0.33
2012.69672     -1.37
2012.69945      3.32
2012.70219      4.01
2012.70492      3.02
2012.70765      1.92
2012.71038      2.70
2012.71311      1.07
2012.71585      1.67
2012.71858      2.86
2012.72131      0.52
2012.72404      0.58
2012.72678      2.16
2012.73224     -0.08
2012.73497      1.36
2012.73770      1.77
2012.74044      2.36
2012.74317      1.09
2012.74590      0.70
2012.74863      3.63
2012.75137      3.12
2012.75410      2.83
2012.75683      1.34
2012.75956      1.71
2012.76230      1.12
2012.76503      4.18
2012.76776      1.25
2012.77049      3.45
2012.77322      0.32
2012.77596      3.03
2012.77869      3.43
2012.78142      2.75
2012.78415      3.04
2012.78689      2.11
2012.78962      3.97
2012.79235      1.70
2012.79508      2.51
2012.79781      2.35
2012.80055      1.89
2012.80328      0.78
2012.80601      3.68
2012.80874     -0.50
2012.81148      2.79
2012.81421      2.03
2012.81694      1.52
2012.81967      1.53
2012.82240     -0.67
2012.82514      1.30
2012.82787      2.43
2012.83060      2.49
2012.83333      0.58
2012.83607      2.11
2012.83880      1.31
2012.84153      1.64
2012.84426      2.75
2012.84699     -1.88
2012.84973      1.03
2012.85246     -0.32
2012.85519      2.50
2012.85792      2.28
2012.86066      0.96
2012.86339      1.96
2012.86612      1.79
2012.86885      2.68
2012.87158      1.59
2012.87432      2.09
2012.87705      1.45
2012.87978      3.90
2012.88251      3.38
2012.88525      1.87
2012.88798      1.69
2012.89071      1.77
2012.89344      2.04
2012.89617     -1.05
2012.89891     -0.15
2012.90164      0.33
2012.90437      0.02
2012.90710      0.11
2012.90984      1.54
2012.91257      0.21
2012.91530     -0.83
2012.91803      0.61
2012.92077      1.81
2012.92350      0.66
2012.92623      0.36
2012.92896      2.14
2012.93169      0.78
2012.93443      1.81
2012.93716      1.27
2012.93989      0.74
2012.94262     -1.66
2012.94536      0.84
2012.94809      0.25
2012.95082     -0.58
2012.95355      1.02
2012.95628     -0.04
2012.95902      2.15
2012.96175      1.68
2012.96448      1.59
2012.96721      0.76
2012.96995      0.25
2012.97268      0.58
2012.97541      1.84
2012.97814      0.86
2012.98087      0.30
2012.98361     -0.08
2012.98634     -0.10
2012.98907     -1.00
2012.99180      0.07
2012.99454     -1.00
2012.99727      1.34
2013.00000     -2.94
2013.00274      2.29
2013.00548      1.23
2013.00822      0.77
2013.01096      2.06
2013.01370      2.69
2013.01644      2.39
2013.01918      2.29
2013.02192      2.78
2013.02466      0.00
2013.02740      3.53
2013.03014     -0.86
2013.03288      3.35
2013.03562      1.81
2013.03836      0.59
2013.04110      0.52
2013.04384      0.84
2013.04658      3.28
2013.04932      0.37
2013.05205     -0.70
2013.05479      2.57
2013.05753      1.26
2013.06027      1.89
2013.06301      0.77
2013.06575     -0.03
2013.06849      0.41
2013.07123     -0.33
2013.07397     -0.46
2013.07671      0.76
2013.07945      0.59
2013.08219     -0.23
2013.08493     -0.66
2013.08767     -1.00
2013.09041      0.73
2013.09315      0.49
2013.09589      0.86
2013.09863      0.49
2013.10137      0.79
2013.10411      1.13
2013.10685      0.92
2013.10959      1.96
2013.11233     -0.23
2013.11507      2.98
2013.11781      1.85
2013.12055     -1.33
2013.12329      1.79
2013.12603      1.52
2013.12877     -0.09
2013.13151     -0.05
2013.13425      0.74
2013.13699      2.93
2013.13973      0.48
2013.14247     -0.75
2013.14521      2.03
2013.14795     -0.51
2013.15342      1.37
2013.15616     -0.04
2013.15890      0.91
2013.16164      1.27
2013.16438     -1.90
2013.16712      2.26
2013.16986      1.49
2013.17260      1.63
2013.17534      0.73
2013.17808      1.16
2013.18082     -0.70
2013.18356     -0.03
2013.18630     -2.09
2013.18904      0.92
2013.19178     -0.96
2013.19452      0.88
2013.19726      0.37
2013.20000     -0.80
2013.20274      0.57
2013.20548      0.13
2013.20822     -0.47
2013.21096      0.85
2013.21370      0.15
2013.21644     -1.34
2013.21918      0.64
2013.22192      0.30
2013.22466      1.84
2013.22740     -1.61
2013.23014      2.47
2013.23288      0.74
2013.23562      0.49
2013.23836      3.13
2013.24110      0.36
2013.24384      0.98
2013.24658      0.76
2013.24932     -0.72
2013.25205     -0.98
2013.25479      1.60
2013.25753     -0.35
2013.26027      0.40
2013.26301      0.39
2013.26575      1.65
2013.26849     -0.40
2013.27123      2.09
2013.27397      0.05
2013.27671      0.55
2013.27945      2.16
2013.28219      0.01
2013.28493     -0.42
2013.28767      0.21
2013.29041     -2.36
2013.29315      0.88
2013.29589      1.56
2013.29863      1.50
2013.30137      0.69
2013.30411      2.33
2013.30685      2.25
2013.31233      1.57
2013.31507     -0.10
2013.31781      1.94
2013.32055      0.30
2013.32329      0.62
2013.32603      0.19
2013.32877      0.74
2013.33151      1.79
2013.33425      1.02
2013.33699      2.05
2013.33973      3.14
2013.34247      0.48
2013.34521     -1.23
2013.34795      0.94
2013.35068      0.13
2013.35342     -0.68
2013.35616      3.37
2013.35890     -1.64
2013.36164      0.08
2013.36438      1.28
2013.36712      2.26
2013.36986     -0.49
2013.37260     -1.32
2013.37534      1.80
2013.37808     -0.90
2013.38082      0.40
2013.38356     -3.36
2013.38630      0.43
2013.38904     -3.15
2013.39178     -0.35
2013.39452      0.88
2013.39726     -1.67
2013.40000     -1.27
2013.40274     -2.77
2013.40548     -0.46
2013.40822     -0.37
2013.41096     -0.57
2013.41370     -1.24
2013.41644     -3.08
2013.41918     -0.02
2013.42192     -3.05
2013.42466     -2.37
2013.42740     -0.78
2013.43014     -1.11
2013.43288     -1.17
2013.43562     -2.31
2013.43836     -2.88
2013.44110     -3.34
2013.44384     -0.21
2013.44658     -0.18
2013.44932     -2.87
2013.45205     -1.69
2013.45479      0.45
2013.45753     -2.47
2013.46027     -2.21
2013.46301     -1.97
2013.46575     -2.58
2013.46849      2.12
2013.47123     -0.43
2013.47397     -1.71
2013.47671     -1.14
2013.47945     -3.52
2013.48219     -2.88
2013.48493     -3.65
2013.48767     -0.30
2013.49041     -1.09
2013.49315     -0.24
2013.49589     -0.31
2013.49863     -1.05
2013.50137     -1.07
2013.50411      2.86
2013.50685      0.80
2013.50959      0.54
2013.51233     -2.93
2013.51507     -0.85
2013.51781      0.30
2013.52055     -3.11
2013.52329      0.31
2013.52603     -0.24
2013.52877     -1.00
2013.53151      0.28
2013.53425      0.31
2013.53699      2.17
2013.53973      1.33
2013.54247      0.97
2013.54521     -2.23
2013.54795     -0.52
2013.55616     -2.79
2013.55890     -0.44
2013.56164      0.28
2013.56438      1.50
2013.56712     -3.30
2013.56986      1.28
2013.57260      2.61
2013.57534     -0.56
2013.57808     -2.09
2013.58082     -0.01
2013.58356     -1.02
2013.58630     -2.46
2013.58904     -5.88
2013.59178     -0.59
2013.59452     -1.69
2013.59726      0.01
2013.60000     -4.22
2013.60274      0.36
2013.60548      1.52
2013.60822     -4.26
2013.61096      1.97
2013.61370     -1.47
2013.61644      1.61
2013.61918     -2.08
2013.62192     -0.85
2013.62466     -3.99
2013.62740     -2.60
2013.63014      0.70
2013.63288     -0.54
2013.63562     -1.94
2013.63836      0.03
2013.64110     -2.89
2013.64384     -2.11
2013.64658     -1.74
2013.64932     -2.33
2013.65479      0.71
2013.65753     -1.75
2013.66027     -3.91
2013.66301     -0.10
2013.66575     -2.51
2013.66849      0.72
2013.67123      0.99
2013.67671     -1.86
2013.68219     -0.26
2013.68493     -2.41
2013.68767     -0.11
2013.69041     -3.74
2013.69315     -0.36
2013.69589     -2.54
2013.69863     -0.68
2013.70137     -2.19
2013.70411     -2.71
2013.70685     -1.41
2013.70959     -1.86
2013.71233      1.07
2013.71507     -1.94
2013.71781     -2.31
2013.72055     -2.08
2013.72329     -0.31
2013.72603     -0.20
2013.72877      2.19
2013.73151      2.39
2013.73425     -0.04
2013.73699     -3.52
2013.73973     -1.13
2013.74247      0.25
2013.74521      0.22
2013.74795     -3.32
2013.75068     -0.53
2013.75342     -3.72
2013.75616     -1.58
2013.75890     -0.14
2013.76164     -1.24
2013.76438      0.84
2013.76712      0.35
2013.76986     -1.09
2013.77260     -2.64
2013.77534     -3.35
2013.77808      0.48
2013.78082     -0.01
2013.78356     -0.89
2013.78630     -0.11
2013.78904      0.22
2013.79178     -0.49
2013.79452      2.77
2013.79726      0.63
2013.80000     -1.71
2013.80274      0.60
2013.80548     -1.41
2013.80822     -0.56
2013.81096     -1.92
2013.81370     -1.85
2013.81644      0.69
2013.81918     -2.66
2013.82192     -3.30
2013.82466      0.26
2013.82740     -1.51
2013.83014     -1.09
2013.83288     -3.08
2013.83562     -0.70
2013.83836     -1.21
2013.84110     -1.92
2013.84384     -4.15
2013.84658     -2.36
2013.84932     -2.70
2013.85205     -2.17
2013.85479     -2.03
2013.85753     -1.33
2013.86027      0.10
2013.86301     -1.55
2013.86575     -0.45
2013.86849     -2.07
2013.87123     -3.95
2013.87397     -1.62
2013.87671     -0.09
2013.87945     -0.79
2013.88219     -2.06
2013.88493     -0.21
2013.88767     -0.31
2013.89041     -0.99
2013.89315     -3.92
2013.89589     -1.06
2013.89863     -1.93
2013.90137      1.08
2013.90411     -3.65
2013.90685     -1.64
2013.90959     -0.55
2013.91233     -1.97
2013.91507     -2.68
2013.91781     -2.47
2013.92055     -2.33
2013.92329     -3.78
2013.92603     -2.12
2013.92877     -1.26
2013.93151     -0.80
2013.93425      0.45
2013.93699     -1.48
2013.93973     -1.41
2013.94247     -1.08
2013.94521     -2.58
2013.94795     -1.03
2013.95068      0.24
2013.95342     -1.96
2013.95616     -0.33
2013.95890      0.02
2013.96164     -0.17
2013.96438     -1.26
2013.96712     -1.63
2013.96986     -1.60
2013.97260     -3.17
2013.97534      0.20
2013.97808      0.22
2013.98082     -0.74
2013.98356     -0.23
2013.98630     -2.18
2013.98904     -3.47
2013.99726     -3.12
2014.00000     -2.35
2014.00274     -2.33
2014.00548     -1.43
2014.00822     -4.20
2014.01096     -2.49
2014.01370     -1.35
2014.01644     -0.82
2014.01918     -2.54
2014.02192     -1.41
2014.02466     -0.08
2014.02740     -1.03
2014.03014     -0.88
2014.03288     -1.35
2014.03562     -1.26
2014.03836     -3.16
2014.04110     -2.85
2014.04384     -1.57
2014.04658     -1.72
2014.04932     -0.92
2014.05205     -1.66
2014.05479     -1.16
2014.05753     -0.64
2014.06027     -3.80
2014.06301     -1.37
2014.06575     -3.28
2014.06849     -2.37
2014.07123     -2.04
2014.07397     -3.99
2014.07671     -3.30
2014.07945     -3.10
2014.08219     -2.84
2014.08493     -5.20
2014.08767     -4.33
2014.09041     -2.61
2014.09315     -3.89
2014.09589     -3.04
2014.09863     -3.86
2014.10137     -2.41
2014.10411     -2.42
2014.10685     -1.17
2014.10959      0.41
2014.11233      0.45
2014.11507      0.97
2014.11781      0.55
2014.12055     -0.99
2014.12329     -2.70
2014.12603     -0.36
2014.12877     -1.16
2014.13151     -1.29
2014.13425     -0.59
2014.13699     -1.48
2014.13973      0.16
2014.14247      0.69
2014.14521      0.75
2014.14795     -1.71
2014.15068     -0.90
2014.15342     -1.61
2014.15616      2.91
2014.15890     -1.28
2014.16164      0.55
2014.16438     -0.48
2014.16712     -0.77
2014.16986     -2.01
2014.17260     -3.19
2014.17534     -2.36
2014.17808     -0.27
2014.18082      0.45
2014.18356      1.85
2014.18630      0.14
2014.18904     -2.11
2014.19178     -1.70
2014.19452      1.56
2014.19726      2.99
2014.20000      0.75
2014.20274     -2.80
2014.20548     -1.06
2014.20822     -2.77
2014.21096     -2.23
2014.21370     -0.03
2014.21644     -2.02
2014.21918     -1.15
2014.22192     -1.65
2014.22466      0.50
2014.22740     -3.09
2014.23014     -2.41
2014.23288     -1.45
2014.23562     -2.42
2014.23836     -2.72
2014.24110     -3.93
2014.24384     -1.28
2014.24658     -3.47
2014.24932     -3.94
2014.25205     -2.03
2014.25479     -2.06
2014.25753     -1.55
2014.26027     -1.25
2014.26301     -0.62
2014.26575     -1.93
2014.26849     -0.62
2014.27123     -2.44
2014.27397      1.48
2014.27671      0.84
2014.27945     -1.88
2014.28219      1.67
2014.28493      0.58
2014.28767     -0.08
2014.29041     -2.12
2014.29315     -4.86
2014.29589     -2.07
2014.29863     -1.01
2014.30137     -1.27
2014.30411     -1.39
2014.30685     -2.10
2014.30959     -1.54
2014.31233      0.59
2014.31507     -2.98
2014.31781     -2.00
2014.32055      0.92
2014.32329     -2.15
2014.32603     -3.59
2014.32877     -3.21
2014.33151      1.23
2014.33425     -0.75
2014.33699     -2.24
2014.33973     -3.15
2014.34247     -3.15
2014.34521     -0.86
2014.34795     -2.87
2014.35068     -1.74
2014.35342     -1.10
2014.35616     -2.24
2014.35890     -3.42
2014.36164     -2.18
2014.36438      0.27
2014.36712     -5.49
2014.36986     -4.11
2014.37260     -3.48
2014.37534     -1.75
2014.37808     -3.83
2014.38082     -3.58
2014.38630     -1.77
2014.38904     -2.86
2014.39178     -2.99
2014.39452     -3.85
2014.39726     -1.30
2014.40000     -4.56
2014.40274     -4.26
2014.40548     -2.90
2014.40822     -6.14
2014.41096     -4.46
2014.41370     -2.17
2014.41644     -4.22
2014.41918     -5.61
2014.42192     -6.05
2014.42466     -2.29
2014.42740     -6.37
2014.43014     -4.69
2014.43288     -3.31
2014.43562     -4.17
2014.43836     -1.98
2014.44110     -2.17
2014.44384     -4.26
2014.44658     -2.48
2014.44932     -4.08
2014.45205     -3.16
2014.45479     -2.54
2014.45753     -3.39
2014.46027     -0.06
2014.46301     -5.05
2014.46575     -5.28
2014.46849     -4.00
2014.47123     -1.76
2014.47397     -2.87
2014.47671     -1.45
2014.48219     -4.61
2014.48493     -2.25
2014.48767     -2.93
2014.49041     -3.49
2014.49315     -4.21
2014.49589     -1.48
2014.49863     -6.18
2014.50137     -0.72
2014.50411     -0.96
2014.50685     -4.14
2014.50959     -2.09
2014.51233     -1.83
2014.51507     -2.55
2014.51781     -2.09
2014.52055     -1.10
2014.52329     -3.38
2014.52603     -2.60
2014.52877     -3.54
2014.53151     -2.59
2014.53425     -3.36
2014.53699     -2.44
2014.53973     -1.01
2014.54247     -2.40
2014.54521     -0.46
2014.54795     -5.84
2014.55068      1.96
2014.55342      0.32
2014.55616     -2.02
2014.55890     -3.20
2014.56164     -1.61
2014.56438     -4.27
2014.56712     -2.27
2014.56986     -2.13
2014.57260      2.63
2014.57534      0.57
2014.57808     -5.29
2014.58082     -5.25
2014.58356     -2.65
2014.58630     -2.83
2014.58904      0.71
2014.59178      1.11
2014.59452     -1.54
2014.59726     -3.80
2014.60274      1.44
2014.60548      6.66
2014.60822      6.22
2014.61096     -1.94
2014.61370     -0.73
2014.61644     -1.51
2014.61918     -1.50
2014.62192     -0.59
2014.62466      2.43
2014.62740     -0.86
2014.63014      0.11
2014.63288      1.48
2014.63562     -1.45
2014.63836      1.38
2014.64110     -1.01
2014.64384     -1.57
2014.64658      0.66
2014.64932     -1.47
2014.65205     -2.55
2014.65479     -3.30
2014.65753     -1.86
2014.66027      1.71
2014.66301     -1.68
2014.66575      1.06
2014.66849      1.86
2014.67123      3.22
2014.67397     -2.00
2014.67671     -1.70
2014.67945     -1.36
2014.68219      0.69
2014.68493     -1.35
2014.68767     -3.56
2014.69041      1.06
2014.69315     -3.92
2014.69589     -2.20
2014.69863      0.67
2014.70137     -1.70
2014.70411     -1.38
2014.70685      1.75
2014.70959     -4.31
2014.71233     -2.41
2014.71507     -3.18
2014.71781      1.16
2014.72055      1.43
2014.72329      1.06
2014.72603      1.87
2014.72877      2.99
2014.73151     -1.06
2014.73425     -1.52
2014.73699     -0.10
2014.73973      3.27
2014.74247      3.37
2014.74521      0.36
2014.74795      3.13
2014.75068      3.01
2014.75342      3.86
2014.75616      0.27
2014.75890     -0.57
2014.76164     -0.33
2014.76438      0.30
2014.76712      0.78
2014.76986      0.03
2014.77260      0.85
2014.77534      0.08
2014.77808     -0.45
2014.78082      2.36
2014.78356      1.85
2014.78630      0.41
2014.78904      0.72
2014.79178      0.82
2014.79452      2.15
2014.79726      2.81
2014.80000      2.51
2014.80274      3.17
2014.80548      3.14
2014.80822      1.54
2014.81096      2.20
2014.81370      3.79
2014.81644      0.15
2014.81918      4.13
2014.82192      2.69
2014.82466      2.07
2014.82740      3.99
2014.83014      2.22
2014.83288      1.41
2014.83562      1.68
2014.83836      0.68
2014.84110      3.04
2014.84384      2.26
2014.84658      2.60
2014.84932      3.45
2014.85205      1.19
2014.85479      0.33
2014.85753      1.85
2014.86027      0.99
2014.86301      0.88
2014.86575     -0.40
2014.86849      1.61
2014.87123      2.51
2014.87397      2.56
2014.87671      2.07
2014.87945      0.50
2014.88219      2.08
2014.88493     -0.44
2014.88767      1.98
2014.89041     -1.38
2014.89315      3.11
2014.89589      0.18
2014.89863     -0.08
2014.90137      1.88
2014.90411      2.11
2014.90685      1.12
2014.90959      2.76
2014.91233     -0.58
2014.91507      0.18
2014.91781     -0.25
2014.92055      0.35
2014.92329      2.58
2014.92603      1.99
2014.92877      0.55
2014.93151      0.26
2014.93425      0.93
2014.93699      1.02
2014.93973      1.26
2014.94247      0.92
2014.94521      0.97
2014.94795     -0.04
2014.95068     -0.76
2014.95342      0.30
2014.95616      3.55
2014.95890      2.22
2014.96164      1.84
2014.96438      1.36
2014.96712      3.10
2014.96986      3.80
2014.97260      4.00
2014.97534      0.99
2014.97808     -1.05
2014.98082      0.72
2014.98356      3.07
2014.98630     -0.64
2014.98904      1.93
2014.99178      2.82
2014.99452      1.70
2014.99726      0.80
2015.00000      0.99
2015.00274     -2.00
2015.00548      2.77
2015.00822      0.09
2015.01096     -0.16
2015.01370      0.91
2015.01644      0.66
2015.01918      0.07
2015.02192      2.70
2015.02466     -2.27
2015.02740     -0.62
2015.03014     -0.08
2015.03288      0.11
2015.03562     -1.63
2015.03836     -0.35
2015.04110      0.16
2015.04384     -1.60
2015.04658     -1.63
2015.04932     -1.49
2015.05205     -0.42
2015.05479      0.18
2015.05753     -1.07
2015.06027     -0.62
2015.06301     -0.18
2015.06575     -0.77
2015.06849     -0.51
2015.07123     -0.26
2015.07397     -0.68
2015.07671     -0.09
2015.07945     -0.26
2015.08219      0.59
2015.08493      0.43
2015.08767      1.44
2015.09041     -0.06
2015.09315      3.10
2015.09589      3.12
2015.09863      1.55
2015.10137      1.88
2015.10411     -0.16
2015.10685      0.83
2015.10959      1.69
2015.11233      1.10
2015.11507      1.91
2015.11781      1.48
2015.12055     -1.03
2015.12329     -2.47
2015.12603      1.30
2015.12877      1.46
2015.13151      0.08
2015.13425      0.35
2015.13699     -0.53
2015.13973      0.69
2015.14247      0.89
2015.14521      0.32
2015.14795      0.63
2015.15068      1.29
2015.15342      0.70
2015.15616     -2.59
2015.15890      2.97
2015.16164      0.99
2015.16438      0.52
2015.16712      3.01
2015.16986      1.39
2015.17260      1.34
2015.17534      1.53
2015.17808      1.64
2015.18082      0.33
2015.18356      1.17
2015.18630      3.56
2015.18904      3.10
2015.19178      2.35
2015.19452      0.08
2015.19726      1.06
2015.20000     -0.70
2015.20274     -0.89
2015.20548     -0.78
2015.20822      0.11
2015.21096      2.30
2015.21370      2.37
2015.21644      0.06
2015.21918      1.53
2015.22192      0.86
2015.22466      0.94
2015.22740      4.20
2015.23014      1.77
2015.23288      3.39
2015.23562      0.52
2015.23836     -0.61
2015.24110     -1.71
2015.24384      0.21
2015.24658      1.97
2015.24932      1.48
2015.25205      1.75
2015.25479     -0.04
2015.25753      1.52
2015.26027      2.24
2015.26301      1.12
2015.26575     -0.78
2015.26849      0.22
2015.27123     -1.90
2015.27397      2.70
2015.27671      3.70
2015.27945      3.19
2015.28219      0.24
2015.28493     -0.05
2015.28767     -0.37
2015.29041      0.40
2015.29315      1.39
2015.29589      0.19
2015.29863      0.25
2015.30137      0.75
2015.30411      4.76
2015.30685      1.11
2015.30959      0.74
2015.31233      2.37
2015.31507      1.78
2015.31781      0.84
2015.32055      0.71
2015.32329      0.21
2015.32603      1.53
2015.32877      3.01
2015.33151      0.44
2015.33425      3.35
2015.33699     -0.69
2015.33973      0.55
2015.34247      0.31
2015.34521      1.70
2015.34795      2.14
2015.35068     -0.07
2015.35342      2.06
2015.35616      0.43
2015.35890      0.34
2015.36438      2.77
2015.36712      3.21
2015.36986      3.95
2015.37260      3.87
2015.37534      0.88
2015.37808     -0.02
2015.38082      3.10
2015.38356      1.10
2015.38630      0.89
2015.38904      3.77
2015.39178      2.13
2015.39452      1.45
2015.39726      1.66
2015.40000      4.69
2015.40274      0.15
2015.40548      1.58
2015.40822      1.28
2015.41096     -0.87
2015.41370      0.22
2015.41644     -1.63
2015.41918     -1.08
2015.42192      1.83
2015.42466      0.63
2015.42740     -0.62
2015.43014      3.78
2015.43288      0.32
2015.43562     -0.26
2015.43836     -2.42
2015.44110     -0.16
2015.44384     -0.65
2015.44658      0.29
2015.44932     -1.84
2015.45205      0.39
2015.45479     -2.46
2015.45753     -1.27
2015.46027     -3.10
2015.46301      0.41
2015.46575     -1.06
2015.46849      1.66
2015.47123     -2.49
2015.47397     -3.37
2015.47671      1.44
2015.47945     -5.00
2015.48219      0.29
2015.48493     -0.95
2015.48767     -0.52
2015.49041     -2.07
2015.49315      0.28
2015.49589     -2.20
2015.49863     -1.80
2015.50137     -0.03
2015.50411      0.58
2015.50685      0.80
2015.50959      0.49
2015.51233      3.22
2015.51507      2.00
2015.51781      2.97
2015.52055      4.23
2015.52603      1.24
2015.52877      4.89
2015.53151      4.70
2015.53425      0.21
2015.53699      5.35
2015.53973      1.38
2015.54247      1.45
2015.54521      5.73
2015.54795      3.94
2015.55068      0.34
2015.55342      4.21
2015.55616      1.98
2015.55890      1.38
2015.56164     -1.10
2015.56438      1.32
2015.56712      1.34
2015.56986      0.27
2015.57260     -1.12
2015.57534      5.39
2015.57808      1.61
2015.58082      3.32
2015.58356      1.51
2015.58630      4.03
2015.58904      1.14
2015.59178      0.58
2015.59452      1.31
2015.59726      2.93
2015.60000      2.28
2015.60274      4.22
2015.60548      3.92
2015.60822      1.17
2015.61096      2.25
2015.61370      3.34
2015.61644      3.40
2015.61918      4.46
2015.62192      2.52
2015.62740      5.32
2015.63014      5.07
2015.63288      4.51
2015.63562      2.99
2015.63836      3.11
2015.64110      4.04
2015.64384      4.15
2015.64658      4.44
2015.64932      4.49
2015.65205      5.61
2015.65479      3.92
2015.65753      2.14
2015.66027      3.21
2015.66301      2.63
2015.66575      2.11
2015.66849      5.59
2015.67123     -1.52
2015.67397      0.94
2015.67671      2.30
2015.67945      1.01
2015.68219      3.65
2015.68493      2.83
2015.68767      0.27
2015.69041      2.25
2015.69315      1.39
2015.69589      2.74
2015.69863      0.63
2015.70137      0.39
2015.70411      0.80
2015.70685      0.53
2015.70959      0.80
2015.71233      0.55
2015.71507     -1.78
2015.71781      1.65
2015.72055      1.12
2015.72329     -0.20
2015.72603     -0.96
2015.72877     -2.30
2015.73151      0.61
2015.73425      0.89
2015.73699      1.06
2015.73973      0.85
2015.74247      0.23
2015.74521      1.12
2015.74795     -2.15
2015.75068     -4.97
2015.75342     -3.19
2015.75616     -2.26
2015.75890     -0.07
2015.76164      0.82
2015.76438     -2.55
2015.76712     -0.69
2015.76986     -0.89
2015.77260     -0.18
2015.77534     -0.13
2015.77808     -0.83
2015.78082     -1.66
2015.78356      0.03
2015.78630     -1.29
2015.78904     -0.51
2015.79178      0.90
2015.79452      0.89
2015.79726      2.02
2015.80000      1.69
2015.80274     -0.34
2015.80548      1.68
2015.80822     -1.49
2015.81096      1.68
2015.81370     -0.39
2015.81644      0.75
2015.81918     -0.20
2015.82192     -1.92
2015.82466      0.57
2015.82740     -0.93
2015.83014     -0.39
2015.83288     -0.62
2015.83562     -5.89
2015.83836     -3.59
2015.84384     -4.56
2015.84658     -3.71
2015.84932     -6.26
2015.85479     -4.74
2015.85753     -0.99
2015.86027     -3.16
2015.86301     -3.34
2015.87123     -0.78
2015.87671     -5.89
2015.87945     -3.74
2015.88219     -4.16
2015.88493     -4.14
2015.88767     -3.22
2015.89315     -6.06
2015.89589     -4.31
2015.89863     -6.20
2015.90137     -3.64
2015.90411     -0.60
2015.90685     -4.16
2015.90959     -4.50
2015.91233      0.73
2015.91507      0.60
2015.91781      0.36
2015.92055     -0.36
2015.92329      2.25
2015.92603      0.76
2015.92877     -1.51
2015.93151      0.82
2015.93425      2.75
2015.93699     -0.10
2015.93973     -0.54
2015.94247      3.43
2015.94795      1.96
2015.95068     -0.47
2015.95342      2.14
2015.95616     -0.33
2015.95890      2.02
2015.96164      2.76
2015.96438      1.98
2015.96712      1.47
2015.96986     -0.70
2015.97260      0.23
2015.97534      1.04
2015.97808      1.24
2015.98082      0.64
2015.98356      0.82
2015.98630      0.84
2015.98904      3.72
2015.99178      1.74
2015.99452      0.48
2015.99726      1.97
2016.00000      1.84
2016.00273      0.39
2016.00546     -0.51
2016.00820      0.67
2016.01093     -0.04
2016.01366     -0.08
2016.01639      0.86
2016.01913     -0.80
2016.02186      1.34
2016.02459      0.46
2016.02732      0.09
2016.03005      1.22
2016.03279      2.27
2016.03552      3.09
2016.03825      0.04
2016.04098      1.03
2016.04372     -1.76
2016.04645     -0.77
2016.04918      1.58
2016.05191      2.09
2016.05464     -0.23
2016.05738     -0.61
2016.06011      0.18
2016.06284      0.21
2016.06557      0.76
2016.06831      1.81
2016.07104     -0.20
2016.07377      0.78
2016.07650      0.49
2016.07923      0.25
2016.08197      1.34
2016.08470      3.39
2016.08743      1.90
2016.09016      2.21
2016.09290      1.89
2016.09563     -0.00
2016.10383     -5.04
2016.10656     -4.82
2016.10929     -4.42
2016.11202     -3.20
2016.11475     -3.01
2016.11749     -4.51
2016.12022     -1.39
2016.12295     -0.99
2016.12568     -0.11
2016.12842     -0.66
2016.13115      0.51
2016.13388      0.33
2016.13661      1.32
2016.13934     -1.35
2016.14208      0.78
2016.14481      0.34
2016.14754      0.42
2016.15027      0.76
2016.15301     -0.67
2016.15574      2.08
2016.15847      2.41
2016.16120      2.17
2016.16393      3.52
2016.16667      1.49
2016.16940      1.60
2016.17213      0.66
2016.17486      3.89
2016.17760      4.84
2016.18033      2.71
2016.18306      3.05
2016.18579      1.69
2016.18852      3.57
2016.19126      2.60
2016.19399      2.35
2016.19672      0.96
2016.19945      2.42
2016.20219      1.41
2016.20492     -1.15
2016.20765      0.26
2016.21038      0.38
2016.21311      0.83
2016.21585      2.68
2016.21858      1.79
2016.22131      2.65
2016.22404     -0.71
2016.22678      1.58
2016.22951      1.17
2016.23224      0.98
2016.23497      1.83
2016.23770      1.11
2016.24044      2.25
2016.24317     -0.67
2016.24590      0.29
2016.24863      3.35
2016.25137      1.69
2016.25410      1.50
2016.25683      0.79
2016.25956      3.12
2016.26230     -0.69
2016.26503      1.97
2016.26776     -1.71
2016.27049     -1.35
2016.27322     -1.17
2016.27596     -0.86
2016.27869     -2.71
2016.28142     -4.07
2016.28415     -2.08
2016.28689      0.57
2016.28962     -1.83
2016.29235     -1.95
2016.29508     -2.63
2016.29781     -0.70
2016.30055      1.43
2016.30328     -1.10
2016.30601     -0.69
2016.30874     -1.83
2016.31148     -2.02
2016.31421     -1.56
2016.31694     -1.34
2016.31967     -0.00
2016.32240     -0.61
2016.32514      1.59
2016.32787     -0.00
2016.33060     -1.92
2016.33333     -0.79
2016.33607      2.08
2016.33880      1.83
2016.34153      0.04
2016.34426     -3.22
2016.34699      0.01
2016.34973      2.24
2016.35246     -1.52
2016.35519     -1.21
2016.35792      1.90
2016.36066     -1.95
2016.36339      0.20
2016.36612     -4.29
2016.36885     -1.10
2016.37158     -2.90
2016.37432     -0.22
2016.37705     -1.26
2016.37978     -0.94
2016.38251      0.87
2016.38525      0.42
2016.38798      0.19
2016.39071      0.50
2016.40437     -0.39
2016.40710     -1.13
2016.40984      1.52
2016.41257      0.18
2016.41530      2.04
2016.41803      4.52
2016.42077      2.75
2016.42350      2.02
2016.42623      0.93
2016.42896      1.81
2016.43169     -0.49
2016.43443      4.67
2016.43716      2.16
2016.43989      5.39
2016.44262      0.92
2016.44536      3.37
2016.44809      0.81
2016.45082     -1.99
2016.45355     -4.74
2016.45628     -2.81
2016.45902     -0.31
2016.46175      0.50
2016.46448     -2.05
2016.46721      0.40
2016.46995     -2.34
2016.47268     -1.18
2016.47541      0.48
2016.47814      0.76
2016.48087      0.08
2016.48361     -0.33
2016.48634      0.40
2016.48907      0.16
2016.49180      4.04
2016.49454      1.91
2016.49727      3.74
2016.50000      0.78
2016.50273      1.04
2016.50546     -0.22
2016.50820      2.49
2016.51093      4.00
2016.51366      6.31
2016.51639      3.17
2016.51913      3.07
2016.52186      0.59
2016.52459      1.87
2016.52732      0.56
2016.53005      0.63
2016.53279      1.13
2016.54918     -0.26
2016.57104      1.20
2016.57377      2.78
2016.57650      0.52
2016.57923      1.50
2016.58197      3.37
2016.58470      2.42
2016.58743      1.96
2016.59016      1.77
2016.59290      0.53
2016.59563      5.02
2016.59836      2.74
2016.60109     -0.96
2016.60383     -0.43
2016.60656      2.01
2016.60929     -1.63
2016.61202      1.63
2016.61475      0.74
2016.61749     -1.33
2016.62022     -2.62
2016.62295     -0.87
2016.62568      3.15
2016.62842      3.06
2016.63115      2.12
2016.63388     -0.85
2016.63661     -2.29
2016.64208      1.80
2016.64481     -0.44
2016.64754      1.10
2016.65027     -0.21
2016.65301     -1.69
2016.65574     -2.47
2016.65847     -0.37
2016.66120      4.23
2016.66393      1.91
2016.66667     -1.75
2016.66940     -0.38
2016.67213     -0.23
2016.67486      2.18
2016.67760     -1.21
2016.68033     -1.70
2016.68306     -2.62
2016.68579      0.55
2016.68852      1.37
2016.69126     -1.57
2016.69399     -1.70
2016.69672     -3.48
2016.69945      1.35
2016.70219      0.84
2016.70492     -0.42
2016.70765      0.99
2016.71038     -2.75
2016.71311     -3.77
2016.71585     -1.70
2016.71858     -1.94
2016.72131      0.25
2016.72404      0.34
2016.72678      5.23
2016.72951      0.99
2016.73224     -1.83
2016.73497      3.11
2016.74590      1.82
2016.74863      0.25
2016.75137      1.02
2016.75410     -2.88
2016.75683      0.62
2016.75956     -2.95
2016.76230     -1.88
2016.76503      0.47
2016.76776      0.08
2016.77049     -0.22
2016.77322      0.63
2016.77596     -3.58
2016.77869      1.64
2016.78142     -3.81
2016.78415     -1.87
2016.78689     -1.58
2016.78962     -2.91
2016.79235      0.93
2016.79508     -0.32
2016.79781     -3.40
2016.80055     -1.76
2016.80328     -4.38
2016.80601     -2.13
2016.80874     -3.71
2016.81148     -3.18
2016.81421     -2.67
2016.81694     -3.71
2016.81967     -1.99
2016.82240     -0.13
2016.82514     -2.49
2016.82787      0.02
2016.83607     -2.59
2016.84153     -1.14
2016.84973     -1.54
2016.85792     -0.65
2016.86339     -0.45
2016.86612     -1.36
2016.86885     -2.64
2016.87158     -0.18
2016.87432     -0.96
2016.87705     -0.33
2016.88251     -0.23
2016.88525     -2.84
2016.88798     -2.62
2016.89071     -2.38
2016.89344     -1.48
2016.89617      0.37
2016.89891     -0.71
2016.90164     -0.37
2016.90437      0.86
2016.90710      1.93
2016.90984      3.19
2016.91257     -0.09
2016.91530      0.61
2016.91803      2.24
2016.92077     -2.46
2016.92350     -2.65
2016.92623     -2.48
2016.92896     -2.52
2016.93169     -0.57
2016.93443     -0.58
2016.93716     -2.25
2016.93989     -2.18
2016.94262     -0.74
2016.94536      0.79
2016.94809     -2.01
2016.95082      1.45
2016.95355      1.20
2016.95628     -1.03
2016.95902      1.59
2016.96175      1.17
2016.96448      0.84
2016.96721     -2.78
2016.96995     -1.64
2016.97268     -3.63
2016.97541     -0.76
2016.97814      0.13
2016.98087     -2.50
2016.98361     -3.41
2016.98634      0.59
2016.98907     -1.21
2016.99180     -0.98
2016.99454      1.20
2016.99727      1.32
2017.00000      1.53
2017.00274     -0.63
2017.00548      1.96
2017.00822     -3.44
2017.01096     -3.40
2017.01370     -1.00
2017.01644     -2.88
2017.01918     -0.55
2017.02192      0.30
2017.02466      0.17
2017.02740      0.16
2017.03014      4.22
2017.03288      0.58
2017.03562      1.06
2017.03836     -1.08
2017.04110      3.29
2017.04384      1.20
2017.04658      1.30
2017.04932      0.96
2017.05205     -0.49
2017.05479      0.58
2017.05753      0.82
2017.06027     -1.80
2017.06301      0.11
2017.06575      1.06
2017.06849      0.94
2017.07123     -0.09
2017.07397      3.21
2017.07671      0.87
2017.07945      0.60
2017.08219      4.65
2017.08493      2.16
2017.08767      1.59
2017.09041      1.35
2017.09315      5.78
2017.09589      3.05
2017.09863      2.46
2017.10137      2.95
2017.10411     -0.26
2017.10685      1.64
2017.10959     -1.50
2017.11233      0.20
2017.11507      2.37
2017.11781      2.04
2017.12055      0.04
2017.12329      0.15
2017.12603      1.54
2017.12877     -0.20
2017.13151      0.00
2017.13425     -1.22
2017.13699     -0.37
2017.13973      1.41
2017.14247     -1.29
2017.14521     -2.13
2017.14795     -1.15
2017.15068      3.12
2017.15616      0.17
2017.15890      0.60
2017.16164     -0.51
2017.16438     -0.22
2017.16712     -2.08
2017.16986     -3.07
2017.17260     -1.23
2017.17534     -2.84
2017.17808     -4.58
2017.18082     -3.06
2017.18356     -0.76
2017.18630      0.27
2017.18904     -2.57
2017.19178      1.15
2017.19452     -3.55
2017.19726     -6.30
2017.20000     -5.50
2017.20274      1.24
2017.20548     -0.74
2017.20822     -3.96
2017.21096     -4.07
2017.21370     -2.75
2017.21644     -6.26
2017.21918     -0.61
2017.22192     -1.13
2017.22466     -5.01
2017.22740     -2.50
2017.23014     -4.07
2017.23288     -0.56
2017.23562     -2.43
2017.23836     -0.95
2017.24110     -3.50
2017.24384     -5.19
2017.24658     -2.00
2017.24932     -1.72
2017.25205      0.02
2017.25479     -1.40
2017.25753      2.06
2017.26027     -1.02
2017.26301     -4.40
2017.26575     -3.77
2017.26849      5.92
2017.27123      5.01
2017.27397      0.64
2017.27671     -2.03
2017.27945     -3.06
2017.28219      3.03
2017.28493     -1.62
2017.28767     -0.66
2017.29041      0.43
2017.29315     -2.26
2017.29589     -3.38
2017.29863     -6.53
2017.30137      3.53
2017.30411      2.95
2017.30685     -2.28
2017.30959     -3.04
2017.31233      5.18
2017.31507      2.99
2017.31781      1.60
2017.32055      0.17
2017.32329      1.53
2017.32603      0.39
2017.32877      1.00
2017.33151     -2.10
2017.33425     -1.00
2017.33699      1.93
2017.33973      0.09
2017.34247     -0.33
2017.34521      3.17
2017.34795      1.08
2017.35068      2.57
2017.35342      1.91
2017.35616      0.74
2017.35890      1.97
2017.36164      1.15
2017.36438      2.68
2017.36712      1.63
2017.36986      3.90
2017.37260      5.08
2017.37534      1.65
2017.37808      3.23
2017.38082      3.72
2017.38356      3.39
2017.38630      4.41
2017.38904      2.21
2017.39178      3.80
2017.39452      0.52
2017.39726      5.19
2017.40000      4.58
2017.40274      5.98
2017.40548      5.27
2017.40822      4.83
2017.41096      4.49
2017.41370      2.60
2017.41644      3.36
2017.41918      2.44
2017.42192      0.44
2017.42466      1.56
2017.42740     -0.23
2017.43014     -0.64
2017.43562      2.26
2017.43836     -0.58
2017.44110      0.61
2017.44384     -4.15
2017.44658      0.34
2017.44932     -0.79
2017.45205     -2.32
2017.45479      2.06
2017.45753      0.67
2017.46301      2.16
2017.46575      1.61
2017.46849      0.10
2017.47123      0.99
2017.47397      0.53
2017.47671      1.80
2017.47945     -0.46
2017.48219      0.45
2017.48493      0.06
2017.48767      2.24
2017.49041     -0.14
2017.49315      0.04
2017.49589      0.45
2017.49863      1.25
2017.50137     -2.84
2017.50411     -2.40
2017.50685     -3.20
2017.50959     -1.43
2017.51233     -1.01
2017.51507     -1.27
2017.51781     -0.19
2017.52055      0.69
2017.52603      1.04
2017.52877     -1.35
2017.53151      1.12
2017.53425      0.81
2017.53699      1.55
2017.53973      0.09
2017.54247      0.37
2017.54521     -0.75
2017.54795      0.04
2017.55068      0.50
2017.55616      1.45
2017.55890     -0.09
2017.56164      0.40
2017.56438     -0.89
2017.56712      1.41
2017.56986      0.19
2017.57260      0.60
2017.57534      3.32
2017.57808     -0.15
2017.58082     -1.21
2017.58630     -1.98
2017.58904     -1.54
2017.59178     -0.46
2017.59452     -3.17
2017.59726     -3.53
2017.60000     -4.31
2017.60274     -6.40
2017.60548     -2.19
2017.60822     -3.48
2017.61096      2.28
2017.61370     -3.44
2017.61644      1.34
2017.61918      0.86
2017.62192     -4.07
2017.62466      0.48
2017.62740      0.62
2017.63014     -0.80
2017.63288     -0.92
2017.63562     -0.19
2017.63836      0.43
2017.64110     -3.57
2017.64384     -0.30
2017.64658     -0.43
2017.64932     -2.52
2017.65205     -2.05
2017.65479     -1.57
2017.65753     -2.70
2017.66027     -4.71
2017.66301     -1.67
2017.66575     -4.72
2017.66849     -0.89
2017.67123     -2.60
2017.67397     -0.84
2017.67945     -0.11
2017.68219     -3.99
2017.68493     -0.77
2017.68767     -3.00
2017.69041     -2.32
2017.69315     -4.82
2017.69589     -5.71
2017.70137     -2.65
2017.70411     -2.95
2017.70685     -3.37
2017.70959     -3.04
2017.71233     -4.56
2017.71507     -0.08
2017.71781     -2.39
2017.72055     -2.57
2017.72329     -3.67
2017.72603      0.76
2017.72877      0.02
2017.73151     -2.36
2017.73425     -2.61
2017.73699     -1.97
2017.73973     -1.06
2017.74247     -3.24
2017.74521     -1.43
2017.74795      2.47
2017.75068     -5.18
2017.75342     -3.11
2017.75616      0.56
2017.75890     -1.75
2017.76164     -3.19
2017.76438     -6.01
2017.76712      0.60
2017.76986     -0.08
2017.77260      4.11
2017.77808     -2.23
2017.78082      0.05
2017.78630     -3.51
2017.78904     -3.42
2017.79178     -1.48
2017.79452      2.74
2017.79726     -1.14
2017.80000      2.31
2017.80274     -0.04
2017.80548      1.47
2017.80822      0.07
2017.81096      1.13
2017.81370      1.45
2017.81644     -1.23
2017.81918      2.86
2017.82192     -1.27
2017.82466     -1.35
2017.82740     -0.99
2017.83014      4.10
2017.83288      2.23
2017.83562      2.04
2017.83836      2.81
2017.84110      1.10
2017.84384      1.65
2017.84658      0.40
2017.84932      0.00
2017.85205      0.57
2017.85479      1.56
2017.85753      2.23
2017.86301     -1.79
2017.86575     -0.17
2017.86849      0.32
2017.87123     -1.47
2017.87397      0.00
2017.87671     -3.39
2017.87945     -0.63
2017.88219     -0.56
2017.88493     -1.82
2017.88767     -0.05
2017.89041      0.13
2017.89315      0.83
2017.89589     -0.15
2017.89863     -0.14
2017.90137      0.88
2017.90411      3.23
2017.90685     -1.79
2017.90959      0.75
2017.91233      1.60
2017.91507      0.91
2017.91781     -2.02
2017.92055      2.37
2017.92329      0.81
2017.92603      0.31
2017.92877      2.84
2017.93151     -1.13
2017.93425      3.18
2017.93699     -0.19
2017.93973      1.41
2017.94247      2.21
2017.94521      2.83
2017.94795      1.07
2017.95342      2.91
2017.95616      1.36
2017.95890      3.26
2017.96164      3.22
2017.96438      0.22
2017.96712      0.61
2017.96986      1.80
2017.97260      2.15
2017.97534     -0.20
2017.97808     -0.43
2017.98082     -1.73
2017.98356      0.31
2017.98630     -2.09
2017.98904      1.46
2017.99178     -0.44
2017.99452      2.32
2017.99726      1.16
2018.00000     -0.16
2018.00274     -0.01
2018.00548      1.18
2018.00822      1.34
2018.01096      1.80
2018.01370      0.49
2018.01644      1.58
2018.01918      0.59
2018.02192      1.21
2018.02466     -3.17
2018.02740      2.23
2018.03014      3.91
2018.03288      1.60
2018.03562      0.52
2018.03836      2.51
2018.04110      1.03
2018.04384      3.61
2018.04658      0.21
2018.04932      1.24
2018.05205      2.00
2018.05479      0.61
2018.05753     -1.15
2018.06027      2.07
2018.06301      0.95
2018.06575      2.82
2018.06849      2.61
2018.07123      2.60
2018.07397      0.72
2018.07671      3.93
2018.07945      2.17
2018.08219      1.74
2018.08493      0.59
2018.08767      3.33
2018.09041      0.69
2018.09315      3.66
2018.09589      1.86
2018.09863      1.11
2018.10137      0.73
2018.10411     -1.17
2018.10685      0.72
2018.10959     -2.44
2018.11233     -0.71
2018.11507      1.01
2018.11781      0.32
2018.12055      1.03
2018.12329     -1.70
2018.12603     -1.62
2018.12877     -0.90
2018.13151     -0.45
2018.13425     -3.07
2018.13699      0.18
2018.13973      0.07
2018.14247      0.77
2018.14521     -1.11
2018.14795     -0.43
2018.15068     -2.21
2018.15342     -0.48
2018.15616     -0.97
2018.15890     -2.14
2018.16164     -4.80
