2012.00000     -2.58
2012.00273     -2.60
2012.00546     -3.53
2012.00820      0.03
2012.01093      1.46
2012.01366     -3.00
2012.01639     -3.41
2012.01913     -5.14
2012.02186     -5.20
2012.02459     -7.02
2012.02732     -4.63
2012.03005     -6.06
2012.03279     -1.92
2012.03552     -1.41
2012.03825      0.61
2012.04098     -0.09
2012.04372      2.27
2012.04645      1.19
2012.04918      2.23
2012.05191      1.29
2012.05464      7.33
2012.05738      2.45
2012.06011      0.89
2012.06284      0.84
2012.06557      6.07
2012.06831      3.20
2012.07104      1.43
2012.07377      9.82
2012.07650      5.15
2012.07923      3.91
2012.08197      3.38
2012.08470      8.91
2012.08743      4.59
2012.09016      5.32
2012.09290      9.18
2012.09563      8.82
2012.09836      4.73
2012.10109      2.26
2012.10383     10.14
2012.10656      9.65
2012.10929      6.67
2012.11202     13.12
2012.11475      2.79
2012.11749      4.83
2012.12022     12.06
2012.12295      6.03
2012.12568      3.69
2012.12842      1.98
2012.13115      6.97
2012.13388      7.65
2012.13661      9.93
2012.13934     11.34
2012.14208      4.99
2012.14481      5.42
2012.14754     13.90
2012.15027     16.74
2012.15301      8.02
2012.15574      3.13
2012.15847      2.42
2012.16120      6.83
2012.16393      2.30
2012.16667      7.01
2012.16940     -3.30
2012.17213      2.53
2012.17486      4.90
2012.17760     -4.69
2012.18033     -0.29
2012.18306      5.44
2012.18579      0.61
2012.18852      5.81
2012.19126      7.14
2012.19399     -4.39
2012.19672      2.58
2012.19945     -5.09
2012.20219     -6.50
2012.20492     -7.74
2012.20765     -7.72
2012.21038     -8.87
2012.21311     -8.36
2012.21585     -6.91
2012.21858     -0.47
2012.22131     -6.55
2012.22404      2.68
2012.22678     -5.23
2012.22951     -3.20
2012.23224     -0.08
2012.23497     -1.74
2012.23770     -9.18
2012.24044    -19.30
2012.24317      4.09
2012.24590      0.50
2012.24863    -11.44
2012.25137     -2.04
2012.25410      2.43
2012.25683      0.32
2012.25956      4.38
2012.26230     -0.19
2012.26503      4.01
2012.26776      1.42
2012.27049      1.90
2012.27322     -2.89
2012.27596     -1.88
2012.27869     -3.02
2012.28142     -4.50
2012.28415     -0.01
2012.28689      0.82
2012.28962      3.23
2012.29235      3.72
2012.29508     -0.94
2012.29781     -7.35
2012.30055     -5.58
2012.30328     -7.63
2012.30601     -1.04
2012.30874      4.64
2012.31148      2.77
2012.31421      3.08
2012.31967      0.33
2012.32240     -8.81
2012.32514     -1.58
2012.32787    -16.28
2012.33060     10.97
2012.33333     -7.08
2012.33880     -6.52
2012.34153      2.41
2012.34426     -1.46
2012.34699      2.52
2012.34973     -0.92
2012.35246      5.06
2012.35519     -9.34
2012.35792    -14.33
2012.36066     -1.65
2012.36339      1.33
2012.36612     -2.29
2012.36885      7.54
2012.37158     -0.94
2012.37432      0.40
2012.37705      1.37
2012.37978      6.68
2012.38251     -1.96
2012.38525      4.50
2012.38798     -8.35
2012.39071      1.07
2012.39344     -0.74
2012.39617      9.17
2012.39891      5.03
2012.40164     -1.79
2012.40437      2.41
2012.40710      3.88
2012.40984     -2.74
2012.41257     -2.86
2012.41530     -1.68
2012.41803      2.59
2012.42077     -6.78
2012.42350     12.76
2012.42623      1.05
2012.42896     -1.09
2012.43169     -7.17
2012.43443     -6.77
2012.43716      8.41
2012.53279      4.59
2012.53552     15.89
2012.54098      2.36
2012.54372    -11.12
2012.54645      1.54
2012.54918      7.93
2012.55191    -14.06
2012.55464      7.49
2012.55738     -0.87
2012.56011     -1.25
2012.56284      6.07
2012.56557      3.53
2012.56831     -0.05
2012.57104      5.36
2012.57377      3.16
2012.57650      4.74
2012.57923      5.69
2012.58197      6.69
2012.58470      2.93
2012.58743      6.20
2012.59016      1.34
2012.59563     -2.97
2012.59836      4.01
2012.61202      9.55
2012.61475      5.31
2012.61749      7.90
2012.62022      8.99
2012.62295     -1.45
2012.62568      6.44
2012.62842      2.48
2012.63115      6.84
2012.63388      1.33
2012.63661      1.63
2012.63934      6.43
2012.64208      6.35
2012.64481     -0.50
2012.64754     -0.64
2012.65027      6.20
2012.65301      3.35
2012.65574     -4.47
2012.65847     -6.26
2012.66120      7.75
2012.66393    -13.82
2012.66667      1.04
2012.66940     -6.54
2012.67213     -1.87
2012.67486     -4.90
2012.67760      0.35
2012.68033     -9.52
2012.68306      4.11
2012.68579     -8.38
2012.68852     -3.85
2012.69126     -5.84
2012.69399     -9.58
2012.69672     -3.68
2012.69945     -7.98
2012.70219    -13.13
2012.70492     -0.57
2012.70765     -0.21
2012.71038     -4.43
2012.71311     -0.91
2012.71585     -6.39
2012.71858     -4.50
2012.72131    -12.13
2012.72404     -6.18
2012.72678      2.39
2012.73224     -3.00
2012.73497      7.47
2012.73770     -0.31
2012.74044     -4.09
2012.74317     -6.18
2012.74590     -8.94
2012.74863     -7.52
2012.75137      4.15
2012.75410     -8.43
2012.75683     -8.84
2012.75956     -4.81
2012.76230     -6.26
2012.76503     -2.54
2012.76776      2.51
2012.77049     -0.52
2012.77322      4.28
2012.77596      5.38
2012.77869     -0.68
2012.78142     -0.43
2012.78415      2.05
2012.78689      0.51
2012.78962      0.01
2012.79235     -1.01
2012.79508     -3.30
2012.79781      4.14
2012.80055     -1.27
2012.80328     -1.29
2012.80601     -2.68
2012.80874      0.68
2012.81148     -2.65
2012.81421     -0.75
2012.81694      5.23
2012.81967      2.88
2012.82240      0.92
2012.82514     -6.24
2012.82787     -4.65
2012.83060     -0.94
2012.83333      1.53
2012.83607     -2.06
2012.83880     -0.52
2012.84153      1.05
2012.84426      1.14
2012.84699     -1.33
2012.84973      1.58
2012.85246     -3.26
2012.85519      2.19
2012.85792      6.57
2012.86066      0.47
2012.86339      1.75
2012.86612      6.91
2012.86885     -1.19
2012.87158     -7.18
2012.87432     -4.40
2012.87705      1.51
2012.87978      0.27
2012.88251      2.32
2012.88525      2.10
2012.88798     -5.42
2012.89071      4.91
2012.89344      0.23
2012.89617     -1.41
2012.89891     -0.97
2012.90164      2.34
2012.90437     -5.45
2012.90710     -3.53
2012.90984     -3.31
2012.91257     -1.62
2012.91530      2.04
2012.91803      2.98
2012.92077     -2.14
2012.92350     -3.29
2012.92623      2.60
2012.92896     -0.84
2012.93169     -2.54
2012.93443      8.21
2012.93716      0.23
2012.93989     -0.32
2012.94262     -4.81
2012.94536     -3.64
2012.94809      0.93
2012.95082      1.13
2012.95355      0.96
2012.95628      1.45
2012.95902      0.69
2012.96175     -0.58
2012.96448     -0.08
2012.96721     -0.97
2012.96995      2.94
2012.97268      3.66
2012.97541     -2.25
2012.97814     -0.36
2012.98087     -0.54
2012.98361     -2.51
2012.98634     -1.10
2012.98907     -3.60
2012.99180     -2.40
2012.99454     -0.70
2012.99727    -10.17
2013.00000     -3.69
2013.00274     -0.47
2013.00548     -1.54
2013.00822     -4.00
2013.01096      0.03
2013.01370     -2.86
2013.01644      1.96
2013.01918      3.22
2013.02192      4.19
2013.02466     -3.74
2013.02740     -1.52
2013.03014     -0.92
2013.03288      6.18
2013.03562      5.80
2013.03836     -0.67
2013.04110      0.51
2013.04384      4.84
2013.04658     -0.57
2013.04932      0.11
2013.05205     -1.64
2013.05479     -1.04
2013.05753     -0.23
2013.06027     -1.01
2013.06301      1.10
2013.06575      0.04
2013.06849     -0.39
2013.07123      1.15
2013.07397     -4.01
2013.07671      0.06
2013.07945      2.19
2013.08219      1.27
2013.08493     -0.35
2013.08767      4.80
2013.09041      1.23
2013.09315      5.89
2013.09589      0.83
2013.09863      5.23
2013.10137      6.78
2013.10411      2.92
2013.10685      1.89
2013.10959      3.04
2013.11233      9.71
2013.11507     -0.15
2013.11781     -1.37
2013.12055     -2.61
2013.12329      2.42
2013.12603      3.24
2013.12877     -2.05
2013.13151     -0.74
2013.13425     -3.66
2013.13699     -4.99
2013.13973     -0.91
2013.14247     -6.49
2013.14521     -8.50
2013.14795     -4.34
2013.15342     -4.95
2013.15616     -2.49
2013.15890     -5.09
2013.16164      0.79
2013.16438     -0.44
2013.16712     -2.44
2013.16986     -1.14
2013.17260     -8.78
2013.17534     -5.90
2013.17808     -7.00
2013.18082     -9.79
2013.18356    -12.10
2013.18630     -5.79
2013.18904     -8.04
2013.19178     -8.61
2013.19452     -3.04
2013.19726     -0.36
2013.20000     -7.76
2013.20274     -4.37
2013.20548     -6.52
2013.20822     -3.87
2013.21096      0.80
2013.21370      2.03
2013.21644      3.69
2013.21918      5.88
2013.22192      1.91
2013.22466     -1.40
2013.22740      4.96
2013.23014     -1.31
2013.23288     -0.17
2013.23562     -2.27
2013.23836     -0.98
2013.24110      6.33
2013.24384      2.62
2013.24658     -3.64
2013.24932     -0.47
2013.25205      1.25
2013.25479      2.17
2013.25753     14.38
2013.26027      4.15
2013.26301      2.07
2013.26575     -2.04
2013.26849     -0.76
2013.27123      3.85
2013.27397     -7.08
2013.27671     -0.48
2013.27945     -3.56
2013.28219      1.78
2013.28493     -1.64
2013.28767      0.40
2013.29041      4.23
2013.29315      2.64
2013.29589      5.07
2013.29863      5.45
2013.30137     -3.11
2013.30411     -4.11
2013.30685     -0.22
2013.31233     -2.84
2013.31507     -5.66
2013.31781      1.42
2013.32055    -10.60
2013.32329      0.45
2013.32603     -1.41
2013.32877     -1.27
2013.33151      1.10
2013.33425     -1.86
2013.33699     -0.72
2013.33973      2.11
2013.34247      3.16
2013.34521      3.11
2013.34795      7.88
2013.35068     -0.34
2013.35342      8.55
2013.35616     -1.63
2013.35890      1.55
2013.36164      5.21
2013.36438     -3.20
2013.36712      3.63
2013.36986     -2.90
2013.37534     10.14
2013.37808     15.16
2013.38082     -0.17
2013.38630      6.89
2013.38904      4.02
2013.39178      5.73
2013.39452     -0.92
2013.39726     10.83
2013.40000      3.11
2013.40274      5.34
2013.40548      6.89
2013.40822     -4.45
2013.41096     -2.41
2013.41370      5.00
2013.41644      8.71
2013.41918      3.80
2013.42192      5.04
2013.42466      5.79
2013.42740      4.60
2013.43014      1.95
2013.43288      5.64
2013.43562     -4.24
2013.43836     -5.85
2013.44110      0.43
2013.44384      3.59
2013.44658    -14.74
2013.44932      2.17
2013.45205     -3.12
2013.45479      3.20
2013.45753     -4.79
2013.46027     -4.57
2013.46301     -9.63
2013.46575      0.85
2013.46849    -12.86
2013.47123      1.06
2013.47397      5.42
2013.47671     -1.55
2013.47945      3.64
2013.48219      4.20
2013.48493     -5.26
2013.48767      1.71
2013.49041      5.39
2013.49315      4.44
2013.49589     17.63
2013.49863      7.50
2013.50137      4.68
2013.50411     12.18
2013.50685     11.99
2013.50959     10.54
2013.51233      4.84
2013.51507      3.55
2013.51781      8.46
2013.52055      6.86
2013.52329      0.58
2013.52603     -2.94
2013.52877     -0.75
2013.53425      7.57
2013.53699      2.07
2013.53973     -1.00
2013.54247     -1.85
2013.54521     10.32
2013.54795      7.00
2013.55616     -0.02
2013.55890      8.71
2013.56438      9.94
2013.56712      2.85
2013.56986      2.82
2013.57260     12.68
2013.57534      6.64
2013.57808      3.89
2013.58082      3.81
2013.58356      6.10
2013.58630      1.63
2013.58904     -4.45
2013.59178     11.28
2013.59452     -0.55
2013.59726      4.31
2013.60000     -2.04
2013.60274     -4.62
2013.60548      3.06
2013.60822     -9.30
2013.61096    -18.66
2013.61370      3.09
2013.61644      2.14
2013.61918      2.38
2013.62192      5.86
2013.62466     -1.83
2013.62740      1.57
2013.63014     -3.33
2013.63288     -9.11
2013.63562     -3.02
2013.63836     -4.31
2013.64384      5.01
2013.64658      7.14
2013.64932      1.04
2013.65479      8.57
2013.65753     11.12
2013.66575     -7.26
2013.66849      6.24
2013.67123      0.26
2013.67671     -3.94
2013.68219     -0.15
2013.68493     -5.93
2013.68767     -6.45
2013.69041    -19.46
2013.69315     -5.70
2013.69589     -6.06
2013.69863      4.96
2013.70137     -5.96
2013.70411     -1.99
2013.70685     -0.74
2013.70959     -1.81
2013.71233      6.37
2013.71507      7.72
2013.71781     -3.13
2013.72055     -5.08
2013.72329     -5.61
2013.72603     -1.57
2013.72877     15.51
2013.73151     -0.29
2013.73425     -0.13
2013.73699    -13.00
2013.73973     -2.23
2013.74247      3.30
2013.74521     -6.33
2013.74795     -1.72
2013.75068      1.01
2013.75342     -2.85
2013.75616      3.00
2013.75890     -0.61
2013.76164     -1.78
2013.76438    -10.81
2013.76712      3.23
2013.76986      6.28
2013.77260     -2.05
2013.77534      7.25
2013.77808     -2.55
2013.78082     -1.13
2013.78356     -5.00
2013.78630    -10.10
2013.78904     -5.16
2013.79178      1.60
2013.79452      7.07
2013.80000     -2.38
2013.80274      2.40
2013.80548     -0.21
2013.80822      2.27
2013.81096      2.47
2013.81370     -0.47
2013.81644     -2.39
2013.81918      1.26
2013.82192      4.79
2013.82466     -1.98
2013.82740      0.53
2013.83014      3.45
2013.83288     -5.28
2013.83562      4.95
2013.83836      0.29
2013.84110     -1.98
2013.84384     -6.31
2013.84658     -5.02
2013.84932     -0.44
2013.85205      2.48
2013.85479     -3.65
2013.85753     -5.81
2013.86027     -4.61
2013.86301     -4.89
2013.86575      2.68
2013.86849     -1.77
2013.87123     -1.76
2013.87397     -0.47
2013.87671      3.73
2013.87945     -1.75
2013.88219     -8.44
2013.88493    -10.29
2013.88767    -12.85
2013.89041     -6.06
2013.89315     -2.95
2013.89589     -3.29
2013.89863     -8.04
2013.90137     -0.04
2013.90411     -5.87
2013.90685     -2.02
2013.90959     -6.64
2013.91233     -5.07
2013.91507     -0.43
2013.91781     -5.26
2013.92055     -6.76
2013.92329     -4.92
2013.92603     -6.41
2013.92877     -6.63
2013.93151     -5.05
2013.93425     -4.33
2013.93699     -1.05
2013.93973     -6.85
2013.94247     -1.83
2013.94521     -4.60
2013.94795     -0.82
2013.95068     -7.15
2013.95342     -1.56
2013.95616     -6.45
2013.95890     -6.90
2013.96164      0.45
2013.96438     -5.03
2013.96712    -13.95
2013.96986    -15.67
2013.97260     -9.46
2013.97534    -15.20
2013.97808    -17.69
2013.98082     -9.55
2013.98356     -4.62
2013.98630     -6.92
2013.99726     -8.48
2014.00000     -9.55
2014.00274     -8.05
2014.00548      0.40
2014.00822     -4.64
2014.01096     -7.18
2014.01370     -2.99
2014.01644     -2.60
2014.01918     -2.26
2014.02192     -5.58
2014.02466     -2.93
2014.02740      0.80
2014.03014     -5.19
2014.03288     -3.01
2014.03562     -4.54
2014.03836     -3.57
2014.04110     -6.03
2014.04384     -5.25
2014.04658     -2.19
2014.04932     -6.99
2014.05205     -8.04
2014.05479     -7.17
2014.05753     -4.82
2014.06027    -11.11
2014.06301     -2.24
2014.06575    -10.46
2014.06849     -4.76
2014.07123     -2.08
2014.07397     -8.48
2014.07671    -11.67
2014.07945     -0.71
2014.08219    -10.61
2014.08493     -2.03
2014.08767      0.91
2014.09041      2.94
2014.09315     -8.96
2014.09589     -6.08
2014.09863     -9.41
2014.10137     -3.70
2014.10411     -2.33
2014.10685     -6.41
2014.10959     -1.59
2014.11233     -4.17
2014.11507     -8.75
2014.11781    -10.66
2014.12055    -13.76
2014.12329     -5.90
2014.12603    -16.32
2014.12877    -13.24
2014.13151     -6.19
2014.13425     -7.51
2014.13699     -9.36
2014.13973     -9.31
2014.14247     -9.21
2014.14521     -9.04
2014.14795     -6.20
2014.15068    -15.86
2014.15342     -6.06
2014.15616    -11.26
2014.15890      1.25
2014.16164     -0.78
2014.16438     -5.47
2014.16712     -3.38
2014.16986    -12.51
2014.17260     -7.86
2014.17534    -14.55
2014.17808    -15.00
2014.18082     -7.92
2014.18904    -11.08
2014.19178     -6.84
2014.19452    -11.54
2014.19726    -10.67
2014.20000    -14.82
2014.20274    -15.19
2014.20548    -10.31
2014.20822     -3.13
2014.21096     -8.76
2014.21370     -6.80
2014.21644     -6.89
2014.21918     -4.34
2014.22192    -10.89
2014.22466     -5.06
2014.22740     -6.74
2014.23014     -7.43
2014.23288    -10.28
2014.23562      2.79
2014.23836     -2.50
2014.24110    -13.46
2014.24384     -1.46
2014.24658     -7.60
2014.24932     -8.23
2014.25205      5.75
2014.25479     -7.98
2014.25753    -10.29
2014.26027     -8.22
2014.26301     -8.07
2014.26575     -7.36
2014.26849     -5.11
2014.27123     -5.41
2014.27397    -10.70
2014.27671    -10.80
2014.27945     -7.09
2014.28219     -2.10
2014.28493     -0.49
2014.28767     -4.41
2014.29041    -10.32
2014.29315     -9.22
2014.29589     -0.71
2014.29863     -5.41
2014.30137    -13.20
2014.30411    -13.54
2014.30685     -2.85
2014.30959     -6.42
2014.31233     -9.21
2014.31507     -4.79
2014.31781     -0.32
2014.32055     -5.18
2014.32329     -6.15
2014.32603    -14.61
2014.32877    -17.56
2014.33151     -2.14
2014.33425      5.79
2014.33699     -4.63
2014.33973     -4.31
2014.34247     -9.66
2014.34521     -3.75
2014.34795     -4.86
2014.35068     -3.10
2014.35342     -4.19
2014.35616     -4.98
2014.35890      1.28
2014.36164     -1.63
2014.36438    -15.76
2014.36712     -7.48
2014.36986     -8.91
2014.37260    -12.15
2014.37534     -8.99
2014.37808    -13.80
2014.38082     -7.28
2014.38630     -1.76
2014.38904     -7.70
2014.39178      3.45
2014.39452      4.49
2014.39726     -2.95
2014.40000     -7.63
2014.40274      2.25
2014.40548    -12.62
2014.40822     -1.69
2014.41096     -8.42
2014.41370    -10.48
2014.41644    -15.10
2014.41918    -12.35
2014.42192     -7.54
2014.42466     -4.12
2014.42740     -8.00
2014.43014     -2.47
2014.43288      0.79
2014.43562    -18.08
2014.43836     -9.07
2014.44110     -0.87
2014.44384     -6.09
2014.44658      2.24
2014.44932      1.15
2014.45205     -2.14
2014.45479      7.03
2014.45753      0.35
2014.46027      4.65
2014.46301      1.92
2014.46575      6.57
2014.46849      6.71
2014.47123      4.67
2014.47397      7.03
2014.47945     -1.86
2014.48219     -9.53
2014.48493      1.91
2014.48767      7.00
2014.49041      8.80
2014.49315      4.07
2014.49589     -3.12
2014.49863     -5.94
2014.50137     -2.78
2014.50411     -0.62
2014.50685     -4.05
2014.50959      1.09
2014.51233     -9.97
2014.51507     -1.16
2014.51781    -13.80
2014.52329     -2.12
2014.52603     -4.33
2014.52877      0.26
2014.53151     -2.11
2014.53425     -1.94
2014.53699      9.88
2014.53973      6.33
2014.54521      7.95
2014.55068     -2.04
2014.55342     -1.73
2014.55616     -2.08
2014.56438     -3.03
2014.56712     -1.64
2014.56986     -0.24
2014.57534     -1.76
2014.57808      4.96
2014.58356      2.67
2014.58630      6.90
2014.58904    -12.43
2014.59178     -0.36
2014.59452      2.42
2014.59726     -8.82
2014.61918    -12.80
2014.62192      3.83
2014.62466      6.42
2014.62740     -2.03
2014.63014     12.85
2014.63288     11.76
2014.63562      0.87
2014.63836      1.94
2014.64384     -0.85
2014.64658      6.89
2014.64932      4.09
2014.65205      9.14
2014.65479      2.02
2014.65753      3.16
2014.66027     -4.23
2014.66301     -4.37
2014.66575     11.31
2014.66849     -3.68
2014.67123      2.90
2014.67397     -0.35
2014.67671     18.22
2014.67945     12.23
2014.68219     12.25
2014.68493      9.18
2014.68767     -1.04
2014.69041     -5.48
2014.69315      6.58
2014.69589     14.74
2014.70137      3.62
2014.70411      5.06
2014.70685     13.14
2014.70959      0.50
2014.71233     12.27
2014.71507      4.31
2014.71781     14.44
2014.72055      2.80
2014.72329      4.80
2014.72603      1.52
2014.72877     13.15
2014.73151      3.83
2014.73425    -13.90
2014.73699      5.53
2014.73973     -3.31
2014.74247     -0.12
2014.74521     -2.60
2014.74795      9.48
2014.75068      2.28
2014.75342      0.01
2014.75616     -5.80
2014.75890     -7.61
2014.76164     -7.49
2014.76438     10.75
2014.76712      6.87
2014.76986      1.89
2014.77260      7.35
2014.77534      2.46
2014.77808    -10.77
2014.78082      6.98
2014.78356      4.05
2014.78630      5.11
2014.78904     -1.40
2014.79178      7.17
2014.79452     10.86
2014.79726     10.41
2014.80000     10.16
2014.80274     10.65
2014.80548      7.36
2014.80822      5.00
2014.81096     11.13
2014.81370     11.24
2014.81644     12.63
2014.81918      5.79
2014.82192      9.26
2014.82466      8.62
2014.82740     10.54
2014.83014     17.63
2014.83288      4.11
2014.83562      9.38
2014.83836      1.49
2014.84110      7.33
2014.84384      8.30
2014.84658     12.36
2014.84932     12.91
2014.85205      8.25
2014.85479     13.71
2014.85753      8.55
2014.86027     11.46
2014.86301      8.02
2014.86575      2.82
2014.86849     11.77
2014.87123     13.11
2014.87397     11.28
2014.87671      5.12
2014.87945      2.99
2014.88219      9.21
2014.88493      5.93
2014.88767     16.32
2014.89041      8.27
2014.89315     10.93
2014.89589     10.85
2014.89863      6.64
2014.90137      4.94
2014.90411      4.11
2014.90685     11.65
2014.90959     10.23
2014.91233     11.45
2014.91507      9.51
2014.91781      6.27
2014.92055      6.05
2014.92329     10.10
2014.92603      3.45
2014.92877      4.08
2014.93151      8.87
2014.93425     11.49
2014.93699      4.66
2014.93973     11.67
2014.94247      9.70
2014.94521      1.99
2014.94795     -2.40
2014.95068      5.78
2014.95342      8.62
2014.95616      4.07
2014.95890      7.23
2014.96164     14.95
2014.96438     18.04
2014.96712     12.89
2014.96986      4.46
2014.97260      7.02
2014.97534      5.48
2014.97808     11.18
2014.98082     11.50
2014.98356     10.45
2014.98630      5.23
2014.98904      3.76
2014.99178      2.58
2014.99452     12.84
2014.99726     11.20
2015.00000      9.98
2015.00274      6.75
2015.00548      7.26
2015.00822      8.43
2015.01096      8.46
2015.01370      5.37
2015.01644      9.37
2015.01918      4.12
2015.02192      8.16
2015.02466      1.09
2015.02740      1.08
2015.03014      9.38
2015.03288      8.48
2015.03562      8.11
2015.03836      0.86
2015.04110      5.60
2015.04384      1.35
2015.04658      2.21
2015.04932      6.30
2015.05205     10.87
2015.05479     11.29
2015.05753      5.42
2015.06027      1.88
2015.06301      3.35
2015.06575      6.95
2015.06849      9.88
2015.07123      5.45
2015.07397      3.35
2015.07671      8.55
2015.07945      1.71
2015.08219      4.62
2015.08493      3.12
2015.08767      6.63
2015.09041      5.96
2015.09315      5.58
2015.09589      5.90
2015.09863      8.01
2015.10137      9.63
2015.10411      4.27
2015.10685      4.89
2015.10959      5.29
2015.11233      6.39
2015.11507      3.62
2015.11781     14.32
2015.12055     -0.18
2015.12329      7.71
2015.12603      1.57
2015.12877     13.85
2015.13151     12.04
2015.13425      5.50
2015.13699      7.99
2015.13973      9.34
2015.14247      8.48
2015.14521     11.40
2015.14795      2.00
2015.15068     15.29
2015.15342      5.55
2015.15616      1.62
2015.15890      7.30
2015.16164      5.34
2015.16438      0.36
2015.16712      6.15
2015.16986      2.29
2015.17260      8.86
2015.17534      7.46
2015.17808      4.05
2015.18082      1.81
2015.18356      4.18
2015.18630      9.23
2015.18904      1.43
2015.19178      3.56
2015.19452      3.80
2015.19726     -1.48
2015.20000      3.14
2015.20274      7.72
2015.20548      3.42
2015.20822      6.21
2015.21096     16.09
2015.21370      4.62
2015.21644      7.64
2015.21918      5.85
2015.22192      4.84
2015.22466     -2.37
2015.22740     -2.31
2015.23014      1.75
2015.23288      2.52
2015.23562      6.20
2015.23836     10.73
2015.24110      6.44
2015.24384      8.38
2015.24658     10.03
2015.24932      8.39
2015.25205      9.90
2015.25479      4.43
2015.25753     10.30
2015.26027     10.35
2015.26301      5.38
2015.26575      7.68
2015.26849      6.31
2015.27123      0.43
2015.27397      6.96
2015.27671      0.23
2015.27945     10.86
2015.28219     12.32
2015.28493      8.36
2015.28767      5.46
2015.29041      9.02
2015.29315      9.07
2015.29589      0.57
2015.29863      3.21
2015.30137      2.33
2015.30411      9.29
2015.30685      2.76
2015.30959      5.95
2015.31233     10.78
2015.31507      4.93
2015.31781     10.98
2015.32055     11.37
2015.32329     10.38
2015.32603      7.43
2015.32877      4.18
2015.33151      6.58
2015.33425     -0.04
2015.33699     -0.27
2015.33973     -6.22
2015.34247      2.30
2015.34521      2.58
2015.34795      2.48
2015.35068     -1.90
2015.35342      8.51
2015.35616      0.51
2015.35890      6.39
2015.36164      2.80
2015.36438      6.95
2015.36712      4.54
2015.36986     -2.84
2015.37260     11.86
2015.37534     -1.80
2015.37808     -8.09
2015.38082     -0.06
2015.38356     -7.80
2015.38630     -5.34
2015.38904     -0.40
2015.39178     -4.29
2015.39452     -4.08
2015.39726     -5.18
2015.40000      2.36
2015.40274     -1.17
2015.40548      6.83
2015.40822     -2.57
2015.41096      1.36
2015.41370     -8.93
2015.41644     -2.17
2015.41918      0.04
2015.42192     -6.42
2015.42466      0.94
2015.42740     -3.59
2015.43014    -10.62
2015.43288     -5.34
2015.43562      0.69
2015.43836      4.98
2015.44110      6.68
2015.44384     -1.55
2015.44658     10.50
2015.44932      9.67
2015.45205     -0.65
2015.45479      2.89
2015.45753      1.56
2015.46027     -2.67
2015.46301     -5.01
2015.46575      0.99
2015.47123     -0.13
2015.47397      5.10
2015.47671      0.49
2015.47945     19.05
2015.48219     -2.25
2015.48493      6.66
2015.48767      2.76
2015.49041     -5.82
2015.49315     -3.54
2015.49589      2.20
2015.50137     -0.40
2015.50411     -8.15
2015.50685     -5.15
2015.50959     -5.36
2015.51233      7.41
2015.51507      6.85
2015.51781     16.41
2015.52055     -5.12
2015.52329    -15.56
2015.52603     -6.56
2015.52877     -9.16
2015.53425     -9.16
2015.53973    -14.62
2015.54247      5.87
2015.54521     12.13
2015.54795     -0.78
2015.55068    -10.36
2015.55342     -6.77
2015.55616     -1.68
2015.55890     -4.44
2015.56164    -15.03
2015.56438    -11.72
2015.56712    -16.85
2015.56986      0.72
2015.57260     -7.96
2015.57534     -9.47
2015.57808     -6.13
2015.58082    -12.59
2015.58356    -15.38
2015.58630     -0.81
2015.58904      1.41
2015.59178     -3.16
2015.59452    -14.50
2015.59726     -8.50
2015.60000     -7.63
2015.60274     -0.14
2015.60822      1.42
2015.61096    -11.24
2015.61370     -8.61
2015.61644    -10.19
2015.61918     -2.96
2015.62192    -11.94
2015.62466      1.06
2015.62740     -1.33
2015.63014     -0.86
2015.63562      1.09
2015.63836     -5.19
2015.64110     -4.42
2015.64384    -11.91
2015.64932     -3.22
2015.65479     -5.12
2015.65753      3.81
2015.66027      8.02
2015.66301     -1.86
2015.66575    -13.79
2015.66849     -9.91
2015.67123     -6.24
2015.67397     -1.42
2015.67671     -4.94
2015.67945     -0.11
2015.68219     11.91
2015.68493      4.19
2015.68767      2.20
2015.69041      3.57
2015.69315      2.81
2015.69589     -4.23
2015.69863      1.66
2015.70137     -5.84
2015.70411     -1.37
2015.70685     -1.43
2015.70959      3.78
2015.71233     -4.09
2015.71507     -2.07
2015.71781      8.95
2015.72055     -6.90
2015.72329      2.15
2015.72603      5.16
2015.72877      7.47
2015.73151     -2.19
2015.73425      2.38
2015.73699     -0.90
2015.73973      6.45
2015.74247     -2.82
2015.74521     -0.14
2015.74795      2.65
2015.75068      4.54
2015.75342     -2.71
2015.75616     -3.81
2015.75890    -13.23
2015.76164     -3.77
2015.76438     -4.42
2015.76712    -11.29
2015.76986    -14.74
2015.77260     -7.86
2015.77534     -6.91
2015.77808    -10.09
2015.78082    -11.57
2015.78356     -3.52
2015.78630     -8.83
2015.78904     -5.53
2015.79178     -1.06
2015.79452      4.94
2015.79726      5.16
2015.80000     -5.08
2015.80274      8.84
2015.80548     -4.13
2015.80822    -11.29
2015.81096     -8.17
2015.81370    -16.26
2015.81644      4.00
2015.81918     -7.80
2015.82192      0.04
2015.82466     -7.31
2015.82740     -6.55
2015.83014      0.07
2015.83288     -3.64
2015.83562     -0.86
2015.83836      0.59
2015.84110     -1.42
2015.84384      4.06
2015.84658      6.46
2015.84932      0.14
2015.85205      0.03
2015.85479      0.26
2015.85753      1.13
2015.86027      1.06
2015.86301      3.68
2015.86575      5.11
2015.86849      4.70
2015.87123     10.71
2015.87397     -4.28
2015.87671      6.75
2015.87945      0.12
2015.88219      2.17
2015.88493      4.97
2015.88767    -14.11
2015.89041    -12.55
2015.89315      1.34
2015.89589     -1.67
2015.89863    -11.73
2015.90137      2.00
2015.90411      2.03
2015.90685     -0.01
2015.90959     -1.78
2015.91233     -0.79
2015.91507     -4.76
2015.91781     -1.45
2015.92055     -5.02
2015.92329     -8.82
2015.92603      0.05
2015.92877     -7.28
2015.93151     -4.92
2015.93425     -6.52
2015.93699     -2.90
2015.93973    -12.82
2015.94247     -9.59
2015.94795     -8.37
2015.95068     -1.09
2015.95342     -8.09
2015.95616      4.62
2015.95890    -10.93
2015.96164     -2.78
2015.96438     -0.43
2015.96712     -8.32
2015.96986     -5.56
2015.97260     -4.71
2015.97534     -1.49
2015.97808     -5.55
2015.98082     -6.27
2015.98356     -5.32
2015.98630     -3.60
2015.98904      0.13
2015.99178     -1.53
2015.99452     -2.68
2015.99726     -3.39
2016.00000     -6.78
2016.00273     -2.26
2016.00546      0.84
2016.00820      0.10
2016.01093      3.98
2016.01366     -6.71
2016.01639     -7.72
2016.01913     -4.71
2016.02186     -3.70
2016.02459     -8.01
2016.02732     -1.52
2016.03005     -1.89
2016.03279     -9.79
2016.03552      0.36
2016.03825    -10.30
2016.04098    -12.83
2016.04372     -0.71
2016.04645    -12.55
2016.04918     -7.55
2016.05191     -7.41
2016.05464     -7.45
2016.05738     -7.18
2016.06011     -1.59
2016.06284     -9.45
2016.06557     -4.96
2016.06831    -16.66
2016.07104    -12.86
2016.07377     -4.37
2016.07650     -1.11
2016.07923     -4.35
2016.08197      9.97
2016.08470     -2.94
2016.08743      2.30
2016.09016      0.30
2016.09290      3.19
2016.09563     -3.73
2016.10383      4.20
2016.10656      1.63
2016.10929     -0.53
2016.11202      5.04
2016.11475      3.18
2016.11749     11.20
2016.12022      1.41
2016.12295      7.43
2016.12568      1.00
2016.12842      3.86
2016.13115      5.58
2016.13388      1.15
2016.13661      0.95
2016.13934      0.61
2016.14208     -0.60
2016.14481     -1.99
2016.14754      4.94
2016.15027     -7.10
2016.15301    -10.83
2016.15574     -5.98
2016.15847     -4.40
2016.16120     -0.96
2016.16393     -5.87
2016.16667     -7.45
2016.16940     -2.65
2016.17213     -0.41
2016.17486      0.30
2016.17760      3.24
2016.18033      2.54
2016.18306      0.05
2016.18579      5.51
2016.18852      1.87
2016.19126     -8.21
2016.19399     -8.75
2016.19672     -1.81
2016.19945     -8.50
2016.20219     -5.61
2016.20492     -9.14
2016.20765     -6.75
2016.21038     -6.69
2016.21311      3.38
2016.21585     -1.65
2016.21858     -2.78
2016.22131      6.88
2016.22404     -2.46
2016.22678     -5.87
2016.22951     -4.34
2016.23224     -5.01
2016.23497      7.79
2016.23770      0.12
2016.24044      0.41
2016.24317      1.29
2016.24590     -3.62
2016.24863     -2.97
2016.25137      7.48
2016.25410      8.52
2016.25683      7.58
2016.25956      8.81
2016.26230      0.56
2016.26503     10.17
2016.26776     11.09
2016.27049      4.31
2016.27322     14.33
2016.27596     -7.76
2016.27869      2.89
2016.28142      9.86
2016.28962      1.89
2016.29235      6.61
2016.29508     -2.26
2016.29781     -0.98
2016.30055      6.96
2016.30328     -0.51
2016.30601      2.00
2016.30874     -2.86
2016.31148      4.72
2016.31421      2.53
2016.31694      4.18
2016.31967      0.52
2016.32240     -6.26
2016.32514     -1.20
2016.32787     -3.47
2016.33060     -3.46
2016.33333      4.92
2016.33607     -3.72
2016.33880      4.92
2016.34153     -2.68
2016.34426      5.49
2016.34699      0.01
2016.34973     -0.22
2016.35246      5.26
2016.35519     -2.93
2016.35792      3.73
2016.36066     -4.37
2016.36339     -6.97
2016.36612     -0.97
2016.36885     -0.69
2016.37158      0.99
2016.37432     -0.50
2016.37705     -4.26
2016.37978      0.27
2016.38251     -8.58
2016.38798    -12.84
2016.39071    -11.54
2016.40437      3.45
2016.40710      3.14
2016.40984      4.79
2016.41257      7.34
2016.41530      2.07
2016.41803     -1.41
2016.42077     -5.15
2016.42350     -4.31
2016.42623      5.82
2016.43169      6.66
2016.43716     -5.53
2016.43989      1.28
2016.44262     -0.49
2016.44536     -1.79
2016.44809     16.24
2016.45628     -4.90
2016.45902     -4.17
2016.46175      1.41
2016.46721     -0.78
2016.46995    -12.86
2016.47268      4.43
2016.47541     -1.57
2016.47814     -1.17
2016.48087     -9.17
2016.48361     -4.79
2016.48907     -5.81
2016.49180      8.47
2016.49454    -17.75
2016.49727    -19.80
2016.50000    -15.09
2016.50273     -7.38
2016.50546     -7.59
2016.50820      1.68
2016.51093     -1.16
2016.51366     -4.38
2016.51639      1.95
2016.52186      0.92
2016.52459     -3.62
2016.53279      7.11
2016.54918     -3.85
2016.57104     -2.76
2016.57377     -0.60
2016.58197     10.15
2016.58743     -0.03
2016.59016     -1.44
2016.59290      0.93
2016.59563     -3.26
2016.59836     -6.83
2016.60656     -4.52
2016.61202    -11.68
2016.61475      2.75
2016.61749      3.36
2016.62022     -1.92
2016.62295     -0.39
2016.62568     -4.55
2016.62842     -3.96
2016.63388      0.47
2016.63661      5.14
2016.64208      9.63
2016.64481     -3.09
2016.64754     -6.81
2016.65027      5.32
2016.66393     -4.19
2016.66667      9.22
2016.66940     -2.37
2016.67486      4.31
2016.67760     -1.77
2016.68579      1.73
2016.68852    -13.15
2016.69126      0.91
2016.69399      3.22
2016.69945    -10.43
2016.70219      5.83
2016.71585     -2.15
2016.72131     -6.29
2016.72404     -9.31
2016.72951     -4.21
2016.73224      4.08
2016.73497     -2.65
2016.74863     -2.22
2016.75137    -12.68
2016.75410      3.50
2016.75683      2.13
2016.76776      0.94
2016.77049     -0.78
2016.77322    -15.38
2016.77596     -0.07
2016.77869     11.11
2016.78142     -7.07
2016.78689      4.57
2016.79235     -8.71
2016.79508     11.11
2016.79781      0.05
2016.80601      5.76
2016.80874     -5.53
2016.81148     12.14
2016.81421      4.13
2016.81694      0.81
2016.81967     -6.14
2016.82240      4.62
2016.82514      8.88
2016.83607     -1.12
2016.84153     -6.09
2016.84973     -5.94
2016.85792     -2.58
2016.86339     -6.62
2016.86612      2.13
2016.87158      2.75
2016.88251      3.93
2016.88525      2.93
2016.88798      3.04
2016.89071      6.15
2016.89344     -0.77
2016.89617     -1.28
2016.89891      2.93
2016.90164    -11.16
2016.90437      1.40
2016.90710     10.85
2016.90984      3.97
2016.91257     -2.86
2016.91530     -3.04
2016.91803     -2.13
2016.92077     -5.53
2016.92350     -6.16
2016.92623     -3.13
2016.92896     -2.14
2016.93169      2.60
2016.93443     -0.06
2016.93716      2.20
2016.93989     -3.32
2016.94262     -3.35
2016.94536     -6.11
2016.94809     -7.88
2016.95082     -9.07
2016.95355     -4.86
2016.95628     -3.00
2016.95902      0.08
2016.96175     -8.70
2016.96448     -4.18
2016.96721      3.12
2016.96995     -5.33
2016.97268     -2.86
2016.97541     -2.78
2016.97814     -2.08
2016.98087     -2.49
2016.98361     -3.73
2016.98634      0.61
2016.98907     -7.85
2016.99180     -3.15
2016.99454      1.99
2016.99727     -0.71
2017.00000     -1.31
2017.00274     -4.67
2017.00548     -3.10
2017.00822      0.60
2017.01096      0.20
2017.01370      0.23
2017.01644     -2.54
2017.01918      0.82
2017.02192     -0.65
2017.02466    -10.46
2017.02740      1.01
2017.03014     -0.75
2017.03288      7.28
2017.03562     -1.48
2017.03836      1.47
2017.04110     -0.11
2017.04384      0.32
2017.04658     -6.44
2017.04932      5.80
2017.05205     -2.65
2017.05479     -2.45
2017.05753     -3.71
2017.06027     -0.30
2017.06301     -1.20
2017.06575      2.57
2017.06849     -1.17
2017.07123      9.73
2017.07397      9.33
2017.07671      5.82
2017.07945     11.63
2017.08219      5.45
2017.08493      0.33
2017.08767      0.72
2017.09041      1.84
2017.09315     -1.39
2017.09589      7.94
2017.09863     -3.10
2017.10137      2.00
2017.10411      0.74
2017.10685      2.38
2017.10959      6.89
2017.11233     -0.17
2017.11507      1.04
2017.11781     -0.60
2017.12055      0.32
2017.12329     -3.68
2017.12603     -1.57
2017.12877      5.57
2017.13151     -1.26
2017.13425      1.10
2017.13699      0.77
2017.13973      4.72
2017.14247      9.05
2017.14521      6.79
2017.14795      7.38
2017.15068      4.52
2017.15616      1.55
2017.15890      2.60
2017.16164      5.90
2017.16438     -1.00
2017.16712      3.56
2017.16986      3.28
2017.17260     -0.91
2017.17534      7.24
2017.17808      0.13
2017.18082      3.03
2017.18356      0.16
2017.18630      2.57
2017.18904      6.51
2017.19178     -1.99
2017.19452      2.15
2017.19726      1.74
2017.20000      2.51
2017.20274     -4.82
2017.20548      6.03
2017.20822      1.96
2017.21096      3.39
2017.21370      3.92
2017.21644     -0.89
2017.21918      3.87
2017.22192      0.28
2017.22466      8.21
2017.22740      5.13
2017.23014      2.23
2017.23288     -1.73
2017.23562      3.63
2017.23836     -2.04
2017.24110     -1.58
2017.24384      5.16
2017.24658      7.35
2017.24932    -12.91
2017.25205     -3.86
2017.25479     -1.12
2017.25753     -0.14
2017.26027      5.03
2017.26301     12.58
2017.26575      4.17
2017.26849     13.63
2017.27123     -0.15
2017.27397      6.97
2017.27671     -5.00
2017.27945      8.95
2017.28219     -4.06
2017.28493     -2.01
2017.28767     -7.35
2017.29041     -5.27
2017.29315      3.76
2017.29589      5.40
2017.30137     -8.70
2017.30411      3.12
2017.30685     10.49
2017.30959      5.90
2017.31233     -9.15
2017.31507      1.92
2017.31781     -1.00
2017.32055     -5.52
2017.32329     -7.83
2017.32603     -5.54
2017.32877      4.77
2017.33151      4.81
2017.33425     -5.51
2017.33699     -1.06
2017.33973      3.33
2017.34247      5.78
2017.34521      3.98
2017.34795      3.84
2017.35068     -3.33
2017.35342      4.10
2017.35616      1.29
2017.35890      0.17
2017.36164      0.12
2017.36438      1.81
2017.36712      7.85
2017.36986      0.10
2017.37260      1.10
2017.37534     -7.30
2017.37808      0.60
2017.38082     10.36
2017.38356      6.95
2017.38630      3.68
2017.38904      0.20
2017.39178      4.28
2017.39452      6.53
2017.39726      3.78
2017.40000      2.25
2017.40274     -7.91
2017.40548     -5.22
2017.40822     -3.19
2017.41096     -1.82
2017.41370      6.50
2017.41918     -6.22
2017.42192     14.59
2017.42466     -2.60
2017.42740     -1.00
2017.43014      8.37
2017.43288      7.36
2017.43562     -7.25
2017.43836      0.83
2017.44110     -4.70
2017.44384     -4.86
2017.44658      1.46
2017.44932      2.27
2017.45205      5.25
2017.46301      5.85
2017.46575      0.58
2017.46849     -5.58
2017.47123      1.36
2017.47397     -0.10
2017.47671     -5.47
2017.47945      3.04
2017.48219     -0.04
2017.48493      4.22
2017.48767     -1.54
2017.49041      4.09
2017.49315      1.99
2017.49589      4.60
2017.49863      1.53
2017.50411      9.77
2017.50959      6.67
2017.51233     -4.10
2017.51507     11.07
2017.51781     -1.84
2017.52055    -17.11
2017.52603     -8.78
2017.52877      2.80
2017.53151      8.58
2017.53425     -3.33
2017.53699     -6.35
2017.53973     -2.23
2017.54247      5.87
2017.54521      7.23
2017.54795      3.30
2017.55068      5.31
2017.55616      9.69
2017.55890      1.91
2017.56164      0.86
2017.56438     -4.63
2017.56986     -6.01
2017.57260      0.60
2017.58630     -7.52
2017.58904    -16.22
2017.59178     -0.92
2017.59452      8.73
2017.59726      0.64
2017.60000      0.37
2017.60274      2.19
2017.60548      4.30
2017.60822     -6.17
2017.61096     -0.20
2017.61370      7.03
2017.61644      0.22
2017.61918     -6.26
2017.62192      1.79
2017.62466      1.88
2017.62740      2.09
2017.63014     -0.33
2017.63288      3.65
2017.63562     -5.71
2017.64384      4.91
2017.64658     -8.40
2017.64932      8.22
2017.65205     -0.15
2017.65479    -14.52
2017.65753     -5.33
2017.66027      3.25
2017.66301     -5.41
2017.66575      2.89
2017.67123     -1.96
2017.67397     -2.31
2017.67671     11.46
2017.67945     -0.94
2017.68219     -3.61
2017.68493     -8.79
2017.68767      0.74
2017.69041     -2.64
2017.69315     -3.59
2017.69589     -3.97
2017.69863     -1.26
2017.70137     -0.05
2017.70411      9.29
2017.70685     -1.70
2017.70959     -0.90
2017.71233      3.95
2017.71507     -5.67
2017.71781      0.15
2017.72055     -2.18
2017.72329     -5.09
2017.72603     -3.25
2017.72877     -8.12
2017.73151     -1.22
2017.73425      1.88
2017.73699     -0.73
2017.73973      2.84
2017.74247      3.18
2017.74795      3.14
2017.75068     -5.03
2017.75342      7.44
2017.75616     11.85
2017.76164    -11.89
2017.76438      6.57
2017.76712     -6.48
2017.77808      8.21
2017.78082      1.59
2017.78630     10.97
2017.79178     -7.43
2017.79452     -6.04
2017.79726     -5.85
2017.80000    -10.16
2017.80274     -6.77
2017.80548      0.45
2017.80822     -8.72
2017.81096     -1.89
2017.81370     -7.93
2017.81644      0.37
2017.81918     -3.59
2017.82192     -8.09
2017.82466     -9.80
2017.82740    -13.47
2017.83014     -7.03
2017.83288      2.32
2017.83562      4.72
2017.83836      5.60
2017.84110      1.37
2017.84384     -3.61
2017.84658      1.06
2017.84932      7.17
2017.85205      2.27
2017.85479      7.39
2017.85753      8.37
2017.86301      0.54
2017.86575     -0.43
2017.86849      6.80
2017.87123      1.40
2017.87397      7.32
2017.87671      5.94
2017.87945     -1.45
2017.88219     -4.52
2017.88493      3.22
2017.88767     -1.55
2017.89041     -0.47
2017.89315      6.79
2017.89589     -0.72
2017.89863      1.04
2017.90137      1.34
2017.90411     -2.12
2017.90685      2.33
2017.90959     -3.35
2017.91233     -0.17
2017.91507      1.89
2017.91781      1.78
2017.92055      1.63
2017.92329      1.03
2017.92603     -4.76
2017.92877      0.34
2017.93151      2.04
2017.93425      6.29
2017.93699     -3.18
2017.93973     -1.74
2017.94247      2.78
2017.94521      2.79
2017.94795     -1.82
2017.95342     -1.80
2017.95616     -1.90
2017.95890    -12.28
2017.96164    -11.60
2017.96438      3.23
2017.96712     -1.15
2017.96986     -0.45
2017.97260     -1.48
2017.97534     -1.06
2017.97808      4.15
2017.98082     -1.34
2017.98356      3.75
2017.98630     -3.42
2017.98904      2.50
2017.99178     -2.66
2017.99452     -3.92
2017.99726      0.71
2018.00000     -0.27
2018.00274     -1.87
2018.00548      0.84
2018.00822     -6.80
2018.01096     -2.08
2018.01370      0.58
2018.01644      3.27
2018.01918      0.29
2018.02192      3.12
2018.02466      2.71
2018.02740     -1.13
2018.03014     -4.26
2018.03288     -6.83
2018.03562     -2.41
2018.03836      1.38
2018.04110      3.67
2018.04384      3.03
2018.04658      7.18
2018.04932      4.86
2018.05205      2.16
2018.05479      2.57
2018.05753     -0.79
2018.06027      2.00
2018.06301     -1.19
2018.06575      4.43
2018.06849     -7.93
2018.07123     -1.56
2018.07397     -5.13
2018.07671     -4.90
2018.07945     -0.89
2018.08219     -7.67
2018.08493     -8.29
2018.08767     -1.93
2018.09041     -5.63
2018.09315     -5.34
2018.09589     -0.35
2018.09863      2.68
2018.10137     -2.25
2018.10411      5.44
2018.10685      6.30
2018.10959     -0.52
2018.11233      7.09
2018.11507      1.26
2018.11781     -3.24
2018.12055      0.92
2018.12329     -2.66
2018.12603     -1.85
2018.12877     -1.49
2018.13151     -7.26
2018.13425     -2.40
2018.13699      2.76
2018.13973     -7.61
2018.14247      0.60
2018.14521     -3.73
2018.14795     -4.34
2018.15068     -4.47
2018.15342      3.03
2018.15616     -4.04
2018.15890     -3.38
2018.16164     -9.31
