2012.00000    -19.96      2.60
2012.00273    -22.35      2.65
2012.00546    -21.40      2.59
2012.00820    -21.45      2.54
2012.01093    -23.20      2.63
2012.01366    -22.58      2.57
2012.01639    -21.88      2.59
2012.01913    -23.16      2.62
2012.02186    -21.86      2.75
2012.02459    -23.06      2.65
2012.02732    -24.35      2.71
2012.03005    -24.22      2.95
2012.03279    -22.04      2.60
2012.03552    -22.62      2.58
2012.03825    -24.02      2.53
2012.04098    -23.15      2.76
2012.04372    -24.10      2.91
2012.04645    -22.99      2.71
2012.04918    -21.85      2.60
2012.05191    -22.81      2.73
2012.05464    -21.32      2.68
2012.05738    -20.94      2.67
2012.06011    -22.56      2.77
2012.06284    -23.57      2.70
2012.06557    -22.43      2.61
2012.06831    -20.63      2.54
2012.07104    -22.41      2.65
2012.07377    -22.75      2.67
2012.07650    -21.78      2.66
2012.07923    -25.37      2.73
2012.08197    -23.62      2.81
2012.08470    -22.00      2.53
2012.08743    -20.15      2.54
2012.09016    -21.83      2.61
2012.09290    -22.99      2.54
2012.09563    -22.74      2.77
2012.09836    -24.50      3.15
2012.10109    -22.27      3.67
2012.10383    -21.46      2.91
2012.10656    -22.45      2.55
2012.10929    -24.00      2.50
2012.11202    -22.26      2.61
2012.11475    -23.82      2.66
2012.11749    -23.11      2.65
2012.12022    -23.22      2.89
2012.12295    -25.53      2.95
2012.12568    -21.72      3.43
2012.12842    -23.77      2.77
2012.13115    -20.50      2.59
2012.13388    -22.04      2.82
2012.13661    -22.04      2.92
2012.13934    -24.94      2.90
2012.14208    -21.37      3.29
2012.14481    -22.31      3.20
2012.14754    -24.85      3.04
2012.15027    -22.38      3.13
2012.15301    -24.48      2.84
2012.15574    -24.18      2.73
2012.15847    -22.89      2.62
2012.16120    -23.52      3.02
2012.16393    -24.49      2.69
2012.16667    -24.15      2.78
2012.16940    -22.88      2.88
2012.17213    -24.81      2.88
2012.17486    -22.53      2.95
2012.17760    -23.37      3.08
2012.18033    -25.90      2.97
2012.18306    -26.15      2.97
2012.18579    -20.28      3.05
2012.18852    -20.99      2.96
2012.19126    -19.80      2.87
2012.19399    -23.55      2.99
2012.19672    -23.71      3.26
2012.19945    -23.94      2.88
2012.20219    -22.18      2.83
2012.20492    -26.02      2.92
2012.20765    -23.38      3.20
2012.21038    -22.16      3.06
2012.21311    -25.27      2.88
2012.21585    -24.86      2.88
2012.21858    -24.11      2.94
2012.22131    -24.42      2.93
2012.22404    -24.73      2.88
2012.22678    -21.75      3.34
2012.22951    -24.60      2.91
2012.23224    -24.14      2.93
2012.23497    -24.88      3.06
2012.23770    -22.61      2.99
2012.24044    -23.70      3.92
2012.24317    -25.19      2.97
2012.24590    -24.01      2.92
2012.24863    -23.38      2.92
2012.25137    -24.36      2.98
2012.25410    -23.71      3.16
2012.25683    -23.39      2.97
2012.25956    -23.93      2.79
2012.26230    -25.67      2.76
2012.26503    -22.11      3.14
2012.26776    -21.39      3.02
2012.27049    -22.54      2.79
2012.27322    -22.75      2.92
2012.27596    -25.28      2.85
2012.27869    -27.57      2.81
2012.28142    -25.88      2.93
2012.28415    -24.40      3.01
2012.28689    -25.57      2.74
2012.28962    -23.59      2.76
2012.29235    -23.45      3.26
2012.29508    -23.50      3.10
2012.29781    -24.13      2.77
2012.30055    -24.58      2.90
2012.30328    -24.24      3.30
2012.30601    -23.98      3.21
2012.30874    -23.78      2.85
2012.31148    -26.04      3.36
2012.31421    -25.37      2.91
2012.31694    -27.91      5.81
2012.31967    -24.37      3.28
2012.32240    -23.95      3.54
2012.32514    -23.52      3.01
2012.32787    -24.54      3.98
2012.33060    -27.27      3.50
2012.33333    -28.03      3.22
2012.33607    -22.36      4.64
2012.33880    -26.25      3.52
2012.34153    -25.88      3.43
2012.34426    -25.22      2.75
2012.34699    -25.39      2.54
2012.34973    -25.25      2.89
2012.35246    -27.35      2.85
2012.35519    -27.86      3.02
2012.35792    -23.61      3.75
2012.36066    -26.24      2.76
2012.36339    -27.23      2.84
2012.36612    -27.30      2.85
2012.36885    -28.02      2.91
2012.37158    -26.68      2.90
2012.37432    -25.78      2.98
2012.37705    -26.15      3.29
2012.37978    -26.68      2.82
2012.38251    -28.18      4.06
2012.38525    -28.37      3.15
2012.38798    -25.87      3.09
2012.39071    -29.25      2.92
2012.39344    -26.93      3.01
2012.39617    -27.99      2.90
2012.39891    -28.90      2.85
2012.40164    -27.85      3.24
2012.40437    -26.10      3.58
2012.40710    -26.29      3.01
2012.40984    -30.76      3.96
2012.41257    -29.40      3.41
2012.41530    -27.59      3.11
2012.41803    -28.33      2.68
2012.42077    -29.46      2.73
2012.42350    -31.64      2.93
2012.42623    -30.20      2.78
2012.42896    -27.15      2.79
2012.43169    -30.27      2.96
2012.43443    -28.89      3.34
2012.43716    -28.37      4.11
2012.53005    -36.30      4.66
2012.53279    -34.28      3.15
2012.53552    -34.78      3.72
2012.53825    -36.44      3.60
2012.54098    -35.19      3.05
2012.54372    -30.32      3.27
2012.54645    -29.00      3.05
2012.54918    -30.60      3.51
2012.55191    -32.89      3.19
2012.55464    -32.64      3.37
2012.55738    -32.04      3.23
2012.56011    -31.94      3.04
2012.56284    -33.27      3.28
2012.56557    -33.32      3.26
2012.56831    -32.64      3.02
2012.57104    -32.13      3.11
2012.57377    -33.41      2.88
2012.57650    -31.24      3.49
2012.57923    -33.05      2.97
2012.58197    -32.53      3.22
2012.58470    -30.37      3.40
2012.58743    -35.36      3.48
2012.59016    -30.38      4.08
2012.59563    -30.66      3.73
2012.59836    -31.02      4.12
2012.60109    -35.10      5.19
2012.60929    -34.46      4.45
2012.61202    -32.36      3.53
2012.61475    -35.55      3.21
2012.61749    -33.57      3.16
2012.62022    -32.21      3.27
2012.62295    -32.40      3.41
2012.62568    -34.02      3.13
2012.62842    -33.53      3.13
2012.63115    -31.48      3.42
2012.63388    -33.46      3.62
2012.63661    -32.78      3.39
2012.63934    -32.14      3.99
2012.64208    -33.93      3.45
2012.64481    -35.24      3.88
2012.64754    -33.14      4.02
2012.65027    -29.71      3.58
2012.65301    -33.51      3.55
2012.65574    -32.12      4.01
2012.65847    -37.53      3.90
2012.66120    -32.07      4.08
2012.66393    -38.70      4.14
2012.66667    -35.44      3.72
2012.66940    -35.09      3.72
2012.67213    -35.43      3.62
2012.67486    -40.01      3.48
2012.67760    -36.22      3.13
2012.68033    -34.36      3.23
2012.68306    -32.02      3.18
2012.68579    -35.54      3.26
2012.68852    -35.91      3.64
2012.69126    -32.48      3.44
2012.69399    -34.83      3.64
2012.69672    -36.54      3.24
2012.69945    -31.86      3.16
2012.70219    -31.19      4.26
2012.70492    -32.19      3.66
2012.70765    -33.30      2.81
2012.71038    -32.54      2.86
2012.71311    -34.18      2.90
2012.71585    -33.59      3.11
2012.71858    -32.42      2.92
2012.72131    -34.77      2.93
2012.72404    -34.72      2.84
2012.72678    -33.16      2.89
2012.73224    -35.43      3.32
2012.73497    -34.01      3.23
2012.73770    -33.61      3.72
2012.74044    -33.04      3.58
2012.74317    -34.33      3.27
2012.74590    -34.73      3.21
2012.74863    -31.82      2.89
2012.75137    -32.35      3.13
2012.75410    -32.66      3.27
2012.75683    -34.17      3.31
2012.75956    -33.82      3.06
2012.76230    -34.43      2.85
2012.76503    -31.39      3.16
2012.76776    -34.34      2.89
2012.77049    -32.16      2.77
2012.77322    -35.32      2.71
2012.77596    -32.63      2.84
2012.77869    -32.25      2.97
2012.78142    -32.96      2.96
2012.78415    -32.70      2.76
2012.78689    -33.65      2.79
2012.78962    -31.82      2.78
2012.79235    -34.12      2.90
2012.79508    -33.33      3.05
2012.79781    -33.52      3.04
2012.80055    -34.01      2.89
2012.80328    -35.15      2.83
2012.80601    -32.29      2.85
2012.80874    -36.50      2.84
2012.81148    -33.24      2.97
2012.81421    -34.03      2.78
2012.81694    -34.58      3.11
2012.81967    -34.60      3.29
2012.82240    -36.84      3.61
2012.82514    -34.90      2.76
2012.82787    -33.81      3.31
2012.83060    -33.79      2.83
2012.83333    -35.73      3.04
2012.83607    -34.24      3.42
2012.83880    -35.08      3.46
2012.84153    -34.79      3.62
2012.84426    -33.72      3.60
2012.84699    -38.39      3.09
2012.84973    -35.52      3.01
2012.85246    -36.92      3.06
2012.85519    -34.14      2.91
2012.85792    -34.40      2.92
2012.86066    -35.76      3.07
2012.86339    -34.81      3.20
2012.86612    -35.02      2.92
2012.86885    -34.18      2.98
2012.87158    -35.31      2.87
2012.87432    -34.86      2.98
2012.87705    -35.55      3.24
2012.87978    -33.14      3.15
2012.88251    -33.71      3.12
2012.88525    -35.27      3.05
2012.88798    -35.49      2.99
2012.89071    -35.46      3.39
2012.89344    -35.24      3.27
2012.89617    -38.38      3.39
2012.89891    -37.53      2.70
2012.90164    -37.10      2.78
2012.90437    -37.46      2.96
2012.90710    -37.42      2.75
2012.90984    -36.04      2.88
2012.91257    -37.42      2.77
2012.91530    -38.51      2.84
2012.91803    -37.12      3.30
2012.92077    -35.97      3.20
2012.92350    -37.17      3.06
2012.92623    -37.52      2.97
2012.92896    -35.79      3.55
2012.93169    -37.20      3.05
2012.93443    -36.22      3.00
2012.93716    -36.81      3.20
2012.93989    -37.39      3.17
2012.94262    -39.84      2.77
2012.94536    -37.39      2.83
2012.94809    -38.03      2.88
2012.95082    -38.90      2.91
2012.95355    -37.35      2.61
2012.95628    -38.46      2.86
2012.95902    -36.32      2.85
2012.96175    -36.84      2.77
2012.96448    -36.98      2.64
2012.96721    -37.86      2.59
2012.96995    -38.42      2.73
2012.97268    -38.13      2.68
2012.97541    -36.92      2.74
2012.97814    -37.95      2.72
2012.98087    -38.55      2.61
2012.98361    -38.98      2.60
2012.98634    -39.05      2.64
2012.98907    -39.99      2.80
2012.99180    -38.97      2.78
2012.99454    -40.08      3.43
2012.99727    -37.79      2.81
2013.00000    -42.11      2.56
2013.00274    -36.93      2.92
2013.00548    -38.03      2.99
2013.00822    -38.53      2.78
2013.01096    -37.29      2.61
2013.01370    -36.70      2.79
2013.01644    -37.04      2.99
2013.01918    -37.18      2.94
2013.02192    -36.73      2.91
2013.02466    -39.55      2.77
2013.02740    -36.06      2.84
2013.03014    -40.49      2.88
2013.03288    -36.32      3.46
2013.03562    -37.90      3.09
2013.03836    -39.16      2.64
2013.04110    -39.27      2.56
2013.04384    -38.99      2.73
2013.04658    -36.58      2.55
2013.04932    -39.53      2.59
2013.05205    -40.64      2.58
2013.05479    -37.40      2.66
2013.05753    -38.75      2.42
2013.06027    -38.16      2.53
2013.06301    -39.31      2.58
2013.06575    -40.15      2.58
2013.06849    -39.74      2.53
2013.07123    -40.52      2.47
2013.07397    -40.68      2.57
2013.07671    -39.49      2.45
2013.07945    -39.70      2.49
2013.08219    -40.55      2.76
2013.08493    -41.02      2.69
2013.08767    -41.39      3.15
2013.09041    -39.69      3.01
2013.09315    -39.96      2.62
2013.09589    -39.63      2.69
2013.09863    -40.03      3.11
2013.10137    -39.76      2.74
2013.10411    -39.46      2.70
2013.10685    -39.70      2.60
2013.10959    -38.69      2.68
2013.11233    -40.91      2.78
2013.11507    -37.74      2.69
2013.11781    -38.90      2.70
2013.12055    -42.11      2.97
2013.12329    -39.02      2.80
2013.12603    -39.33      3.04
2013.12877    -40.97      2.67
2013.13151    -40.96      2.71
2013.13425    -40.21      2.74
2013.13699    -38.05      2.79
2013.13973    -40.54      3.10
2013.14247    -41.80      2.80
2013.14521    -39.06      2.81
2013.14795    -41.63      2.79
2013.15342    -39.82      2.75
2013.15616    -41.27      2.88
2013.15890    -40.36      2.78
2013.16164    -40.03      2.69
2013.16438    -43.24      3.00
2013.16712    -39.12      2.78
2013.16986    -39.93      2.69
2013.17260    -39.83      2.64
2013.17534    -40.77      3.11
2013.17808    -40.38      2.99
2013.18082    -42.28      3.12
2013.18356    -41.66      2.82
2013.18630    -43.76      2.90
2013.18904    -40.79      3.08
2013.19178    -42.72      3.05
2013.19452    -40.92      2.94
2013.19726    -41.48      3.22
2013.20000    -42.70      2.98
2013.20274    -41.37      2.82
2013.20548    -41.86      3.00
2013.20822    -42.51      3.25
2013.21096    -41.24      3.03
2013.21370    -41.99      3.08
2013.21644    -43.54      3.28
2013.21918    -41.61      3.25
2013.22192    -42.00      3.06
2013.22466    -40.52      3.40
2013.22740    -44.03      3.86
2013.23014    -40.00      2.88
2013.23288    -41.79      3.33
2013.23562    -42.10      2.99
2013.23836    -39.52      3.40
2013.24110    -42.35      3.08
2013.24384    -41.80      2.86
2013.24658    -42.08      2.98
2013.24932    -43.62      2.95
2013.25205    -43.95      3.16
2013.25479    -41.44      3.39
2013.25753    -43.45      3.60
2013.26027    -42.77      4.28
2013.26301    -42.85      3.28
2013.26575    -41.66      2.91
2013.26849    -43.79      3.11
2013.27123    -41.37      3.61
2013.27397    -43.48      3.32
2013.27671    -43.06      3.09
2013.27945    -41.53      3.26
2013.28219    -43.75      3.14
2013.28493    -44.26      2.97
2013.28767    -43.71      3.19
2013.29041    -46.36      3.27
2013.29315    -43.20      3.30
2013.29589    -42.61      3.38
2013.29863    -42.75      3.25
2013.30137    -43.65      3.44
2013.30411    -42.09      2.88
2013.30685    -42.26      2.90
2013.31233    -43.11      3.11
2013.31507    -44.87      3.29
2013.31781    -42.92      3.28
2013.32055    -44.66      3.70
2013.32329    -44.43      3.24
2013.32603    -44.95      2.95
2013.32877    -44.49      3.32
2013.33151    -43.54      3.12
2013.33425    -44.40      3.29
2013.33699    -43.47      3.25
2013.33973    -42.48      3.22
2013.34247    -45.23      3.51
2013.34521    -47.04      3.96
2013.34795    -44.97      3.25
2013.35068    -45.88      3.07
2013.35342    -46.79      3.24
2013.35616    -42.84      3.85
2013.35890    -47.95      3.45
2013.36164    -46.33      3.49
2013.36438    -45.23      3.80
2013.36712    -44.35      3.75
2013.36986    -47.20      4.15
2013.37260    -48.13      5.10
2013.37534    -45.12      4.07
2013.37808    -47.92      4.37
2013.38082    -46.72      4.10
2013.38356    -50.58      4.75
2013.38630    -46.90      3.27
2013.38904    -50.58      3.79
2013.39178    -47.88      3.78
2013.39452    -46.76      3.74
2013.39726    -49.41      3.61
2013.40000    -49.11      3.28
2013.40274    -50.72      3.46
2013.40548    -48.51      3.32
2013.40822    -48.52      3.34
2013.41096    -48.82      3.86
2013.41370    -49.60      3.30
2013.41644    -51.54      3.53
2013.41918    -48.58      3.50
2013.42192    -51.71      3.50
2013.42466    -51.13      3.44
2013.42740    -49.64      3.62
2013.43014    -50.07      3.80
2013.43288    -50.23      3.49
2013.43562    -51.47      3.97
2013.43836    -52.14      3.84
2013.44110    -52.69      3.65
2013.44384    -49.66      3.91
2013.44658    -49.73      4.34
2013.44932    -52.51      3.94
2013.45205    -51.43      3.38
2013.45479    -49.38      3.30
2013.45753    -52.39      3.81
2013.46027    -52.23      4.08
2013.46301    -52.08      3.90
2013.46575    -52.78      3.89
2013.46849    -48.17      3.79
2013.47123    -50.81      3.65
2013.47397    -52.17      3.51
2013.47671    -51.69      4.30
2013.47945    -54.16      3.58
2013.48219    -53.60      3.67
2013.48493    -54.45      3.40
2013.48767    -51.19      3.14
2013.49041    -52.06      3.15
2013.49315    -51.29      3.89
2013.49589    -51.44      3.40
2013.49863    -52.25      3.26
2013.50137    -52.35      3.63
2013.50411    -48.50      3.78
2013.50685    -50.63      3.73
2013.50959    -50.96      4.10
2013.51233    -54.51      3.66
2013.51507    -52.50      3.82
2013.51781    -51.41      3.66
2013.52055    -54.89      3.92
2013.52329    -51.54      3.87
2013.52603    -52.15      3.53
2013.52877    -52.98      4.06
2013.53151    -51.76      5.70
2013.53425    -51.79      3.54
2013.53699    -49.99      3.33
2013.53973    -50.89      3.72
2013.54247    -51.31      3.56
2013.54521    -54.56      3.17
2013.54795    -52.91      3.08
2013.55616    -55.33      3.71
2013.55890    -53.03      3.59
2013.56164    -52.36      4.23
2013.56438    -51.19      4.03
2013.56712    -56.04      3.70
2013.56986    -51.50      3.63
2013.57260    -50.21      4.04
2013.57534    -53.43      3.62
2013.57808    -55.00      3.47
2013.58082    -52.96      3.87
2013.58356    -54.00      3.30
2013.58630    -55.48      3.23
2013.58904    -58.94      3.78
2013.59178    -53.68      3.83
2013.59452    -54.82      3.76
2013.59726    -53.15      3.58
2013.60000    -57.41      3.67
2013.60274    -52.86      3.08
2013.60548    -51.73      3.82
2013.60822    -57.54      4.09
2013.61096    -51.34      3.68
2013.61370    -54.80      3.49
2013.61644    -51.75      3.47
2013.61918    -55.47      3.34
2013.62192    -54.26      3.74
2013.62466    -57.42      3.83
2013.62740    -56.06      4.06
2013.63014    -52.78      3.78
2013.63288    -54.04      4.16
2013.63562    -55.46      3.97
2013.63836    -53.51      4.32
2013.64110    -56.45      5.26
2013.64384    -55.69      4.08
2013.64658    -55.33      4.07
2013.64932    -55.94      4.41
2013.65479    -52.93      3.66
2013.65753    -55.41      4.42
2013.66027    -57.58      5.75
2013.66301    -53.79      4.77
2013.66575    -56.21      4.18
2013.66849    -53.00      4.12
2013.67123    -52.74      3.43
2013.67671    -55.62      3.58
2013.68219    -54.04      3.02
2013.68493    -56.21      3.18
2013.68767    -53.92      3.38
2013.69041    -57.56      3.94
2013.69315    -54.20      3.59
2013.69589    -56.39      3.62
2013.69863    -54.54      3.44
2013.70137    -56.06      3.54
2013.70411    -56.60      3.32
2013.70685    -55.31      4.17
2013.70959    -55.77      3.95
2013.71233    -52.86      3.85
2013.71507    -55.88      3.77
2013.71781    -56.26      3.66
2013.72055    -56.05      3.65
2013.72329    -54.29      4.33
2013.72603    -54.20      3.63
2013.72877    -51.82      3.97
2013.73151    -51.64      3.51
2013.73425    -54.08      3.66
2013.73699    -57.58      3.53
2013.73973    -55.20      3.18
2013.74247    -53.84      3.04
2013.74521    -53.89      3.37
2013.74795    -57.45      3.43
2013.75068    -54.68      3.35
2013.75342    -57.88      3.35
2013.75616    -55.76      3.29
2013.75890    -54.34      3.10
2013.76164    -55.46      3.38
2013.76438    -53.41      3.29
2013.76712    -53.92      2.93
2013.76986    -55.38      3.11
2013.77260    -56.95      3.45
2013.77534    -57.69      4.10
2013.77808    -53.88      3.52
2013.78082    -54.40      3.47
2013.78356    -55.30      3.52
2013.78630    -54.55      3.23
2013.78904    -54.24      3.16
2013.79178    -54.98      2.91
2013.79452    -51.75      2.88
2013.79726    -53.92      4.66
2013.80000    -56.29      3.02
2013.80274    -54.01      2.90
2013.80548    -56.05      2.82
2013.80822    -55.23      3.08
2013.81096    -56.62      2.97
2013.81370    -56.59      2.85
2013.81644    -54.08      3.13
2013.81918    -57.47      2.96
2013.82192    -58.14      3.03
2013.82466    -54.62      2.95
2013.82740    -56.42      3.14
2013.83014    -56.04      3.22
2013.83288    -58.07      3.78
2013.83562    -55.73      3.72
2013.83836    -56.28      3.43
2013.84110    -57.03      3.23
2013.84384    -59.30      3.37
2013.84658    -57.55      3.11
2013.84932    -57.93      2.95
2013.85205    -57.44      3.07
2013.85479    -57.34      3.42
2013.85753    -56.69      3.41
2013.86027    -55.30      3.08
2013.86301    -56.99      3.18
2013.86575    -55.94      3.22
2013.86849    -57.60      3.08
2013.87123    -59.53      3.11
2013.87397    -57.24      2.92
2013.87671    -55.76      3.14
2013.87945    -56.51      2.94
2013.88219    -57.83      2.95
2013.88493    -56.02      2.90
2013.88767    -56.17      3.05
2013.89041    -56.90      2.88
2013.89315    -59.88      2.97
2013.89589    -57.07      2.93
2013.89863    -57.98      3.50
2013.90137    -55.02      3.05
2013.90411    -59.80      2.88
2013.90685    -57.84      2.85
2013.90959    -56.80      2.87
2013.91233    -58.27      2.77
2013.91507    -59.03      2.89
2013.91781    -58.87      2.79
2013.92055    -58.78      2.71
2013.92329    -60.28      2.60
2013.92603    -58.67      2.69
2013.92877    -57.86      2.70
2013.93151    -57.45      2.70
2013.93425    -56.25      2.68
2013.93699    -58.23      3.13
2013.93973    -58.21      2.91
2013.94247    -57.93      2.77
2013.94521    -59.48      2.98
2013.94795    -57.98      2.85
2013.95068    -56.76      2.99
2013.95342    -59.01      2.99
2013.95616    -57.43      3.15
2013.95890    -57.13      3.25
2013.96164    -57.37      3.17
2013.96438    -58.51      3.05
2013.96712    -58.93      3.09
2013.96986    -58.95      3.69
2013.97260    -60.56      2.73
2013.97534    -57.24      2.86
2013.97808    -57.27      2.83
2013.98082    -58.27      2.95
2013.98356    -57.81      2.89
2013.98630    -59.81      2.80
2013.98904    -61.14      5.80
2013.99726    -60.93      2.97
2014.00000    -60.20      2.91
2014.00274    -60.23      2.92
2014.00548    -59.37      2.99
2014.00822    -62.18      2.93
2014.01096    -60.52      2.97
2014.01370    -59.42      2.82
2014.01644    -58.93      2.76
2014.01918    -60.69      2.87
2014.02192    -59.60      2.97
2014.02466    -58.31      2.91
2014.02740    -59.30      2.86
2014.03014    -59.19      2.85
2014.03288    -59.70      2.76
2014.03562    -59.65      2.70
2014.03836    -61.59      2.94
2014.04110    -61.32      2.75
2014.04384    -60.08      2.81
2014.04658    -60.27      2.84
2014.04932    -59.50      2.75
2014.05205    -60.28      2.73
2014.05479    -59.82      3.06
2014.05753    -59.33      2.90
2014.06027    -62.53      3.21
2014.06301    -60.13      2.86
2014.06575    -62.08      2.75
2014.06849    -61.20      2.93
2014.07123    -60.91      3.01
2014.07397    -62.89      3.19
2014.07671    -62.24      3.10
2014.07945    -62.07      3.97
2014.08219    -61.84      3.19
2014.08493    -64.24      3.08
2014.08767    -63.40      3.31
2014.09041    -61.71      3.62
2014.09315    -63.03      3.35
2014.09589    -62.21      3.21
2014.09863    -63.06      3.21
2014.10137    -61.64      3.43
2014.10411    -61.69      3.02
2014.10685    -60.47      2.95
2014.10959    -58.92      3.13
2014.11233    -58.91      3.19
2014.11507    -58.43      2.81
2014.11781    -58.88      2.85
2014.12055    -60.45      3.03
2014.12329    -62.20      2.91
2014.12603    -59.89      2.96
2014.12877    -60.72      3.00
2014.13151    -60.89      3.08
2014.13425    -60.22      3.24
2014.13699    -61.14      2.94
2014.13973    -59.54      2.86
2014.14247    -59.04      2.88
2014.14521    -59.02      2.94
2014.14795    -61.51      2.93
2014.15068    -60.74      2.92
2014.15342    -61.48      3.02
2014.15616    -57.00      3.11
2014.15890    -61.23      3.30
2014.16164    -59.44      3.36
2014.16438    -60.50      3.22
2014.16712    -60.83      2.87
2014.16986    -62.11      2.93
2014.17260    -63.33      2.89
2014.17534    -62.54      3.29
2014.17808    -60.49      2.97
2014.18082    -59.81      3.46
2014.18356    -58.46      3.56
2014.18630    -60.21      3.56
2014.18904    -62.50      3.04
2014.19178    -62.14      3.28
2014.19452    -58.92      3.75
2014.19726    -57.54      3.45
2014.20000    -59.83      4.08
2014.20274    -63.42      3.29
2014.20548    -61.73      3.60
2014.20822    -63.49      3.16
2014.21096    -63.00      2.90
2014.21370    -60.85      3.11
2014.21644    -62.90      3.14
2014.21918    -62.08      2.90
2014.22192    -62.63      2.90
2014.22466    -60.54      2.86
2014.22740    -64.19      3.09
2014.23014    -63.56      3.00
2014.23288    -62.66      3.16
2014.23562    -63.69      3.33
2014.23836    -64.05      3.20
2014.24110    -65.32      3.47
2014.24384    -62.74      3.18
2014.24658    -64.99      4.18
2014.24932    -65.52      3.09
2014.25205    -63.68      3.28
2014.25479    -63.78      3.55
2014.25753    -63.34      3.50
2014.26027    -63.10      2.89
2014.26301    -62.54      3.01
2014.26575    -63.93      2.84
2014.26849    -62.69      3.03
2014.27123    -64.58      3.09
2014.27397    -60.74      3.87
2014.27671    -61.45      3.19
2014.27945    -64.25      3.32
2014.28219    -60.78      3.13
2014.28493    -61.94      2.92
2014.28767    -62.68      3.18
2014.29041    -64.80      2.98
2014.29315    -67.63      3.19
2014.29589    -64.92      3.22
2014.29863    -63.94      3.19
2014.30137    -64.29      3.02
2014.30411    -64.49      2.86
2014.30685    -65.29      2.97
2014.30959    -64.82      3.11
2014.31233    -62.78      3.01
2014.31507    -66.44      3.01
2014.31781    -65.55      3.22
2014.32055    -62.72      3.45
2014.32329    -65.88      2.92
2014.32603    -67.41      3.03
2014.32877    -67.12      3.37
2014.33151    -62.78      3.22
2014.33425    -64.85      2.94
2014.33699    -66.44      3.16
2014.33973    -67.45      2.96
2014.34247    -67.54      3.04
2014.34521    -65.35      3.04
2014.34795    -67.46      3.09
2014.35068    -66.43      3.06
2014.35342    -65.89      3.21
2014.35616    -67.13      3.06
2014.35890    -68.41      3.19
2014.36164    -67.27      3.40
2014.36438    -64.92      3.88
2014.36712    -70.78      3.50
2014.36986    -69.50      4.01
2014.37260    -68.97      3.65
2014.37534    -67.35      3.42
2014.37808    -69.53      4.30
2014.38082    -69.38      4.33
2014.38630    -67.78      3.68
2014.38904    -68.97      3.42
2014.39178    -69.20      3.63
2014.39452    -70.17      3.41
2014.39726    -67.72      3.43
2014.40000    -71.08      4.08
2014.40274    -70.89      3.96
2014.40548    -69.63      4.22
2014.40822    -72.97      3.67
2014.41096    -71.39      3.54
2014.41370    -69.21      3.28
2014.41644    -71.36      3.62
2014.41918    -72.85      3.82
2014.42192    -73.39      4.00
2014.42466    -69.73      4.11
2014.42740    -73.91      3.69
2014.43014    -72.33      3.19
2014.43288    -71.05      3.94
2014.43562    -72.01      4.01
2014.43836    -69.92      3.52
2014.44110    -70.21      3.14
2014.44384    -72.39      3.45
2014.44658    -70.71      3.38
2014.44932    -72.40      3.30
2014.45205    -71.58      3.29
2014.45479    -71.05      3.40
2014.45753    -72.00      3.54
2014.46027    -68.76      3.37
2014.46301    -73.84      3.18
2014.46575    -74.16      3.41
2014.46849    -72.97      3.49
2014.47123    -70.82      3.46
2014.47397    -72.02      3.75
2014.47671    -70.68      4.56
2014.48219    -74.01      3.83
2014.48493    -71.74      3.47
2014.48767    -72.50      3.17
2014.49041    -73.14      4.55
2014.49315    -73.94      3.64
2014.49589    -71.29      3.45
2014.49863    -76.07      3.70
2014.50137    -70.68      3.23
2014.50411    -71.00      3.79
2014.50685    -74.25      3.85
2014.50959    -72.27      3.89
2014.51233    -72.09      3.57
2014.51507    -72.88      3.82
2014.51781    -72.49      3.78
2014.52055    -71.56      5.18
2014.52329    -73.91      3.74
2014.52603    -73.20      3.51
2014.52877    -74.20      3.45
2014.53151    -73.31      3.20
2014.53425    -74.14      3.45
2014.53699    -73.28      3.76
2014.53973    -71.91      3.86
2014.54247    -73.36      4.67
2014.54521    -71.47      4.21
2014.54795    -76.91      4.77
2014.55068    -69.16      3.95
2014.55342    -70.86      3.78
2014.55616    -73.25      4.27
2014.55890    -74.48      4.76
2014.56164    -72.93      4.56
2014.56438    -75.64      3.80
2014.56712    -73.69      4.28
2014.56986    -73.59      3.77
2014.57260    -68.87      4.88
2014.57534    -70.98      4.04
2014.57808    -76.88      4.03
2014.58082    -76.88      4.80
2014.58356    -74.32      4.47
2014.58630    -74.53      4.14
2014.58904    -71.03      4.79
2014.59178    -70.66      3.77
2014.59452    -73.35      4.03
2014.59726    -75.64      5.06
2014.60274    -70.46      4.89
2014.60548    -65.27      5.79
2014.60822    -65.74      5.24
2014.61096    -73.93      4.03
2014.61370    -72.75      4.61
2014.61644    -73.55      4.45
2014.61918    -73.57      3.66
2014.62192    -72.68      3.52
2014.62466    -69.68      3.70
2014.62740    -73.00      3.58
2014.63014    -72.05      3.84
2014.63288    -70.70      3.92
2014.63562    -73.65      4.29
2014.63836    -70.84      3.83
2014.64110    -73.25      4.94
2014.64384    -73.83      3.75
2014.64658    -71.61      3.89
2014.64932    -73.76      4.47
2014.65205    -74.86      3.73
2014.65479    -75.62      4.16
2014.65753    -74.20      4.14
2014.66027    -70.65      3.54
2014.66301    -74.05      3.48
2014.66575    -71.32      3.85
2014.66849    -70.54      4.53
2014.67123    -69.19      3.99
2014.67397    -74.43      3.48
2014.67671    -74.14      3.90
2014.67945    -73.81      3.40
2014.68219    -71.78      4.55
2014.68493    -73.83      3.82
2014.68767    -76.05      4.14
2014.69041    -71.44      3.85
2014.69315    -76.44      4.18
2014.69589    -74.73      3.58
2014.69863    -71.87      4.09
2014.70137    -74.26      3.73
2014.70411    -73.95      4.10
2014.70685    -70.83      4.10
2014.70959    -76.90      3.62
2014.71233    -75.02      3.53
2014.71507    -75.80      4.17
2014.71781    -71.47      3.76
2014.72055    -71.22      4.39
2014.72329    -71.60      3.70
2014.72603    -70.81      3.86
2014.72877    -69.70      3.57
2014.73151    -73.77      3.47
2014.73425    -74.24      4.26
2014.73699    -72.84      3.15
2014.73973    -69.49      3.11
2014.74247    -69.40      3.52
2014.74521    -72.43      3.23
2014.74795    -69.68      3.94
2014.75068    -69.82      3.76
2014.75342    -68.99      3.89
2014.75616    -72.59      3.73
2014.75890    -73.45      4.16
2014.76164    -73.24      3.30
2014.76438    -72.63      3.22
2014.76712    -72.17      3.08
2014.76986    -72.94      3.05
2014.77260    -72.14      3.07
2014.77534    -72.94      3.22
2014.77808    -73.49      3.26
2014.78082    -70.71      3.42
2014.78356    -71.24      3.43
2014.78630    -72.71      3.52
2014.78904    -72.43      3.64
2014.79178    -72.35      3.32
2014.79452    -71.05      3.38
2014.79726    -70.42      3.18
2014.80000    -70.75      3.53
2014.80274    -70.12      3.43
2014.80548    -70.18      3.20
2014.80822    -71.81      3.27
2014.81096    -71.19      3.16
2014.81370    -69.63      3.04
2014.81644    -73.30      4.00
2014.81918    -69.36      3.60
2014.82192    -70.83      3.37
2014.82466    -71.49      3.24
2014.82740    -69.60      3.29
2014.83014    -71.41      3.40
2014.83288    -72.26      3.38
2014.83562    -72.03      3.00
2014.83836    -73.07      3.86
2014.84110    -70.75      3.40
2014.84384    -71.57      3.24
2014.84658    -71.27      3.21
2014.84932    -70.46      3.29
2014.85205    -72.76      3.55
2014.85479    -73.66      3.62
2014.85753    -72.19      3.07
2014.86027    -73.09      2.98
2014.86301    -73.24      3.23
2014.86575    -74.57      2.87
2014.86849    -72.60      2.79
2014.87123    -71.75      2.87
2014.87397    -71.75      2.84
2014.87671    -72.28      3.10
2014.87945    -73.90      3.17
2014.88219    -72.37      2.81
2014.88493    -74.93      2.95
2014.88767    -72.56      2.84
2014.89041    -75.97      3.18
2014.89315    -71.53      2.78
2014.89589    -74.51      2.98
2014.89863    -74.82      2.85
2014.90137    -72.90      2.85
2014.90411    -72.72      2.95
2014.90685    -73.76      3.13
2014.90959    -72.17      3.19
2014.91233    -75.56      3.31
2014.91507    -74.85      3.24
2014.91781    -75.33      3.05
2014.92055    -74.78      2.99
2014.92329    -72.60      2.92
2014.92603    -73.24      3.08
2014.92877    -74.73      2.92
2014.93151    -75.07      2.83
2014.93425    -74.46      3.02
2014.93699    -74.42      2.96
2014.93973    -74.23      2.84
2014.94247    -74.62      2.83
2014.94521    -74.62      2.68
2014.94795    -75.68      2.99
2014.95068    -76.44      2.75
2014.95342    -75.43      2.60
2014.95616    -72.23      2.78
2014.95890    -73.61      2.89
2014.96164    -74.04      2.90
2014.96438    -74.57      2.94
2014.96712    -72.88      3.36
2014.96986    -72.23      3.11
2014.97260    -72.07      2.67
2014.97534    -75.13      2.70
2014.97808    -77.22      2.86
2014.98082    -75.50      3.12
2014.98356    -73.19      3.28
2014.98630    -76.95      3.06
2014.98904    -74.42      3.10
2014.99178    -73.58      2.83
2014.99452    -74.75      2.61
2014.99726    -75.69      2.71
2015.00000    -75.54      2.75
2015.00274    -78.58      2.79
2015.00548    -73.85      2.82
2015.00822    -76.58      2.75
2015.01096    -76.87      2.71
2015.01370    -75.84      2.72
2015.01644    -76.13      2.86
2015.01918    -76.76      2.97
2015.02192    -74.17      3.12
2015.02466    -79.19      2.79
2015.02740    -77.58      2.72
2015.03014    -77.08      2.70
2015.03288    -76.93      2.62
2015.03562    -78.70      3.11
2015.03836    -77.46      2.71
2015.04110    -76.99      2.69
2015.04384    -78.79      2.72
2015.04658    -78.86      2.72
2015.04932    -78.75      2.65
2015.05205    -77.72      3.28
2015.05479    -77.16      2.91
2015.05753    -78.44      3.07
2015.06027    -78.03      2.81
2015.06301    -77.62      3.26
2015.06575    -78.25      2.87
2015.06849    -78.02      2.66
2015.07123    -77.81      2.69
2015.07397    -78.26      2.66
2015.07671    -77.71      2.50
2015.07945    -77.91      2.82
2015.08219    -77.09      2.69
2015.08493    -77.29      2.74
2015.08767    -76.31      2.58
2015.09041    -77.84      2.61
2015.09315    -74.72      2.77
2015.09589    -74.73      2.70
2015.09863    -76.33      2.64
2015.10137    -76.03      2.62
2015.10411    -78.11      2.77
2015.10685    -77.15      2.57
2015.10959    -76.32      2.61
2015.11233    -76.95      2.69
2015.11507    -76.17      2.83
2015.11781    -76.63      2.70
2015.12055    -79.17      2.89
2015.12329    -80.65      2.94
2015.12603    -76.91      3.66
2015.12877    -76.78      3.20
2015.13151    -78.20      2.79
2015.13425    -77.96      2.70
2015.13699    -78.87      2.72
2015.13973    -77.69      2.84
2015.14247    -77.52      3.61
2015.14521    -78.13      2.91
2015.14795    -77.85      3.32
2015.15068    -77.23      2.96
2015.15342    -77.86      3.23
2015.15616    -81.18      3.25
2015.15890    -75.66      3.16
2015.16164    -77.68      3.20
2015.16438    -78.18      2.83
2015.16712    -75.73      3.13
2015.16986    -77.39      2.98
2015.17260    -77.48      3.58
2015.17534    -77.33      3.03
2015.17808    -77.26      3.19
2015.18082    -78.61      2.66
2015.18356    -77.82      3.16
2015.18630    -75.47      3.27
2015.18904    -75.97      3.19
2015.19178    -76.77      3.29
2015.19452    -79.08      3.10
2015.19726    -78.15      3.10
2015.20000    -79.96      3.44
2015.20274    -80.20      2.98
2015.20548    -80.13      3.26
2015.20822    -79.29      3.13
2015.21096    -77.15      3.07
2015.21370    -77.14      3.19
2015.21644    -79.50      2.77
2015.21918    -78.08      3.12
2015.22192    -78.81      3.13
2015.22466    -78.78      3.69
2015.22740    -75.58      3.38
2015.23014    -78.07      3.24
2015.23288    -76.50      3.25
2015.23562    -79.43      2.92
2015.23836    -80.62      3.21
2015.24110    -81.78      3.18
2015.24384    -79.93      2.96
2015.24658    -78.23      2.89
2015.24932    -78.79      3.31
2015.25205    -78.58      3.35
2015.25479    -80.44      3.36
2015.25753    -78.95      3.86
2015.26027    -78.30      3.92
2015.26301    -79.49      4.48
2015.26575    -81.46      3.50
2015.26849    -80.53      3.12
2015.27123    -82.72      2.99
2015.27397    -78.20      3.23
2015.27671    -77.27      3.66
2015.27945    -77.86      3.50
2015.28219    -80.89      3.30
2015.28493    -81.25      3.07
2015.28767    -81.65      3.75
2015.29041    -80.97      3.80
2015.29315    -80.06      4.03
2015.29589    -81.34      3.66
2015.29863    -81.36      3.67
2015.30137    -80.95      3.91
2015.30411    -77.02      3.81
2015.30685    -80.76      3.54
2015.30959    -81.22      3.40
2015.31233    -79.68      3.34
2015.31507    -80.36      3.04
2015.31781    -81.39      3.35
2015.32055    -81.61      3.30
2015.32329    -82.20      3.65
2015.32603    -80.97      3.60
2015.32877    -79.59      3.36
2015.33151    -82.25      3.16
2015.33425    -79.44      3.61
2015.33699    -83.57      3.73
2015.33973    -82.43      3.74
2015.34247    -82.76      3.64
2015.34521    -81.47      3.23
2015.34795    -81.13      3.44
2015.35068    -83.44      3.57
2015.35342    -81.41      3.73
2015.35616    -83.14      3.83
2015.35890    -83.33      3.80
2015.36438    -81.10      3.17
2015.36712    -80.76      3.54
2015.36986    -80.12      3.77
2015.37260    -80.31      3.74
2015.37534    -83.40      4.07
2015.37808    -84.40      3.30
2015.38082    -81.38      3.50
2015.38356    -83.49      4.19
2015.38630    -83.80      3.46
2015.38904    -81.02      3.70
2015.39178    -82.77      3.81
2015.39452    -83.55      3.57
2015.39726    -83.44      3.45
2015.40000    -80.51      3.52
2015.40274    -85.16      3.17
2015.40548    -83.83      3.64
2015.40822    -84.23      3.10
2015.41096    -86.49      3.94
2015.41370    -85.50      4.17
2015.41644    -87.45      3.58
2015.41918    -87.00      3.95
2015.42192    -84.19      3.85
2015.42466    -85.49      3.71
2015.42740    -86.84      4.01
2015.43014    -82.54      3.97
2015.43288    -86.10      3.79
2015.43562    -86.78      3.78
2015.43836    -89.04      3.74
2015.44110    -86.88      3.56
2015.44384    -87.46      4.19
2015.44658    -86.62      3.63
2015.44932    -88.84      3.88
2015.45205    -86.71      4.00
2015.45479    -89.65      3.73
2015.45753    -88.56      4.00
2015.46027    -90.48      3.81
2015.46301    -87.06      3.78
2015.46575    -88.62      4.08
2015.46849    -85.99      5.17
2015.47123    -90.23      4.20
2015.47397    -91.20      4.03
2015.47671    -86.47      3.87
2015.47945    -93.00      4.65
2015.48219    -87.79      4.19
2015.48493    -89.12      4.08
2015.48767    -88.77      3.94
2015.49041    -90.40      3.69
2015.49315    -88.13      3.98
2015.49589    -90.69      4.06
2015.49863    -90.37      4.87
2015.50137    -88.67      4.34
2015.50411    -88.14      3.79
2015.50685    -87.99      4.27
2015.50959    -88.38      4.43
2015.51233    -85.72      3.86
2015.51507    -87.01      3.76
2015.51781    -86.11      4.10
2015.52055    -84.91      4.19
2015.52603    -88.04      3.69
2015.52877    -84.45      3.96
2015.53151    -84.70      5.61
2015.53425    -89.25      4.17
2015.53699    -84.17      5.42
2015.53973    -88.20      3.63
2015.54247    -88.19      4.65
2015.54521    -83.97      4.64
2015.54795    -85.81      4.06
2015.55068    -89.46      3.61
2015.55342    -85.65      4.05
2015.55616    -87.93      4.26
2015.55890    -88.58      3.51
2015.56164    -91.10      3.98
2015.56438    -88.73      4.01
2015.56712    -88.76      4.02
2015.56986    -89.87      4.86
2015.57260    -91.31      4.75
2015.57534    -84.84      3.93
2015.57808    -88.66      3.97
2015.58082    -86.99      4.58
2015.58356    -88.84      4.61
2015.58630    -86.35      4.51
2015.58904    -89.28      3.83
2015.59178    -89.87      3.97
2015.59452    -89.18      4.33
2015.59726    -87.59      4.05
2015.60000    -88.27      4.36
2015.60274    -86.36      4.32
2015.60548    -86.69      4.68
2015.60822    -89.47      4.24
2015.61096    -88.42      3.88
2015.61370    -87.36      4.14
2015.61644    -87.32      3.82
2015.61918    -86.29      3.62
2015.62192    -88.25      3.92
2015.62740    -85.50      3.86
2015.63014    -85.77      3.74
2015.63288    -86.35      4.85
2015.63562    -87.89      3.74
2015.63836    -87.79      4.46
2015.64110    -86.88      3.75
2015.64384    -86.79      4.07
2015.64658    -86.52      5.45
2015.64932    -86.48      4.70
2015.65205    -85.38      4.73
2015.65479    -87.09      3.70
2015.65753    -88.88      3.82
2015.66027    -87.83      3.64
2015.66301    -88.42      3.57
2015.66575    -88.96      3.83
2015.66849    -85.49      3.51
2015.67123    -92.61      3.72
2015.67397    -90.17      3.38
2015.67671    -88.82      3.48
2015.67945    -90.12      3.48
2015.68219    -87.50      3.88
2015.68493    -88.33      3.95
2015.68767    -90.90      3.70
2015.69041    -88.94      3.62
2015.69315    -89.81      3.42
2015.69589    -88.47      3.74
2015.69863    -90.59      3.75
2015.70137    -90.85      3.52
2015.70411    -90.45      3.76
2015.70685    -90.73      3.40
2015.70959    -90.48      3.79
2015.71233    -90.74      3.21
2015.71507    -93.08      3.29
2015.71781    -89.67      3.06
2015.72055    -90.21      3.12
2015.72329    -91.54      3.29
2015.72603    -92.32      3.20
2015.72877    -93.67      3.25
2015.73151    -90.78      3.48
2015.73425    -90.51      3.49
2015.73699    -90.36      3.25
2015.73973    -90.59      3.68
2015.74247    -91.22      4.36
2015.74521    -90.35      4.04
2015.74795    -93.64      3.80
2015.75068    -96.48      4.10
2015.75342    -94.72      3.68
2015.75616    -93.81      3.39
2015.75890    -91.64      3.47
2015.76164    -90.77      3.38
2015.76438    -94.16      3.55
2015.76712    -92.32      3.24
2015.76986    -92.54      3.93
2015.77260    -91.85      3.33
2015.77534    -91.83      3.42
2015.77808    -92.55      3.26
2015.78082    -93.41      3.19
2015.78356    -91.74      3.38
2015.78630    -93.09      3.34
2015.78904    -92.34      3.03
2015.79178    -90.95      3.32
2015.79452    -90.99      3.74
2015.79726    -89.89      3.45
2015.80000    -90.25      3.99
2015.80274    -92.31      3.42
2015.80548    -90.32      3.63
2015.80822    -93.52      3.53
2015.81096    -90.39      3.52
2015.81370    -92.49      3.72
2015.81644    -91.38      3.19
2015.81918    -92.37      3.11
2015.82192    -94.12      3.30
2015.82466    -91.67      3.29
2015.82740    -93.21      3.38
2015.83014    -92.70      3.64
2015.83288    -92.97      4.09
2015.83562    -98.28      3.41
2015.83836    -96.02      3.66
2015.84384    -97.07      3.53
2015.84658    -96.26      3.07
2015.84932    -98.85      3.47
2015.85479    -97.41      3.34
2015.85753    -93.71      3.93
2015.86027    -95.92      3.32
2015.86301    -96.15      3.32
2015.87123    -93.72      3.32
2015.87671    -98.92      3.06
2015.87945    -96.82      3.00
2015.88219    -97.29      3.24
2015.88493    -97.31      4.08
2015.88767    -96.44      4.13
2015.89315    -99.38      2.81
2015.89589    -97.68      3.19
2015.89863    -99.62      5.98
2015.90137    -97.11      3.33
2015.90411    -94.12      3.07
2015.90685    -97.72      3.06
2015.90959    -98.11      3.06
2015.91233    -92.93      2.99
2015.91507    -93.11      2.97
2015.91781    -93.40      3.17
2015.92055    -94.17      3.10
2015.92329    -91.62      2.99
2015.92603    -93.16      3.17
2015.92877    -95.48      3.63
2015.93151    -93.20      3.10
2015.93425    -91.32      3.14
2015.93699    -94.22      2.84
2015.93973    -94.71      3.49
2015.94247    -90.79      3.31
2015.94795    -92.36      3.44
2015.95068    -94.84      3.00
2015.95342    -92.27      3.00
2015.95616    -94.79      2.63
2015.95890    -92.49      2.74
2015.96164    -91.80      2.81
2015.96438    -92.63      2.50
2015.96712    -93.19      2.70
2015.96986    -95.41      2.98
2015.97260    -94.53      2.89
2015.97534    -93.76      2.60
2015.97808    -93.61      2.63
2015.98082    -94.26      2.91
2015.98356    -94.12      2.79
2015.98630    -94.15      2.59
2015.98904    -91.32      3.07
2015.99178    -93.34      2.58
2015.99452    -94.65      2.52
2015.99726    -93.20      2.48
2016.00000    -93.38      2.54
2016.00273    -94.87      2.57
2016.00546    -95.81      3.25
2016.00820    -94.68      3.30
2016.01093    -95.43      2.93
2016.01366    -95.51      3.20
2016.01639    -94.61      3.09
2016.01913    -96.31      2.95
2016.02186    -94.21      2.64
2016.02459    -95.14      2.62
2016.02732    -95.55      2.72
2016.03005    -94.46      2.92
2016.03279    -93.44      3.19
2016.03552    -92.66      3.03
2016.03825    -95.75      2.77
2016.04098    -94.80      3.11
2016.04372    -97.63      3.29
2016.04645    -96.68      3.48
2016.04918    -94.36      2.70
2016.05191    -93.89      2.92
2016.05464    -96.25      2.71
2016.05738    -96.66      2.57
2016.06011    -95.91      2.62
2016.06284    -95.91      2.85
2016.06557    -95.40      2.99
2016.06831    -94.38      2.77
2016.07104    -96.43      2.83
2016.07377    -95.48      2.70
2016.07650    -95.80      2.89
2016.07923    -96.08      3.72
2016.08197    -95.02      2.83
2016.08470    -93.01      2.62
2016.08743    -94.53      2.89
2016.09016    -94.25      2.62
2016.09290    -94.60      2.63
2016.09563    -96.53      3.21
2016.10383   -106.54      2.84
2016.10656   -108.06      2.71
2016.10929   -109.01      2.61
2016.11202   -108.90      2.70
2016.11475   -109.65      3.77
2016.11749   -111.97      3.25
2016.12022   -109.58      2.87
2016.12295   -109.82      3.00
2016.12568   -109.53      2.86
2016.12842   -110.62      2.78
2016.13115   -109.95      2.73
2016.13388   -110.59      2.58
2016.13661   -110.03      2.66
2016.13934   -113.10      2.67
2016.14208   -111.35      2.80
2016.14481   -112.15      2.64
2016.14754   -112.41      2.67
2016.15027   -112.40      2.88
2016.15301   -114.14      2.67
2016.15574   -111.69      2.73
2016.15847   -111.65      2.98
2016.16120   -112.16      3.01
2016.16393   -111.08      2.98
2016.16667   -113.36      2.93
2016.16940   -113.50      3.05
2016.17213   -114.68      3.25
2016.17486   -111.68      3.06
2016.17760   -110.96      3.39
2016.18033   -113.31      2.73
2016.18306   -113.19      2.98
2016.18579   -114.75      3.65
2016.18852   -113.08      3.38
2016.19126   -114.25      3.45
2016.19399   -114.70      2.80
2016.19672   -116.28      3.09
2016.19945   -115.01      3.74
2016.20219   -116.20      3.38
2016.20492   -118.95      3.42
2016.20765   -117.72      2.92
2016.21038   -117.77      3.14
2016.21311   -117.50      3.06
2016.21585   -115.82      3.20
2016.21858   -116.88      2.94
2016.22131   -116.19      2.97
2016.22404   -119.72      2.95
2016.22678   -117.59      3.95
2016.22951   -118.16      2.73
2016.23224   -118.51      2.86
2016.23497   -117.82      2.69
2016.23770   -118.70      2.79
2016.24044   -117.72      3.12
2016.24317   -120.80      2.88
2016.24590   -119.99      3.12
2016.24863   -117.09      3.25
2016.25137   -118.90      2.87
2016.25410   -119.24      3.44
2016.25683   -120.11      2.99
2016.25956   -117.93      2.92
2016.26230   -121.89      2.99
2016.26503   -119.38      2.92
2016.26776   -123.21      2.89
2016.27049   -123.00      3.17
2016.27322   -122.97      3.16
2016.27596   -122.81      3.94
2016.27869   -124.80      3.57
2016.28142   -126.31      3.27
2016.28415   -124.47      4.51
2016.28689   -121.97      5.04
2016.28962   -124.52      3.61
2016.29235   -124.78      3.56
2016.29508   -125.61      3.59
2016.29781   -123.83      3.71
2016.30055   -121.84      3.19
2016.30328   -124.52      3.27
2016.30601   -124.26      3.27
2016.30874   -125.54      3.03
2016.31148   -125.88      3.28
2016.31421   -125.57      3.29
2016.31694   -125.49      3.42
2016.31967   -124.30      3.44
2016.32240   -125.06      3.41
2016.32514   -123.00      3.35
2016.32787   -124.74      3.17
2016.33060   -126.80      3.00
2016.33333   -125.82      3.29
2016.33607   -123.10      3.43
2016.33880   -123.49      3.37
2016.34153   -125.43      3.07
2016.34426   -128.83      3.29
2016.34699   -125.75      3.31
2016.34973   -123.66      3.56
2016.35246   -127.57      3.30
2016.35519   -127.40      3.42
2016.35792   -124.44      4.22
2016.36066   -128.43      4.24
2016.36339   -126.43      3.77
2016.36612   -131.06      4.04
2016.36885   -128.02      3.91
2016.37158   -129.96      3.61
2016.37432   -127.42      3.35
2016.37705   -128.61      2.92
2016.37978   -128.43      3.15
2016.38251   -126.76      3.05
2016.38525   -127.35      4.31
2016.38798   -127.72      3.75
2016.39071   -127.55      4.15
2016.40437   -129.14      3.84
2016.40710   -130.02      3.39
2016.40984   -127.50      3.36
2016.41257   -128.98      3.62
2016.41530   -127.25      3.22
2016.41803   -124.91      3.32
2016.42077   -126.81      3.74
2016.42350   -127.68      3.22
2016.42623   -128.90      3.60
2016.42896   -128.15      4.36
2016.43169   -130.58      3.75
2016.43443   -125.55      5.04
2016.43716   -128.19      4.07
2016.43989   -125.08      3.40
2016.44262   -129.68      3.87
2016.44536   -127.36      3.62
2016.44809   -130.04      4.02
2016.45082   -132.96      4.80
2016.45355   -135.84      4.54
2016.45628   -134.03      3.61
2016.45902   -131.65      3.41
2016.46175   -130.96      3.64
2016.46448   -133.62      4.64
2016.46721   -131.29      4.01
2016.46995   -134.14      3.61
2016.47268   -133.10      3.56
2016.47541   -131.55      3.67
2016.47814   -131.38      3.79
2016.48087   -132.17      4.05
2016.48361   -132.69      3.79
2016.48634   -132.07      4.49
2016.48907   -132.41      3.78
2016.49180   -128.63      4.01
2016.49454   -130.87      4.02
2016.49727   -129.14      4.05
2016.50000   -132.20      3.72
2016.50273   -132.04      3.55
2016.50546   -133.39      3.76
2016.50820   -130.78      3.84
2016.51093   -129.36      3.89
2016.51366   -127.14      4.33
2016.51639   -130.37      3.78
2016.51913   -130.56      4.63
2016.52186   -133.13      4.09
2016.52459   -131.94      4.21
2016.52732   -133.33      4.96
2016.53005   -133.35      5.15
2016.53279   -132.93      4.06
2016.54918   -134.77      3.44
2016.57104   -133.84      3.97
2016.57377   -132.32      3.90
2016.57650   -134.63      4.32
2016.57923   -133.71      4.35
2016.58197   -131.90      4.28
2016.58470   -132.90      4.42
2016.58743   -133.41      3.29
2016.59016   -133.65      3.33
2016.59290   -134.94      3.33
2016.59563   -130.50      3.11
2016.59836   -132.83      3.99
2016.60109   -136.57      4.91
2016.60383   -136.09      5.00
2016.60656   -133.69      4.26
2016.60929   -137.37      4.59
2016.61202   -134.16      4.04
2016.61475   -135.09      3.25
2016.61749   -137.19      3.42
2016.62022   -138.52      3.54
2016.62295   -136.81      4.01
2016.62568   -132.83      3.91
2016.62842   -132.95      3.92
2016.63115   -133.92      4.79
2016.63388   -136.93      4.41
2016.63661   -138.40      4.10
2016.64208   -134.37      4.13
2016.64481   -136.64      4.09
2016.64754   -135.13      4.06
2016.65027   -136.47      3.99
2016.65301   -137.98      4.53
2016.65574   -138.79      4.78
2016.65847   -136.71      4.58
2016.66120   -132.14      5.06
2016.66393   -134.48      3.78
2016.66667   -138.17      3.75
2016.66940   -136.82      3.88
2016.67213   -136.70      5.49
2016.67486   -134.31      4.21
2016.67760   -137.73      4.00
2016.68033   -138.24      4.71
2016.68306   -139.18      4.47
2016.68579   -136.04      3.70
2016.68852   -135.24      3.95
2016.69126   -138.20      3.67
2016.69399   -138.35      3.61
2016.69672   -140.15      4.62
2016.69945   -135.35      3.93
2016.70219   -135.88      3.67
2016.70492   -137.16      5.46
2016.70765   -135.77      4.69
2016.71038   -139.53      4.62
2016.71311   -140.58      4.34
2016.71585   -138.53      3.38
2016.71858   -138.79      4.43
2016.72131   -136.62      4.16
2016.72404   -136.55      4.04
2016.72678   -131.69      5.31
2016.72951   -135.95      4.52
2016.73224   -138.79      3.77
2016.73497   -133.88      4.36
2016.74590   -135.26      4.73
2016.74863   -136.86      4.08
2016.75137   -136.11      4.15
2016.75410   -140.04      4.01
2016.75683   -136.57      3.90
2016.75956   -140.16      5.24
2016.76230   -139.12      4.67
2016.76503   -136.80      4.42
2016.76776   -137.22      4.23
2016.77049   -137.55      4.04
2016.77322   -136.73      4.10
2016.77596   -140.97      4.07
2016.77869   -135.78      4.18
2016.78142   -141.26      4.17
2016.78415   -139.35      4.32
2016.78689   -139.09      3.88
2016.78962   -140.45      4.59
2016.79235   -136.65      4.24
2016.79508   -137.93      4.18
2016.79781   -141.04      3.82
2016.80055   -139.44      4.58
2016.80328   -142.10      5.95
2016.80601   -139.88      4.12
2016.80874   -141.50      3.81
2016.81148   -141.01      3.80
2016.81421   -140.53      3.46
2016.81694   -141.61      3.75
2016.81967   -139.93      4.23
2016.82240   -138.11      3.33
2016.82514   -140.51      3.71
2016.82787   -138.04      6.00
2016.83607   -140.78      3.87
2016.84153   -139.42      4.09
2016.84973   -139.95      4.52
2016.85792   -139.20      3.72
2016.86339   -139.09      4.02
2016.86612   -140.05      3.90
2016.86885   -141.38      4.41
2016.87158   -138.97      4.42
2016.87432   -139.80      4.90
2016.87705   -139.22      4.58
2016.88251   -139.22      3.09
2016.88525   -141.88      3.60
2016.88798   -141.71      3.32
2016.89071   -141.52      3.35
2016.89344   -140.67      3.26
2016.89617   -138.87      3.43
2016.89891   -140.00      3.16
2016.90164   -139.71      3.02
2016.90437   -138.54      3.41
2016.90710   -137.52      3.73
2016.90984   -136.31      3.70
2016.91257   -139.64      3.37
2016.91530   -138.99      3.64
2016.91803   -137.41      3.54
2016.92077   -142.17      3.30
2016.92350   -142.41      3.27
2016.92623   -142.29      3.56
2016.92896   -142.38      3.22
2016.93169   -140.48      3.09
2016.93443   -140.55      3.19
2016.93716   -142.27      3.40
2016.93989   -142.25      3.37
2016.94262   -140.86      3.15
2016.94536   -139.38      3.26
2016.94809   -142.23      3.41
2016.95082   -138.82      3.15
2016.95355   -139.12      3.12
2016.95628   -141.40      2.83
2016.95902   -138.83      3.22
2016.96175   -139.30      3.01
2016.96448   -139.68      3.08
2016.96721   -143.35      3.37
2016.96995   -142.26      3.22
2016.97268   -144.30      3.05
2016.97541   -141.48      2.96
2016.97814   -140.63      3.03
2016.98087   -143.31      2.78
2016.98361   -144.27      2.92
2016.98634   -140.32      3.13
2016.98907   -142.16      3.38
2016.99180   -141.98      2.99
2016.99454   -139.84      3.08
2016.99727   -139.77      3.06
2017.00000   -139.60      3.17
2017.00274   -141.81      3.01
2017.00548   -139.26      2.95
2017.00822   -144.70      2.79
2017.01096   -144.71      2.97
2017.01370   -142.35      2.94
2017.01644   -144.27      2.82
2017.01918   -141.98      3.01
2017.02192   -141.17      3.09
2017.02466   -141.34      3.29
2017.02740   -141.39      3.72
2017.03014   -137.37      3.28
2017.03288   -141.05      3.10
2017.03562   -140.61      2.84
2017.03836   -142.79      2.59
2017.04110   -138.46      2.84
2017.04384   -140.58      2.86
2017.04658   -140.52      3.20
2017.04932   -140.90      3.08
2017.05205   -142.38      2.95
2017.05479   -141.35      2.89
2017.05753   -141.14      3.02
2017.06027   -143.80      2.99
2017.06301   -141.92      2.86
2017.06575   -141.01      2.76
2017.06849   -141.16      3.53
2017.07123   -142.22      2.91
2017.07397   -138.96      3.10
2017.07671   -141.33      3.05
2017.07945   -141.63      3.06
2017.08219   -137.61      3.33
2017.08493   -140.14      3.11
2017.08767   -140.74      3.00
2017.09041   -141.01      2.85
2017.09315   -136.61      3.84
2017.09589   -139.37      3.92
2017.09863   -139.99      3.21
2017.10137   -139.53      2.94
2017.10411   -142.77      3.15
2017.10685   -140.91      3.47
2017.10959   -144.08      2.50
2017.11233   -142.41      2.65
2017.11507   -140.27      2.96
2017.11781   -140.63      3.02
2017.12055   -142.66      2.81
2017.12329   -142.58      2.81
2017.12603   -141.22      2.77
2017.12877   -142.99      2.73
2017.13151   -142.82      2.84
2017.13425   -144.08      3.11
2017.13699   -143.26      3.28
2017.13973   -141.51      3.02
2017.14247   -144.24      3.20
2017.14521   -145.11      3.37
2017.14795   -144.17      2.94
2017.15068   -139.93      3.09
2017.15616   -142.95      2.87
2017.15890   -142.55      2.79
2017.16164   -143.70      2.77
2017.16438   -143.44      2.86
2017.16712   -145.34      2.93
2017.16986   -146.37      2.63
2017.17260   -144.56      2.83
2017.17534   -146.21      2.95
2017.17808   -147.99      2.78
2017.18082   -146.51      2.61
2017.18356   -144.25      2.90
2017.18630   -143.26      2.93
2017.18904   -146.14      2.99
2017.19178   -142.46      2.70
2017.19452   -147.20      2.60
2017.19726   -149.99      2.89
2017.20000   -149.24      2.82
2017.20274   -142.54      3.81
2017.20548   -144.57      4.04
2017.20822   -147.84      2.75
2017.21096   -147.99      3.03
2017.21370   -146.72      3.24
2017.21644   -150.28      2.95
2017.21918   -144.68      3.60
2017.22192   -145.25      4.46
2017.22466   -149.18      3.32
2017.22740   -146.73      3.57
2017.23014   -148.35      3.14
2017.23288   -144.89      3.35
2017.23562   -146.82      3.61
2017.23836   -145.40      3.43
2017.24110   -148.00      3.43
2017.24384   -149.75      3.18
2017.24658   -146.62      4.05
2017.24932   -146.40      3.71
2017.25205   -144.73      4.30
2017.25479   -146.21      4.06
2017.25753   -142.81      4.11
2017.26027   -145.96      3.32
2017.26301   -149.40      3.71
2017.26575   -148.84      3.34
2017.26849   -139.22      6.62
2017.27123   -140.20      5.60
2017.27397   -144.64      3.88
2017.27671   -147.38      4.74
2017.27945   -148.48      3.93
2017.28219   -142.47      4.65
2017.28493   -147.19      3.49
2017.28767   -146.31      4.40
2017.29041   -145.29      4.33
2017.29315   -148.06      3.71
2017.29589   -149.26      3.46
2017.29863   -152.49      4.67
2017.30137   -142.51      4.70
2017.30411   -143.17      4.55
2017.30685   -148.48      3.34
2017.30959   -149.33      3.08
2017.31233   -141.19      2.99
2017.31507   -143.46      3.23
2017.31781   -144.94      3.15
2017.32055   -146.46      3.56
2017.32329   -145.18      3.80
2017.32603   -146.41      3.40
2017.32877   -145.89      3.37
2017.33151   -149.08      3.09
2017.33425   -148.07      3.35
2017.33699   -145.23      3.24
2017.33973   -147.16      3.32
2017.34247   -147.68      3.37
2017.34521   -144.27      3.58
2017.34795   -146.45      3.11
2017.35068   -145.06      3.33
2017.35342   -145.81      3.52
2017.35616   -147.07      4.01
2017.35890   -145.94      3.42
2017.36164   -146.86      3.38
2017.36438   -145.42      3.37
2017.36712   -146.57      3.43
2017.36986   -144.39      3.32
2017.37260   -143.31      3.22
2017.37534   -146.84      3.14
2017.37808   -145.36      3.78
2017.38082   -144.96      3.44
2017.38356   -145.39      3.25
2017.38630   -144.47      3.09
2017.38904   -146.77      3.21
2017.39178   -145.28      3.32
2017.39452   -148.65      4.22
2017.39726   -144.08      3.87
2017.40000   -144.79      2.93
2017.40274   -143.49      2.95
2017.40548   -144.29      3.87
2017.40822   -144.83      3.84
2017.41096   -145.27      4.52
2017.41370   -147.25      3.97
2017.41644   -146.59      4.80
2017.41918   -147.61      3.92
2017.42192   -149.70      4.13
2017.42466   -148.68      4.40
2017.42740   -150.56      3.40
2017.43014   -151.06      3.34
2017.43562   -148.35      4.32
2017.43836   -151.28      3.76
2017.44110   -150.19      3.45
2017.44384   -155.04      3.21
2017.44658   -150.64      4.21
2017.44932   -151.86      4.04
2017.45205   -153.48      4.38
2017.45479   -149.18      4.60
2017.45753   -150.66      5.11
2017.46301   -149.34      4.60
2017.46575   -149.98      3.98
2017.46849   -151.57      4.27
2017.47123   -150.76      3.59
2017.47397   -151.30      3.41
2017.47671   -150.11      3.64
2017.47945   -152.45      4.25
2017.48219   -151.62      3.49
2017.48493   -152.09      3.29
2017.48767   -149.99      3.53
2017.49041   -152.44      3.84
2017.49315   -152.33      3.79
2017.49589   -152.00      3.85
2017.49863   -151.27      3.53
2017.50137   -155.43      6.01
2017.50411   -155.06      4.06
2017.50685   -155.93      3.98
2017.50959   -154.22      3.80
2017.51233   -153.87      3.94
2017.51507   -154.19      3.81
2017.51781   -153.17      4.05
2017.52055   -152.36      3.70
2017.52603   -152.12      4.34
2017.52877   -154.57      3.95
2017.53151   -152.16      4.06
2017.53425   -152.52      4.21
2017.53699   -151.84      4.31
2017.53973   -153.35      4.24
2017.54247   -153.12      3.16
2017.54521   -154.29      3.52
2017.54795   -153.55      3.54
2017.55068   -153.13      3.31
2017.55616   -152.27      3.40
2017.55890   -153.85      3.56
2017.56164   -153.41      4.10
2017.56438   -154.74      4.04
2017.56712   -152.47      4.70
2017.56986   -153.73      3.93
2017.57260   -153.36      3.93
2017.57534   -150.67      4.97
2017.57808   -154.18      5.40
2017.58082   -155.27      5.21
2017.58630   -156.10      3.80
2017.58904   -155.69      4.07
2017.59178   -154.64      3.88
2017.59452   -157.38      3.77
2017.59726   -157.76      3.80
2017.60000   -158.57      4.01
2017.60274   -160.68      3.94
2017.60548   -156.49      4.13
2017.60822   -157.80      4.19
2017.61096   -152.06      3.89
2017.61370   -157.80      3.61
2017.61644   -153.04      3.39
2017.61918   -153.54      3.41
2017.62192   -158.49      3.68
2017.62466   -153.95      3.74
2017.62740   -153.83      3.53
2017.63014   -155.26      4.04
2017.63288   -155.40      4.39
2017.63562   -154.68      4.09
2017.63836   -154.07      4.74
2017.64110   -158.08      4.59
2017.64384   -154.82      3.37
2017.64658   -154.97      3.44
2017.64932   -157.06      3.68
2017.65205   -156.60      4.08
2017.65479   -156.13      3.53
2017.65753   -157.27      3.85
2017.66027   -159.29      4.18
2017.66301   -156.26      4.20
2017.66575   -159.31      4.08
2017.66849   -155.49      4.85
2017.67123   -157.21      3.81
2017.67397   -155.45      4.26
2017.67945   -154.73      3.76
2017.68219   -158.62      3.48
2017.68493   -155.40      3.80
2017.68767   -157.64      3.49
2017.69041   -156.96      3.25
2017.69315   -159.47      3.60
2017.69589   -160.36      3.89
2017.70137   -157.31      4.27
2017.70411   -157.62      3.77
2017.70685   -158.04      3.15
2017.70959   -157.72      3.63
2017.71233   -159.24      3.64
2017.71507   -154.77      3.55
2017.71781   -157.09      4.12
2017.72055   -157.27      3.30
2017.72329   -158.38      3.26
2017.72603   -153.96      3.94
2017.72877   -154.70      3.33
2017.73151   -157.09      3.41
2017.73425   -157.35      3.87
2017.73699   -156.72      3.44
2017.73973   -155.81      3.26
2017.74247   -158.00      3.72
2017.74521   -156.20      4.64
2017.74795   -152.31      3.52
2017.75068   -159.97      3.52
2017.75342   -157.91      3.94
2017.75616   -154.25      4.13
2017.75890   -156.58      4.39
2017.76164   -158.03      3.52
2017.76438   -160.86      3.95
2017.76712   -154.26      4.08
2017.76986   -154.96      5.10
2017.77260   -150.78      4.71
2017.77808   -157.16      4.18
2017.78082   -154.89      4.48
2017.78630   -158.49      4.25
2017.78904   -158.42      4.70
2017.79178   -156.50      4.40
2017.79452   -152.30      4.11
2017.79726   -156.20      3.48
2017.80000   -152.77      3.79
2017.80274   -155.14      3.02
2017.80548   -153.65      3.00
2017.80822   -155.08      3.07
2017.81096   -154.04      3.10
2017.81370   -153.74      3.08
2017.81644   -156.45      3.26
2017.81918   -152.39      3.22
2017.82192   -156.54      3.10
2017.82466   -156.65      3.12
2017.82740   -156.32      3.26
2017.83014   -151.26      3.46
2017.83288   -153.16      3.10
2017.83562   -153.37      3.20
2017.83836   -152.64      3.43
2017.84110   -154.38      3.45
2017.84384   -153.86      3.19
2017.84658   -155.14      3.01
2017.84932   -155.57      3.29
2017.85205   -155.04      3.64
2017.85479   -154.08      3.50
2017.85753   -153.44      3.05
2017.86301   -157.54      3.38
2017.86575   -155.95      2.95
2017.86849   -155.50      2.96
2017.87123   -157.32      3.36
2017.87397   -155.89      3.24
2017.87671   -159.32      3.17
2017.87945   -156.60      3.10
2017.88219   -156.57      3.42
2017.88493   -157.86      2.94
2017.88767   -156.13      2.99
2017.89041   -155.99      3.13
2017.89315   -155.33      3.11
2017.89589   -156.35      3.24
2017.89863   -156.38      3.05
2017.90137   -155.40      3.04
2017.90411   -153.09      3.01
2017.90685   -158.15      3.25
2017.90959   -155.65      2.88
2017.91233   -154.84      3.13
2017.91507   -155.58      3.19
2017.91781   -158.55      3.54
2017.92055   -154.20      3.31
2017.92329   -155.80      3.16
2017.92603   -156.34      3.09
2017.92877   -153.85      2.94
2017.93151   -157.86      3.14
2017.93425   -153.59      3.14
2017.93699   -157.00      2.87
2017.93973   -155.45      3.05
2017.94247   -154.69      2.94
2017.94521   -154.11      2.90
2017.94795   -155.91      3.00
2017.95342   -154.15      2.98
2017.95616   -155.74      2.96
2017.95890   -153.88      3.21
2017.96164   -153.96      3.35
2017.96438   -157.00      3.27
2017.96712   -156.65      3.55
2017.96986   -155.50      3.56
2017.97260   -155.18      3.05
2017.97534   -157.57      2.92
2017.97808   -157.84      3.03
2017.98082   -159.18      3.08
2017.98356   -157.18      2.83
2017.98630   -159.61      2.91
2017.98904   -156.10      2.89
2017.99178   -158.03      3.11
2017.99452   -155.31      2.98
2017.99726   -156.51      3.01
2018.00000   -157.86      2.93
2018.00274   -157.75      3.09
2018.00548   -156.59      2.95
2018.00822   -156.46      2.94
2018.01096   -156.04      3.26
2018.01370   -157.38      3.11
2018.01644   -156.32      3.03
2018.01918   -157.34      2.87
2018.02192   -156.76      3.26
2018.02466   -161.17      3.28
2018.02740   -155.80      2.92
2018.03014   -154.15      3.06
2018.03288   -156.49      2.87
2018.03562   -157.60      2.86
2018.03836   -155.64      3.26
2018.04110   -157.15      3.05
2018.04384   -154.59      3.09
2018.04658   -158.02      3.15
2018.04932   -157.02      3.20
2018.05205   -156.29      3.28
2018.05479   -157.70      3.00
2018.05753   -159.49      3.36
2018.06027   -156.30      3.21
2018.06301   -157.44      3.04
2018.06575   -155.60      3.05
2018.06849   -155.83      3.26
2018.07123   -155.87      3.14
2018.07397   -157.77      3.26
2018.07671   -154.59      3.72
2018.07945   -156.37      2.97
2018.08219   -156.82      3.28
2018.08493   -158.00      2.95
2018.08767   -155.28      2.93
2018.09041   -157.94      2.99
2018.09315   -155.00      2.77
2018.09589   -156.82      2.75
2018.09863   -157.59      3.01
2018.10137   -158.00      3.08
2018.10411   -159.92      3.08
2018.10685   -158.05      2.96
2018.10959   -161.23      3.02
2018.11233   -159.53      3.03
2018.11507   -157.83      2.81
2018.11781   -158.54      2.84
2018.12055   -157.85      2.97
2018.12329   -160.61      2.95
2018.12603   -160.55      3.14
2018.12877   -159.85      3.78
2018.13151   -159.43      3.05
2018.13425   -162.07      3.12
2018.13699   -158.85      2.99
2018.13973   -158.98      3.29
2018.14247   -158.30      3.18
2018.14521   -160.21      3.30
2018.14795   -159.55      3.18
2018.15068   -161.36      3.28
2018.15342   -159.66      3.28
2018.15616   -160.17      3.09
2018.15890   -161.37      3.64
2018.16164   -164.06      3.58
