2012.00000	   2.480	   8.760
2012.00273	   1.680	   8.780
2012.00546	   4.280	   8.480
2012.00820	   1.720	   8.590
2012.01093	   6.240	   8.910
2012.01366	   0.940	   8.760
2012.01639	   1.750	   8.670
2012.01913	  -0.380	   8.210
2012.02186	  -2.080	   8.600
2012.02459	  -1.760	   9.280
2012.02732	  -0.460	   9.340
2012.03005	  -0.890	   9.820
2012.03279	   1.650	   8.610
2012.03552	   4.090	   8.470
2012.03825	   5.090	   8.760
2012.04098	   6.220	   8.970
2012.04372	   5.060	  10.440
2012.04645	   4.910	   9.610
2012.04918	   6.010	   8.890
2012.05191	   1.640	   9.520
2012.05464	   9.590	  13.040
2012.08197	   5.110	   9.740
2012.08470	   8.270	   8.140
2012.08743	   7.000	   8.720
2012.09016	   4.380	   8.740
2012.09290	   9.990	   8.350
2012.09563	  13.400	   8.820
2012.09836	  13.100	   9.930
2012.10109	  10.520	  12.700
2012.10383	  11.200	  10.560
2012.10656	  14.480	   8.370
2012.10929	  10.190	   8.130
2012.11202	  13.850	   8.370
2012.11475	   6.970	   8.630
2012.11749	   8.760	   8.890
2012.12022	  20.250	  10.250
2012.12295	  12.900	   9.540
2012.12568	  15.040	  13.800
2012.12842	   4.240	  10.020
2012.13115	  12.570	   8.300
2012.13388	  12.800	   9.840
2012.13661	  14.500	  10.250
2012.13934	  17.360	   9.950
2012.14208	  14.450	  11.490
2012.14481	  11.510	  11.410
2012.14754	  21.570	  21.230
2012.16393	   8.140	   9.900
2012.16667	  13.380	  12.520
2012.16940	  10.220	  10.500
2012.17213	   9.700	   9.960
2012.17486	   7.690	  10.830
2012.17760	   6.010	  11.360
2012.18033	   6.340	  11.740
2012.18306	  10.770	  10.200
2012.18579	   9.180	  10.870
2012.18852	   8.730	  10.380
2012.19126	  15.400	   9.650
2012.19399	   5.720	  10.050
2012.19672	   9.820	  11.130
2012.19945	   4.660	   9.520
2012.20219	   0.640	   9.020
2012.20492	   0.980	   9.320
2012.20765	   8.880	  12.230
2012.21038	  -5.140	  11.170
2012.21311	  -0.920	  10.840
2012.21585	  -1.570	   9.810
2012.21858	   4.660	  10.700
2012.22131	  -0.130	   9.860
2012.22404	  12.650	   9.790
2012.22678	   0.520	  13.090
2012.22951	   2.180	  10.330
2012.23224	   9.610	  10.880
2012.23497	   2.360	  12.130
2012.23770	   1.220	  10.130
2012.24044	   1.320	  12.760
2012.24317	  13.320	  10.910
2012.24590	   7.530	   9.700
2012.24863	  -4.410	  10.030
2012.25137	   3.650	  10.070
2012.25410	  13.110	  10.930
2012.25683	   5.390	  10.530
2012.25956	  17.200	  10.030
2012.26230	   4.420	   9.970
2012.26503	  10.470	  11.220
2012.26776	   2.980	  10.490
2012.27049	   5.000	   9.830
2012.27322	   2.340	  10.620
2012.27596	   9.270	  10.210
2012.27869	   6.350	  10.810
2012.28142	   8.090	  12.310
2012.28415	  10.440	  12.650
2012.28689	   8.920	   9.940
2012.28962	   9.860	  10.530
2012.29235	  10.630	  12.130
2012.29508	   3.300	  11.870
2012.29781	   1.870	  10.790
2012.30055	   6.950	  10.880
2012.30328	  -1.270	  13.680
2012.30601	   8.220	  12.490
2012.30874	  14.480	   9.950
2012.31148	   2.950	  13.350
2012.31421	  12.880	  11.530
2012.31694	   2.590	  27.080
2012.31967	  12.640	  14.140
2012.32240	   1.050	  13.530
2012.32514	  10.460	  10.460
2012.32787	  -5.560	  15.260
2012.33060	  17.170	  13.150
2012.33333	   2.810	  16.240
2012.33607	  -7.600	  18.420
2012.33880	   1.860	  14.320
2012.34153	   0.700	  12.120
2012.34426	   4.980	  10.570
2012.34699	   6.600	   9.170
2012.34973	  10.680	  11.160
2012.35246	   9.560	  10.350
2012.35519	  -1.160	  11.840
2012.35792	  -1.870	  16.430
2012.36066	   4.470	  10.500
2012.36339	   5.300	  10.300
2012.36612	   7.240	  11.010
2012.36885	   8.530	  10.860
2012.37158	   6.700	  12.190
2012.37432	   5.150	  10.990
2012.37705	   8.520	  13.010
2012.37978	  11.280	  10.200
2012.38251	   8.980	  15.790
2012.38525	  17.460	  12.460
2012.38798	  -5.730	  10.950
2012.39071	   5.540	  10.300
2012.39344	  -1.190	  11.510
2012.39617	   8.240	  10.900
2012.39891	   6.090	  10.840
2012.40164	   0.610	  12.780
2012.40437	  13.810	  15.960
2012.40710	  10.710	  13.900
2012.40984	  13.740	  13.790
2012.41257	   8.510	  13.640
2012.41530	   0.360	  10.910
2012.41803	   3.200	  10.470
2012.42077	   3.070	   9.950
2012.42350	   9.910	  12.550
2012.42623	   5.250	  10.860
2012.42896	   2.700	   9.860
2012.43169	   1.560	  11.540
2012.43443	   2.190	  12.260
2012.43716	   7.150	  15.730
2012.43989	  20.070	  19.390
2012.44262	  15.060	  21.850
2012.44536	   7.540	  26.520
2012.44809	   7.330	  17.240
2012.45082	  -1.900	  17.600
2012.45355	   4.680	  15.070
2012.45628	   9.140	  13.310
2012.45902	   6.400	  14.110
2012.46175	  13.120	  16.730
2012.46448	   4.070	  14.140
2012.46721	  24.030	  24.080
2012.46995	  16.360	  18.120
2012.47268	   5.550	  13.120
2012.47541	  12.670	  15.920
2012.47814	   7.310	  22.330
2012.48087	   4.980	  11.690
2012.48361	   4.070	  12.950
2012.48634	  -0.000	  10.680
2012.48907	  15.590	  15.420
2012.49180	  -2.730	  15.160
2012.49454	   3.390	  12.660
2012.49727	   6.880	  12.910
2012.50000	   8.000	  13.330
2012.50273	   9.010	  12.630
2012.50546	   9.350	  11.710
2012.50820	   6.950	  13.000
2012.51093	   9.120	  13.520
2012.51366	   3.370	  12.730
2012.51639	   1.720	  12.050
2012.51913	  15.730	  15.130
2012.52186	   9.730	  13.440
2012.52459	   4.770	  11.140
2012.52732	   5.980	  11.430
2012.53005	   8.490	  12.130
2012.53279	   4.150	  12.250
2012.53552	  28.870	  16.600
2012.53825	   4.390	  14.790
2012.54098	  12.750	  13.180
2012.54372	  -6.030	  15.170
2012.54645	   9.260	  10.960
2012.54918	  13.500	  17.040
2012.55191	   3.060	  12.710
2012.55464	   2.710	  14.020
2012.55738	  14.350	  13.120
2012.56011	  10.600	  11.570
2012.56284	   9.160	  12.990
2012.56557	  10.520	  13.780
2012.56831	  11.020	  14.220
2012.57104	   4.280	  13.820
2012.57377	  12.820	  11.320
2012.57650	   3.770	  15.700
2012.57923	   8.420	  11.910
2012.58197	  11.420	  13.590
2012.58470	   2.750	  14.230
2012.58743	   9.810	  13.420
2012.59016	   6.560	  24.760
2012.59290	  -5.040	  23.320
2012.59563	  -3.690	  19.040
2012.59836	  -6.460	  14.170
2012.60109	  15.580	  19.760
2012.60383	  13.440	  18.040
2012.60656	  12.560	  15.620
2012.60929	  17.920	  17.380
2012.61202	   0.580	  13.590
2012.61475	   9.540	  11.170
2012.61749	   8.380	  11.340
2012.62022	   6.660	  13.420
2012.62295	   7.080	  13.650
2012.62568	   3.020	  12.960
2012.62842	  18.950	  13.410
2012.63115	  10.940	  14.090
2012.63388	   6.660	  19.220
2012.63661	   3.870	  15.610
2012.63934	   4.800	  17.310
2012.64208	   6.200	  13.090
2012.64481	  15.520	  16.220
2012.64754	  17.380	  17.930
2012.65027	  -2.930	  15.020
2012.65301	   3.800	  14.070
2012.65574	   0.610	  14.960
2012.65847	   8.560	  16.400
2012.66120	  15.550	  15.590
2012.66393	  -4.780	  16.590
2012.66667	  -1.110	  15.030
2012.66940	   3.540	  15.600
2012.67213	   4.100	  15.870
2012.67486	   0.100	  15.280
2012.67760	  -4.460	  12.790
2012.68033	   3.960	  12.270
2012.68306	   0.610	  12.010
2012.68579	  -3.000	  12.970
2012.68852	   8.100	  22.580
2012.69399	  -1.600	  14.680
2012.69672	  -5.480	  13.490
2012.69945	  -3.550	  13.620
2012.70219	 -15.530	  20.470
2012.70492	   3.930	  16.530
2012.70765	   3.130	  12.100
2012.71038	  -4.630	  12.670
2012.71311	   5.890	  12.540
2012.71585	   0.560	  11.870
2012.71858	   5.930	  10.970
2012.72131	  -1.980	  10.600
2012.72404	   2.910	  11.240
2012.72678	   5.120	  10.180
2012.73224	   3.260	  13.140
2012.73497	  18.560	  14.560
2012.73770	  -4.740	  16.330
2012.74044	   1.930	  12.960
2012.74317	  -0.760	  11.680
2012.74590	  -2.260	  10.510
2012.74863	   1.960	  10.650
2012.75137	   4.010	  11.110
2012.75410	   3.620	  11.680
2012.75683	  -8.340	  19.610
2012.75956	   5.610	  11.170
2012.76230	   3.460	  10.570
2012.76503	   5.450	  11.060
2012.76776	  10.160	  10.420
2012.77049	   9.360	  10.110
2012.77322	   5.530	  10.170
2012.77596	  10.740	  10.240
2012.77869	   9.840	  10.940
2012.78142	   7.180	  11.030
2012.78415	   6.690	  10.080
2012.78689	   3.750	   9.990
2012.78962	   7.420	  10.000
2012.79235	   9.060	   9.990
2012.79508	   5.530	  10.760
2012.79781	   6.710	  10.620
2012.80055	   3.070	  11.010
2012.80328	   5.740	   9.800
2012.80601	   7.850	  10.260
2012.80874	   5.650	   9.680
2012.81148	   9.320	  10.620
2012.81421	   7.490	   9.900
2012.81694	  19.030	  11.740
2012.81967	  17.340	  12.230
2012.82240	  13.370	  13.000
2012.82514	   3.970	  10.610
2012.82787	  -0.080	  11.710
2012.83060	   3.330	  11.770
2012.83333	  12.810	  10.870
2012.83607	   8.030	  15.730
2012.83880	   8.550	  15.600
2012.84153	  10.920	  16.360
2012.84426	  12.040	  15.870
2012.84699	  13.320	  13.820
2012.84973	   6.940	  15.070
2012.85246	   7.530	  13.790
2012.85519	  12.970	  13.440
2012.85792	   8.230	  12.840
2012.86066	  10.180	  14.560
2012.86339	   5.150	  14.460
2012.86612	  15.570	  12.920
2012.86885	  15.880	  13.560
2012.87158	   1.580	  10.080
2012.87432	  11.650	  16.040
2012.87705	  19.320	  16.100
2012.87978	  10.070	  15.080
2012.88251	  12.190	  13.440
2012.88525	  12.180	  14.630
2012.88798	  11.160	  13.790
2012.89071	  10.470	  17.030
2012.89344	   1.390	  16.930
2012.89617	   4.860	  15.950
2012.89891	   9.710	   8.970
2012.90164	  10.770	   9.440
2012.90437	   7.200	  11.560
2012.90710	   9.760	   9.690
2012.90984	   8.550	  10.140
2012.91257	   6.670	  10.070
2012.91530	   6.130	  10.600
2012.91803	   2.740	  16.580
2012.92077	   2.040	  17.070
2012.92350	  10.500	  15.690
2012.92623	  17.440	  14.880
2012.92896	   2.310	  18.030
2012.93169	   6.340	  14.960
2012.93443	  11.450	  14.310
2012.93716	  16.690	  14.880
2012.93989	  12.720	  13.440
2012.94262	   3.550	  14.480
2012.94536	   4.740	  11.910
2012.94809	   3.220	  12.830
2012.95082	  14.340	  15.330
2012.95355	  16.280	   9.590
2012.95628	  10.490	   9.480
2012.95902	  10.520	   9.590
2012.96175	  15.100	   9.530
2012.96448	   8.560	   9.220
2012.96721	   7.090	   8.560
2012.96995	   8.820	   8.690
2012.97268	  10.700	   8.810
2012.97541	   5.820	   9.770
2012.97814	   7.810	   9.190
2012.98087	  11.690	   8.850
2012.98361	   8.910	   8.680
2012.98634	   7.980	   9.240
2012.98907	   9.550	   9.700
2012.99180	   2.880	   9.540
2012.99454	   7.570	  13.510
2012.99727	   3.780	   9.690
2013.00000	   8.620	  10.330
2013.00274	   7.350	   9.330
2013.00548	   6.290	  10.160
2013.00822	   4.490	   8.890
2013.01096	  10.200	   8.660
2013.01370	  10.190	   8.830
2013.01644	   7.690	   9.320
2013.01918	  14.160	   9.970
2013.02192	  10.910	   9.810
2013.02466	   8.950	   9.490
2013.02740	   5.560	   9.150
2013.03014	   6.560	   9.650
2013.03288	  18.140	  12.950
2013.03562	  13.810	  12.190
2013.03836	   8.530	   8.410
2013.04110	  10.880	   8.640
2013.04384	  10.340	   9.590
2013.04658	   6.230	   9.680
2013.04932	   9.330	   8.290
2013.05205	   7.400	   8.840
2013.05479	  12.830	   8.930
2013.05753	   8.970	   8.510
2013.06027	   5.980	   8.790
2013.06301	   9.180	   8.980
2013.06575	  11.770	   9.530
2013.06849	   9.020	   8.660
2013.07123	   8.730	   8.420
2013.07397	   2.720	   8.750
2013.07671	   9.060	   8.380
2013.07945	  10.860	   8.810
2013.08219	  14.130	   9.800
2013.08493	  14.630	  10.070
2013.08767	  15.460	  11.360
2013.09041	   8.820	  10.070
2013.09315	  11.590	   9.660
2013.09589	  12.200	   9.540
2013.09863	  16.290	  10.950
2013.10137	  18.180	   9.650
2013.10411	  13.090	   8.870
2013.10685	  10.470	   8.380
2013.10959	  13.690	  10.060
2013.11233	  18.260	  12.210
2013.11507	  13.320	   9.330
2013.11781	  10.460	   9.090
2013.12055	  10.050	   9.690
2013.12329	  16.710	   9.550
2013.12603	   8.940	   9.940
2013.12877	  11.080	   8.760
2013.13151	  12.040	   8.810
2013.13425	  17.210	   9.610
2013.13699	  10.440	   9.970
2013.13973	  10.720	  10.080
2013.14247	   6.720	   9.000
2013.14521	   5.330	  12.550
2013.14795	   9.520	  11.200
2013.15342	  10.630	   8.890
2013.15616	   4.960	   9.830
2013.15890	   6.770	   9.390
2013.16164	  11.400	   9.010
2013.16438	  15.680	  10.330
2013.16712	  12.870	   9.500
2013.16986	   9.450	   8.630
2013.17260	   6.210	   9.000
2013.17534	   5.060	  11.760
2013.17808	  10.110	  10.250
2013.18082	  -0.820	  10.830
2013.18356	   2.680	   9.510
2013.18630	   4.550	   9.810
2013.18904	   6.400	  10.160
2013.19178	   2.740	  10.290
2013.19452	  11.690	  10.320
2013.19726	   8.590	  11.390
2013.20000	   3.320	   9.590
2013.20274	   6.460	   9.050
2013.20548	   7.970	   9.860
2013.20822	  13.540	  11.720
2013.21096	   8.350	  10.370
2013.21370	  17.010	  11.260
2013.21644	  20.570	  11.700
2013.21918	  18.410	  11.430
2013.22192	  10.710	  10.950
2013.22466	  16.500	  15.470
2013.22740	  23.070	  15.100
2013.23014	   9.250	   9.590
2013.23288	  11.280	  12.920
2013.23562	  11.230	  10.100
2013.23836	  16.660	  11.910
2013.24110	  13.360	  10.770
2013.24384	  13.830	   9.960
2013.24658	  13.850	  10.530
2013.24932	   9.000	  10.110
2013.25205	  16.000	  11.330
2013.25479	  15.840	  12.840
2013.25753	  21.470	  14.150
2013.26027	  16.980	  17.410
2013.26301	  14.530	  11.570
2013.26575	   8.750	   9.820
2013.26849	  10.590	  10.920
2013.27123	  16.970	  12.270
2013.27397	   8.610	  10.990
2013.27671	  12.130	   9.660
2013.27945	   8.780	  10.090
2013.28219	  14.630	   9.990
2013.28493	  11.470	   9.840
2013.28767	  10.900	  10.530
2013.29041	  18.490	  11.850
2013.29315	  14.440	  12.160
2013.29589	  14.600	  12.560
2013.29863	  15.170	  11.360
2013.30137	   6.450	  12.950
2013.30411	   9.890	   9.950
2013.30685	   9.420	   9.640
2013.31233	  10.250	  10.530
2013.31507	   4.540	  12.240
2013.31781	   9.630	  11.420
2013.32055	  -1.410	  11.920
2013.32329	  12.790	  10.270
2013.32603	  14.960	  10.020
2013.32877	  10.830	  13.110
2013.33151	   9.880	  10.560
2013.33425	  10.150	  10.340
2013.33699	   9.150	  10.150
2013.33973	  12.130	  10.470
2013.34247	  12.200	  10.900
2013.34521	   7.700	  10.380
2013.34795	  12.330	  10.130
2013.35068	   8.990	   9.910
2013.35342	  18.420	  11.280
2013.35616	  11.700	  13.340
2013.35890	  10.680	  12.290
2013.36164	  13.560	  12.590
2013.36438	   9.620	  13.230
2013.36712	  11.120	  14.210
2013.36986	  11.150	  12.370
2013.37260	  -7.680	  20.380
2013.37534	   1.910	  15.980
2013.37808	   0.010	  18.380
2013.38082	   0.210	  17.530
2013.38630	   8.440	  11.830
2013.38904	  10.700	  13.400
2013.39178	  17.190	  14.230
2013.39452	   5.490	  14.870
2013.39726	  23.540	  18.840
2013.40000	   3.300	  12.230
2013.40274	   4.130	  12.920
2013.40548	  10.070	  12.370
2013.40822	   8.030	  12.140
2013.41096	   0.420	  15.030
2013.41370	  11.510	  23.860
2013.41644	  10.060	  13.460
2013.41918	   5.450	  12.400
2013.42192	   8.760	  13.800
2013.42466	  18.980	  13.400
2013.42740	   9.620	  11.890
2013.43014	  12.770	  13.110
2013.43288	   7.490	  27.010
2013.43562	   4.130	  14.980
2013.43836	   4.510	  15.300
2013.44110	  -1.970	  13.990
2013.44384	  13.680	  18.150
2013.44658	  -8.280	  19.150
2013.44932	   7.140	  14.490
2013.45205	  -0.080	  12.940
2013.45479	   9.350	  13.200
2013.45753	  -6.970	  16.970
2013.46301	  10.390	  14.310
2013.46575	   5.100	  14.520
2013.47397	  -0.660	  13.330
2013.47671	   1.000	  15.650
2013.47945	  12.330	  16.310
2013.48219	  -0.250	  13.710
2013.48493	  -0.620	  12.480
2013.48767	   0.420	  11.270
2013.49041	  11.150	  11.660
2013.49315	   3.390	  19.120
2013.49589	  11.030	  12.830
2013.49863	   7.110	  16.560
2013.50137	   9.730	  14.620
2013.50411	  15.890	  15.350
2013.50685	  17.220	  20.220
2013.50959	   9.160	  16.080
2013.51233	  10.210	  16.040
2013.51507	   9.680	  14.970
2013.51781	  17.590	  14.480
2013.52055	  20.510	  12.810
2013.52329	  20.890	  14.430
2013.52603	   6.480	  13.370
2013.52877	   4.680	  19.470
2013.53151	  16.230	  26.490
2013.53425	   9.500	  13.790
2013.53699	  10.040	  13.270
2013.53973	  -0.140	  14.180
2013.54247	   5.700	  14.240
2013.54521	  12.530	  12.320
2013.54795	   1.350	  13.650
2013.55342	   9.420	  20.940
2013.55616	   4.320	  15.790
2013.55890	  12.610	  14.560
2013.56164	  26.480	  17.160
2013.56438	  16.170	  19.920
2013.56712	  23.670	  16.560
2013.56986	  13.06 	  15.440
2013.57260	  24.21 	  17.330
2013.57534	  28.74 	  14.890
2013.57808	  19.73 	  13.220
2013.58082	  26.54 	  15.660
2013.58356	  24.55 	  12.480
2013.58630	  9.45  	  29.670
2013.58904	  17.53 	  14.910
2013.59178	  26.72 	  13.660
2013.59452	  7.56  	  12.900
2013.59726	  20.01 	  12.580
2013.60000	  16.7  	  17.430
2013.60274	  15.83 	  11.790
2013.60548	  28.33 	  15.880
2013.60822	  5.87  	  19.800
2013.61096	  13.88 	  14.420
2013.61370	  21.65 	  13.560
2013.61644	  24.45 	  13.780
2013.61918	  29.91 	  12.660
2013.62192	  23.88 	  13.600
2013.62466	  37.78 	  20.510
2013.62740	  23.01 	  15.790
2013.63014	  10.97 	  14.610
2013.63288	  23.83 	  18.010
2013.63562	  26.42 	  14.200
2013.63836	  28.25 	  17.780
2013.64110	  32.02 	  29.310
2013.64384	  28.75 	  14.970
2013.64658	  5.22  	  18.690
2013.65479	  26.63 	  15.680
2013.65753	  35.39 	  17.590
2013.66027	  45.41 	  25.530
2013.66301	  7.55  	  22.040
2013.66575	  21.2  	  16.150
2013.66849	  20.04 	  17.170
2013.67123	  20.19 	  12.440
2013.67671	  -0.07 	  13.720
2013.68219	  11.91 	  11.960
2013.68493	  12.28 	  12.000
2013.68767	  16.43 	  12.940
2013.69041	  -11.44	  18.690
2013.69315	  18.99 	  15.030
2013.69589	  5.78  	  14.480
2013.69863	  19.2  	  13.590
2013.70137	  13.97 	  13.620
2013.70411	  14.83 	  14.660
2013.70685	  13.91 	  17.500
2013.70959	  -7.45 	  21.440
2013.71233	  18.18 	  14.690
2013.71507	  12.4  	  15.950
2013.71781	  3.96  	  16.970
2013.72055	  11.03 	  15.850
2013.72329	  30.89 	  19.520
2013.72603	  12.25 	  15.320
2013.72877	  18.65 	  16.370
2013.73151	  8.81  	  13.900
2013.73425	  12.54 	  14.720
2013.73699	  13.68 	  13.080
2013.73973	  12.46 	  12.380
2013.74247	  25.23 	  11.770
2013.74521	  21.74 	  13.490
2013.74795	  3.64  	  14.630
2013.75342	  12.45 	  13.780
2013.75616	  9.21  	  12.170
2013.75890	  11.73 	  12.190
2013.76164	  19.4  	  13.210
2013.76438	  22.35 	  15.660
2013.76712	  17.16 	  12.130
2013.76986	  6.55  	  11.740
2013.77260	  26.21 	  14.450
2013.77534	  10.52 	  19.360
2013.77808	  15.97 	  13.690
2013.78356	  18.98 	  13.970
2013.78630	  19.39 	  14.070
2013.78904	  17.37 	  12.610
2013.79178	  23.48 	  10.440
2013.79452	  18.21 	  10.770
2013.79726	  22.63 	  11.120
2013.80000	  8     	  11.240
2013.80274	  21.86 	  10.640
2013.80548	  12.97 	  10.500
2013.80822	  17.73 	  11.010
2013.81096	  15.53 	  10.340
2013.81370	  11.34 	  10.100
2013.81644	  7.65  	  11.390
2013.81918	  15.02 	  10.820
2013.82192	  10.67 	  11.640
2013.82466	  9.29  	  10.810
2013.82740	  14.26 	  10.900
2013.83014	  12.92 	  11.480
2013.83288	  2.8   	  14.770
2013.83562	  21.73 	  13.920
2013.83836	  18.82 	  11.860
2013.84110	  12.52 	  11.870
2013.84384	  10.68 	  11.380
2013.84658	  11.57 	  11.530
2013.84932	  16.46 	   9.960
2013.85205	  18.15 	  10.800
2013.85479	  11.24 	  12.190
2013.85753	  16.21 	  12.360
2013.86027	  13.73 	  11.810
2013.86301	  11.32 	  11.400
2013.86575	  19.14 	  11.220
2013.86849	  23.55 	  10.660
2013.87123	  15.5  	  10.880
2013.87397	  20.94 	  10.340
2013.87671	  24.07 	  11.120
2013.87945	  17.48 	  10.760
2013.88219	  13.38 	   9.870
2013.88493	  14.31 	  10.350
2013.88767	  12.74 	  10.650
2013.89041	  14.41 	   9.910
2013.89315	  16.61 	  10.310
2013.89589	  16.45 	  10.770
2013.89863	  14.02 	  13.650
2013.90137	  20.28 	  10.270
2013.90411	  16.23 	  10.310
2013.90685	  23.14 	  10.440
2013.90959	  18.09 	   9.710
2013.91233	  20.51 	   9.180
2013.91507	  17.78 	   9.850
2013.91781	  20.25 	  10.010
2013.92055	  21.75 	   9.610
2013.92329	  20.22 	   9.210
2013.92603	  18.66 	  10.030
2013.92877	  22.66 	   9.230
2013.93151	  14.61 	   9.670
2013.93425	  22.43 	   9.430
2013.93699	  23.91 	  11.020
2013.93973	  19.81 	  10.970
2013.94247	  21.68 	   9.810
2013.94521	  15.24 	  10.340
2013.94795	  19.11 	   9.590
2013.95068	  16.59 	  10.780
2013.95342	  20.97 	  10.560
2013.95616	  13.49 	  10.790
2013.95890	  26.83 	  12.300
2013.96164	  27.44 	  11.220
2013.96438	  15.59 	  10.760
2013.96712	  17.28 	  11.120
2013.96986	  12.54 	  10.020
2013.97260	  25.76 	   9.200
2013.97534	  14.55 	   9.890
2013.97808	  16.33 	   9.910
2013.98082	  23.96 	  11.240
2013.98356	  21.52 	   9.810
2013.98630	  18.71 	   9.560
2013.98904	  13.98 	   8.960
2013.99178	  14.94 	   9.010
2013.99452	  15.26 	   9.160
2013.99726	  16.42 	   9.040
2014.00000	  17.54 	   9.160
2014.00274	  20.87 	  12.270
2014.00548	  17.68 	  10.340
2014.00822	  17.18 	  10.540
2014.01096	  22.44 	   9.880
2014.01370	  21.72 	   9.570
2014.01644	  17.06 	   8.890
2014.01918	  26.77 	   9.620
2014.02192	  19.92 	   9.680
2014.02466	  25.97 	   9.300
2014.02740	  24.27 	   9.450
2014.03014	  27.24 	   8.820
2014.03288	  28.77 	   9.550
2014.03562	  21.77 	  10.500
2014.03836	  20.52 	   9.460
2014.04110	  19.25 	   9.170
2014.04384	  25.05 	   9.220
2014.04658	  24.22 	   9.280
2014.04932	  22.35 	   8.900
2014.05205	  19.99 	   9.220
2014.05479	  34.52 	  10.540
2014.05753	  28.79 	   9.890
2014.06027	  21.76 	   9.590
2014.06301	  26.36 	   9.050
2014.06575	  25.13 	   9.490
2014.06849	  23.54 	   9.750
2014.07123	  26.97 	   9.430
2014.07671	  22.74 	  12.930
2014.07945	  22.45 	  11.480
2014.08219	  23.94 	  10.490
2014.08493	  27.23 	  10.250
2014.08767	  30.44 	  11.270
2014.09041	  35.3  	  13.280
2014.09315	  23.62 	  11.010
2014.09589	  24.94 	  11.390
2014.09863	  28.29 	  10.770
2014.10137	  36.72 	  12.860
2014.10411	  34.94 	  10.050
2014.10685	  29.37 	  10.290
2014.10959	  34.94 	  11.250
2014.11233	  28.47 	  12.210
2014.11507	  24.56 	   9.740
2014.11781	  27.02 	   9.560
2014.12055	  25.42 	  10.270
2014.12329	  25.05 	   9.540
2014.12603	  20.25 	   9.640
2014.12877	  24.88 	   9.350
2014.13151	  25.52 	  10.060
2014.13425	  24.61 	  12.370
2014.13699	  28.04 	  10.380
2014.13973	  27.06 	   9.930
2014.14247	  29.28 	  10.820
2014.14521	  30.61 	  10.510
2014.14795	  28.63 	  11.400
2014.15068	  17.92 	   9.940
2014.15342	  34.97 	  10.800
2014.15616	  28.81 	  10.840
2014.15890	  22.74 	  12.330
2014.16164	  29.58 	  12.830
2014.16438	  28.86 	  14.190
2014.16712	  32.16 	  10.710
2014.17260	  25.9  	  10.570
2014.17534	  3.1   	  19.940
2014.17808	  21.05 	  10.430
2014.18082	  17.27 	  11.180
2014.18356	  16.74 	  12.250
2014.18630	  19.98 	  12.370
2014.18904	  24.2  	  10.690
2014.19178	  28.74 	  11.600
2014.19452	  16.91 	  13.820
2014.19726	  18.57 	  12.790
2014.20000	  13.06 	  11.950
2014.20274	  14.5  	  12.200
2014.20548	  20.77 	  10.860
2014.20822	  24.34 	  10.710
2014.21096	  27.4  	  10.350
2014.21370	  27.34 	  12.040
2014.21644	  17.66 	  11.500
2014.21918	  25.05 	   9.960
2014.22192	  22.85 	   9.970
2014.22466	  23.66 	   9.840
2014.22740	  23.81 	  10.880
2014.23014	  20.91 	  10.660
2014.23288	  23.59 	  12.230
2014.23562	  33.41 	  12.020
2014.23836	  30.75 	  12.320
2014.24110	  23.3  	  16.640
2014.24384	  35.33 	  13.130
2014.24658	  26.5  	  25.410
2014.24932	  23.64 	  12.320
2014.25205	  29.4  	  13.370
2014.25479	  11.91 	  18.240
2014.26027	  24.54 	  11.740
2014.26301	  21.7  	  11.280
2014.26575	  18.76 	  10.440
2014.26849	  29.47 	  13.140
2014.27123	  19.67 	  10.750
2014.27397	  13.97 	  15.220
2014.27671	  14.5  	  10.900
2014.27945	  26.3  	  10.750
2014.28219	  21.89 	  11.750
2014.28493	  23.14 	  10.920
2014.28767	  23.66 	  11.400
2014.29041	  16.57 	  10.880
2014.29315	  16.18 	  11.200
2014.29589	  34.18 	  11.530
2014.30411	  17.58 	  10.550
2014.30685	  25.48 	  11.440
2014.30959	  21.48 	  11.300
2014.31233	  23.1  	  11.450
2014.31507	  23.74 	  11.110
2014.31781	  24.52 	  12.260
2014.32055	  18.46 	  11.920
2014.32329	  24.13 	  11.030
2014.32603	  16.38 	  11.070
2014.32877	  20.73 	  12.520
2014.33151	  24.81 	  15.430
2014.33425	  32.19 	  10.680
2014.33699	  29.47 	  11.670
2014.33973	  34.02 	  11.570
2014.34247	  18.89 	  11.200
2014.34521	  27.91 	  11.080
2014.34795	  22.27 	  10.580
2014.35068	  28.26 	  10.800
2014.35342	  30.35 	  12.030
2014.35616	  28.26 	  10.750
2014.35890	  32.98 	  12.180
2014.36164	  34.49 	  14.020
2014.36438	  21.86 	  15.000
2014.36712	  25.55 	  14.280
2014.36986	  43.45 	  18.230
2014.37260	  29.33 	  14.500
2014.37534	  26.17 	  13.140
2014.37808	  23.48 	  14.460
2014.38082	  37.87 	  17.280
2014.38356	  22.42 	  21.580
2014.38630	  24.67 	  13.910
2014.40000	  9.48  	  16.950
2014.40274	  25.43 	  14.430
2014.40548	  16.96 	  16.380
2014.40822	  29.5  	  14.920
2014.41096	  25.3  	  13.350
2014.41370	  15.54 	  12.250
2014.41644	  15.35 	  13.910
2014.41918	  23.75 	  14.570
2014.42192	  16.92 	  16.010
2014.42466	  20.14 	  15.450
2014.42740	  21.82 	  15.470
2014.43014	  24.83 	  13.200
2014.43288	  22.81 	  13.630
2014.43562	  14.43 	  13.370
2014.43836	  33.4  	  14.010
2014.44110	  29.03 	  13.600
2014.44384	  14.58 	  13.090
2014.44658	  34.01 	  14.820
2014.44932	  28.31 	  12.230
2014.45205	  21.03 	  12.330
2014.45479	  28.39 	  12.710
2014.45753	  27.26 	  14.560
2014.46027	  23.09 	  13.460
2014.46301	  38.51 	  19.120
2014.46575	  30.65 	  13.010
2014.46849	  23.56 	  14.060
2014.47123	  24.39 	  13.390
2014.47397	  23.26 	  14.320
2014.47671	  32.22 	  16.980
2014.47945	  19.14 	  15.520
2014.48493	  22.28 	  15.840
2014.48767	  24.39 	  12.560
2014.49041	  36.54 	  18.100
2014.49315	  12.71 	  14.520
2014.49589	  14.94 	  13.830
2014.49863	  17.47 	  17.030
2014.50137	  24.24 	  13.040
2014.50411	  8.35  	  15.100
2014.50685	  19.38 	  14.140
2014.50959	  26.97 	  15.610
2014.51233	  32.91 	  15.490
2014.51507	  26.88 	  16.330
2014.51781	  27.73 	  16.800
2014.52055	  24.3  	  19.600
2014.52329	  23.94 	  14.220
2014.52603	  24.92 	  13.260
2014.52877	  27.24 	  12.890
2014.53151	  13.22 	  12.770
2014.53425	  15.15 	  14.620
2014.53699	  21.2  	  16.640
2014.53973	  38.63 	  14.660
2014.54247	  27.83 	  19.820
2014.54521	  36.36 	  16.870
2014.54795	  6.41  	  28.770
2014.55068	  28.34 	  15.110
2014.55342	  23.23 	  16.790
2014.55616	  33.78 	  18.620
2014.55890	  21.87 	  23.910
2014.56164	  23.4  	  23.160
2014.56438	  13.97 	  15.550
2014.56712	  10.48 	  17.740
2014.56986	  18.72 	  14.500
2014.57260	  24.15 	  23.210
2014.57534	  18.25 	  15.270
2014.57808	  26.85 	  16.250
2014.58082	  32.88 	  19.530
2014.58356	  22.75 	  20.410
2014.58904	  15.48 	  18.300
2014.59178	  13.19 	  13.600
2014.59726	  37.940	  17.100
2014.60000	  52.650	  25.860
2014.60274	   8.430	  20.090
2014.60548	  29.180	  18.250
2014.60822	  41.710	  18.330
2014.61096	  27.590	  14.580
2014.61370	  15.450	  17.520
2014.61644	  27.010	  16.510
2014.61918	  34.510	  14.010
2014.62192	  23.140	  14.130
2014.62466	  26.860	  16.090
2014.62740	  31.910	  15.380
2014.63014	  26.750	  14.800
2014.63288	  23.450	  18.440
2014.63562	  16.540	  15.520
2014.63836	  26.160	  14.060
2014.64110	  34.260	  22.840
2014.64384	  25.280	  14.250
2014.64658	  33.920	  15.910
2014.64932	  28.290	  16.880
2014.65205	  26.580	  14.190
2014.65479	  35.700	  15.120
2014.65753	  27.540	  15.350
2014.66027	  16.670	  14.100
2014.66301	  17.600	  15.540
2014.66575	  23.900	  16.530
2014.66849	  22.170	  17.330
2014.67123	  24.670	  15.180
2014.67397	  17.430	  15.800
2014.67671	  40.650	  17.730
2014.67945	  27.300	  14.310
2014.68219	  23.870	  15.240
2014.68493	  26.180	  15.190
2014.68767	  20.650	  15.480
2014.69041	   5.010	  18.730
2014.69315	  31.540	  17.960
2014.69589	  26.790	  14.210
2014.70137	  19.130	  15.720
2014.70411	  25.030	  18.320
2014.70685	  36.880	  19.200
2014.70959	  20.710	  14.180
2014.71233	  28.920	  13.850
2014.71507	  20.280	  14.430
2014.71781	  29.900	  15.830
2014.72055	  18.910	  23.260
2014.72329	  19.280	  14.560
2014.72603	  25.670	  17.110
2014.72877	  26.080	  13.360
2014.73151	  23.040	  13.790
2014.73425	  37.620	  19.860
2014.73699	  15.550	  12.840
2014.73973	  13.640	  12.790
2014.74247	  26.640	  12.640
2014.74521	  23.560	  13.270
2014.74795	  31.860	  19.970
2014.75068	  28.110	  16.730
2014.75342	  19.350	  15.340
2014.75616	  21.030	  14.030
2014.75890	  13.970	  13.460
2014.76164	  15.020	  11.950
2014.76438	  20.540	  12.900
2014.76712	  18.660	  12.240
2014.76986	  23.340	  12.800
2014.77260	  20.280	  12.380
2014.77534	  17.510	  13.330
2014.77808	   7.650	  12.420
2014.78082	  19.900	  12.460
2014.78356	  22.170	  12.780
2014.78630	  23.690	  11.880
2014.78904	  21.270	  12.300
2014.79178	  25.240	  11.670
2014.79452	  19.960	  11.620
2014.79726	  26.680	  11.670
2014.80000	  18.620	  12.420
2014.80274	  29.440	  12.520
2014.80548	  18.830	  11.630
2014.80822	  16.470	  11.810
2014.81096	  30.620	  11.850
2014.81370	  23.890	  11.320
2014.81644	  25.750	  11.960
2014.81918	  18.490	  12.760
2014.82192	  28.770	  14.000
2014.82466	  23.590	  11.490
2014.82740	  24.700	  11.520
2014.83014	  24.500	  12.330
2014.83288	  18.450	  11.970
2014.83562	  27.160	  13.980
2014.83836	  12.310	  11.860
2014.84110	  18.590	  10.800
2014.84384	  21.400	  10.910
2014.84658	  23.750	  11.530
2014.84932	  27.130	  11.120
2014.85479	  22.870	  12.630
2014.85753	  21.460	  11.060
2014.86027	  24.910	  11.490
2014.86301	  16.210	  11.160
2014.86575	  14.470	  11.010
2014.86849	  23.420	  10.270
2014.87123	  18.520	  10.990
2014.87397	  19.130	  10.570
2014.87671	  24.660	  12.130
2014.87945	  18.030	  11.470
2014.88219	  24.930	  10.440
2014.88493	  18.000	  10.400
2014.88767	  21.880	  10.600
2014.89041	  18.770	  11.520
2014.89315	  22.540	  10.160
2014.89589	  21.250	  10.930
2014.89863	  17.180	  10.530
2014.90137	  17.060	  11.610
2014.90411	  18.380	  11.140
2014.90685	  24.990	  11.380
2014.90959	  24.690	  11.510
2014.91233	  25.530	  11.800
2014.91507	  24.830	  12.600
2014.91781	  20.470	  11.500
2014.92055	  15.900	  10.390
2014.92329	  22.230	  10.920
2014.92603	  19.520	  11.350
2014.92877	  12.640	   9.940
2014.93151	  17.380	  10.100
2014.93425	  21.430	  10.820
2014.93699	  13.730	  10.600
2014.93973	  20.640	   9.910
2014.94247	  20.220	  10.120
2014.94521	  18.190	  10.150
2014.94795	  10.690	   9.810
2014.95068	  18.350	   9.460
2014.95342	  18.720	   9.690
2014.95616	  11.970	  10.000
2014.95890	  13.890	   9.890
2014.96164	  22.920	  10.340
2014.96438	  19.560	  10.610
2014.96712	  23.060	  10.890
2014.96986	   9.190	  10.260
2014.97260	  12.990	   9.670
2014.97534	  16.600	   9.580
2014.97808	  22.030	   9.640
2014.98082	  17.150	  10.430
2014.98356	  21.460	  10.870
2014.98630	  20.390	   9.840
2014.98904	  16.980	  10.000
2014.99178	  22.120	   9.930
2014.99452	  23.230	   9.450
2014.99726	  24.020	   9.410
2015.00000	  20.910	  10.030
2015.00274	  14.500	   9.640
2015.00548	  16.790	   9.660
2015.00822	  21.860	   9.850
2015.01096	  24.410	   9.720
2015.01370	  25.010	   9.860
2015.01644	  24.870	  10.320
2015.01918	  16.310	   9.680
2015.02192	  18.590	   9.910
2015.02466	  23.760	   9.880
2015.02740	  16.670	  10.120
2015.03288	  20.580	  10.040
2015.03562	  26.860	  11.970
2015.03836	  11.220	   9.910
2015.04110	  22.750	   9.470
2015.04384	  22.600	   9.800
2015.04658	  21.020	   9.880
2015.04932	  22.450	  10.420
2015.05205	  20.970	  12.350
2015.05479	  22.310	  11.040
2015.05753	  20.860	  10.980
2015.06027	  22.290	   9.880
2015.06301	  22.460	  10.620
2015.06575	  25.560	  10.460
2015.06849	  31.180	  10.420
2015.07123	  24.830	  10.590
2015.07397	  19.850	  10.000
2015.07671	  15.420	   9.520
2015.07945	  24.780	  10.160
2015.08219	  28.150	   9.640
2015.08493	  26.090	   9.730
2015.08767	  31.020	   9.720
2015.09041	  29.950	   9.900
2015.09315	  26.880	  10.100
2015.09589	  27.250	  10.160
2015.09863	  25.290	   9.850
2015.10137	  25.280	   9.510
2015.10411	  26.900	  10.590
2015.10685	  19.570	   9.500
2015.10959	  22.600	   9.330
2015.11233	  30.490	  10.070
2015.11507	  26.710	  10.800
2015.11781	  35.720	  10.350
2015.12055	  23.670	  11.410
2015.12329	  30.570	  11.660
2015.12603	  29.850	  14.640
2015.12877	  37.390	  12.210
2015.13151	  33.810	  10.830
2015.13425	  32.350	  10.550
2015.13699	  33.050	  11.250
2015.13973	  33.410	  10.650
2015.14247	  23.110	  13.680
2015.14521	  33.460	  11.630
2015.14795	  27.060	  11.610
2015.15068	  36.360	  11.270
2015.15342	  25.370	  12.000
2015.15616	  22.810	  12.220
2015.15890	  27.930	  11.290
2015.16164	  29.770	  11.480
2015.16438	  21.200	  10.510
2015.16712	  25.560	  10.700
2015.16986	  23.570	  11.880
2015.17260	  26.800	  11.330
2015.17534	  25.100	  11.130
2015.17808	  23.040	  11.370
2015.18082	  21.820	  10.290
2015.18356	  23.680	  11.930
2015.18630	  27.370	  12.170
2015.18904	  21.340	  10.490
2015.19178	  19.470	  10.730
2015.19452	  21.390	  10.950
2015.19726	  22.970	  11.620
2015.20000	  32.180	  12.640
2015.20274	  25.270	  12.530
2015.20548	  19.920	  12.440
2015.20822	  31.850	  12.000
2015.21096	  32.470	  11.720
2015.21370	  26.680	  12.210
2015.21644	  30.510	  10.860
2015.21918	  31.950	  11.170
2015.22192	  19.200	  10.510
2015.22466	  20.110	  11.960
2015.22740	  15.630	  11.310
2015.23014	  19.420	  10.540
2015.23288	  21.850	  10.800
2015.23562	  18.790	  11.250
2015.23836	  31.170	  11.640
2015.24110	  32.840	  11.150
2015.24384	  26.870	  11.590
2015.24658	  29.190	  12.260
2015.24932	  35.460	  12.980
2015.25205	  28.600	  12.970
2015.25479	  33.960	  13.750
2015.25753	  36.140	  14.780
2015.26027	  23.100	  13.990
2015.26301	  25.500	  16.480
2015.26575	  33.590	  13.120
2015.26849	  21.590	  11.440
2015.27123	  23.980	  11.560
2015.27397	  27.760	  10.760
2015.27671	  19.120	  11.250
2015.27945	  29.660	  11.990
2015.28219	  25.760	  12.710
2015.28493	  23.340	  10.580
2015.28767	  27.460	  13.040
2015.29041	  35.400	  13.790
2015.29315	  36.830	  14.570
2015.29589	  25.940	  13.320
2015.29863	  23.880	  14.310
2015.30137	  22.720	  15.370
2015.30411	  31.990	  33.050
2015.30685	  21.250	  12.560
2015.30959	  23.680	  12.670
2015.31233	  21.820	  12.050
2015.31507	  16.590	  11.750
2015.31781	  26.410	  11.270
2015.32055	  28.910	  11.510
2015.32329	  27.090	  12.290
2015.32603	  25.350	  12.710
2015.32877	  28.130	  12.950
2015.33151	  42.310	  14.090
2015.33425	  15.850	  13.710
2015.33699	  28.360	  13.730
2015.33973	  27.270	  15.920
2015.34247	  29.250	  12.980
2015.34521	  31.380	  14.370
2015.34795	  16.630	  12.940
2015.35068	  20.360	  13.250
2015.35342	  30.170	  13.500
2015.35616	  23.100	  15.810
2015.35890	  28.950	  14.240
2015.36164	  27.270	  15.770
2015.36438	  26.430	  12.550
2015.36712	  28.770	  13.120
2015.36986	  20.640	  14.380
2015.37260	  26.790	  14.530
2015.37534	  22.420	  14.440
2015.37808	  23.440	  14.410
2015.38082	  29.890	  15.870
2015.38356	  21.270	  16.180
2015.38630	  22.730	  12.270
2015.38904	  22.720	  14.480
2015.39178	  14.530	  13.030
2015.39452	  17.410	  15.000
2015.39726	  11.780	  12.910
2015.40000	  10.530	  12.600
2015.40274	  24.290	  12.560
2015.40548	  19.500	  14.470
2015.40822	  26.030	  12.970
2015.41096	  15.640	  16.580
2015.41370	   6.140	  14.620
2015.41644	  21.630	  14.750
2015.41918	  15.410	  14.950
2015.42192	   9.930	  13.610
2015.42466	  17.210	  12.980
2015.42740	  12.680	  14.490
2015.43014	   8.610	  14.970
2015.43288	  30.330	  15.160
2015.43562	  15.500	  13.560
2015.43836	  30.210	  12.830
2015.44110	  29.870	  13.980
2015.44384	  25.560	  14.300
2015.44658	  26.500	  12.870
2015.44932	  16.630	  15.550
2015.45205	  23.970	  16.550
2015.45479	  19.490	  15.480
2015.45753	  31.460	  13.710
2015.46027	  28.530	  13.680
2015.46301	  20.160	  13.370
2015.46575	  19.870	  14.530
2015.46849	  12.460	  21.970
2015.47123	  23.770	  15.650
2015.47397	  20.990	  13.520
2015.47671	  18.900	  14.260
2015.47945	  32.020	  16.100
2015.48219	  34.340	  14.590
2015.48493	  34.570	  15.390
2015.48767	  24.550	  13.800
2015.49041	  19.490	  14.950
2015.49315	  23.800	  20.060
2015.49589	  24.870	  13.880
2015.49863	  33.130	  17.920
2015.50137	  28.730	  15.610
2015.50411	  11.200	  14.200
2015.50685	  14.220	  17.060
2015.50959	  10.900	  17.960
2015.51233	  25.450	  15.030
2015.51507	  26.280	  14.590
2015.51781	  26.690	  15.470
2015.52055	  25.100	  15.810
2015.52329	  19.500	  16.060
2015.52603	  36.430	  14.660
2015.52877	  58.500	  31.050
2015.53151	  26.490	  25.250
2015.53699	  16.990	  18.640
2015.53973	  29.780	  14.700
2015.54247	  24.650	  17.110
2015.54521	  34.440	  18.750
2015.54795	  18.720	  16.280
2015.55068	  12.760	  13.230
2015.55342	  25.510	  13.960
2015.55616	  23.630	  14.600
2015.55890	  21.840	  13.580
2015.56164	  40.660	  17.350
2015.56438	  15.910	  16.670
2015.56712	  22.580	  15.910
2015.56986	  31.690	  17.580
2015.57260	  28.520	  15.880
2015.57534	  21.860	  14.270
2015.57808	  17.290	  14.730
2015.58082	  32.430	  19.230
2015.58356	  22.450	  20.000
2015.58630	  35.700	  16.710
2015.58904	  38.430	  14.700
2015.59178	  38.100	  15.960
2015.59452	  27.430	  17.420
2015.59726	  32.490	  16.510
2015.60000	  33.890	  17.450
2015.60274	  10.160	  17.800
2015.60548	  12.740	  22.730
2015.60822	  36.980	  17.170
2015.61096	  26.960	  15.710
2015.61370	  47.910	  17.880
2015.61644	  28.860	  13.850
2015.61918	  33.660	  14.230
2015.62192	  27.230	  14.430
2015.62466	  27.100	  14.470
2015.62740	  23.920	  13.730
2015.63014	  33.350	  14.750
2015.63288	  29.270	  17.970
2015.63562	  26.750	  15.370
2015.63836	  32.940	  17.990
2015.64110	  26.490	  14.620
2015.64384	  39.060	  16.960
2015.64658	  18.150	  21.620
2015.64932	  19.070	  18.920
2015.65205	  24.250	  18.760
2015.65479	  26.200	  12.360
2015.65753	  26.190	  14.400
2015.66027	  21.480	  12.650
2015.66301	  12.440	  12.720
2015.66575	  21.420	  13.490
2015.66849	  24.910	  13.330
2015.67123	  26.890	  14.220
2015.67397	  23.370	  12.330
2015.67671	  21.030	  13.530
2015.67945	  28.050	  12.920
2015.68219	  26.060	  14.860
2015.68493	  19.610	  13.930
2015.68767	  32.170	  14.430
2015.69041	  21.810	  14.650
2015.69315	  30.180	  13.380
2015.69589	  20.870	  12.840
2015.69863	  28.950	  13.320
2015.70137	  15.020	  14.070
2015.70411	  26.260	  13.880
2015.70685	  24.710	  14.020
2015.70959	  21.910	  16.230
2015.71233	  20.810	  13.310
2015.71507	  30.550	  15.710
2015.71781	  37.140	  16.490
2015.72055	  20.610	  10.920
2015.72329	  22.850	  12.770
2015.72603	  30.130	  13.190
2015.72877	  34.930	  12.860
2015.73151	  27.760	  13.260
2015.73425	  30.690	  13.110
2015.73699	  28.950	  12.740
2015.73973	  27.030	  12.380
2015.74247	  27.450	  17.180
2015.74521	  26.610	  14.450
2015.74795	  26.900	  14.130
2015.75068	  30.050	  17.220
2015.75342	  27.660	  13.380
2015.75616	  27.270	  12.930
2015.75890	  25.670	  14.250
2015.76164	  17.940	  13.630
2015.76438	  15.500	  12.590
2015.76712	  21.160	  12.690
2015.76986	  18.340	  15.870
2015.77260	  18.030	  11.400
2015.77534	  17.060	  13.000
2015.77808	  16.780	  11.210
2015.78082	  11.070	  11.130
2015.78356	  17.000	  13.110
2015.78630	  13.140	  12.120
2015.78904	  17.110	  11.290
2015.79178	  24.390	  12.540
2015.79452	   4.540	  13.890
2015.79726	  24.240	  13.060
2015.80000	  13.130	  12.870
2015.80274	  28.050	  12.010
2015.80548	  16.930	  12.800
2015.80822	   3.950	  12.760
2015.81096	  12.910	  12.050
2015.81370	   5.800	  15.970
2015.81644	  31.770	  14.910
2015.81918	  17.570	  11.780
2015.82192	  10.630	  12.090
2015.82466	   4.050	  10.980
2015.82740	  10.980	  11.280
2015.83288	   6.270	  16.860
2015.83562	  14.080	  12.090
2015.83836	  18.470	  12.640
2015.84110	  21.670	  14.180
2015.84384	  29.920	  12.700
2015.84658	  24.660	  11.890
2015.84932	  18.090	  12.650
2015.85205	  15.870	  13.410
2015.85479	  19.930	  12.750
2015.85753	  28.300	  13.670
2015.86027	  16.990	  11.760
2015.86301	  21.520	  12.440
2015.86575	  20.290	  11.510
2015.86849	  20.660	  12.090
2015.87123	  23.910	  13.070
2015.87397	  20.460	  12.790
2015.87671	  27.490	  11.740
2015.87945	  17.950	  11.650
2015.88219	  21.780	  12.020
2015.88493	  27.550	  16.090
2015.88767	  11.990	  17.120
2015.89041	   6.690	  13.750
2015.89315	  21.490	  11.490
2015.89589	  12.930	  13.700
2015.89863	  15.870	  13.630
2015.90137	  16.050	  13.860
2015.90411	  16.370	  10.570
2015.90685	  10.770	  10.710
2015.90959	  16.080	  10.850
2015.91233	  16.370	  10.770
2015.91507	  13.670	  10.390
2015.91781	  16.040	  11.360
2015.92055	  16.550	  11.120
2015.92329	  12.920	  10.100
2015.92603	  17.500	  11.820
2015.92877	   7.700	  13.940
2015.93151	  17.450	  11.750
2015.93425	   9.740	  11.240
2015.93699	  20.420	  10.080
2015.93973	  10.880	  14.090
2015.94247	  15.970	  12.050
2015.94795	  15.390	  10.200
2015.95068	  23.180	  11.200
2015.95342	  13.400	  10.250
2015.95616	  25.620	   9.280
2015.95890	  11.990	   9.370
2015.96164	  11.940	   9.040
2015.96438	  17.950	   8.980
2015.96712	  14.720	  10.540
2015.96986	  13.620	  11.060
2015.97260	  23.260	  11.910
2015.97534	  18.220	  10.500
2015.97808	  18.430	  10.240
2015.98082	  16.860	  10.530
2015.98356	  17.630	  10.000
2015.98630	  18.540	   9.260
2015.98904	  22.520	  10.960
2015.99178	  20.200	   9.920
2015.99452	  20.570	   9.250
2015.99726	  21.460	   9.750
2016.00000	  25.990	   9.280
2016.00273	  23.370	   9.540
2016.00546	  30.480	  12.520
2016.00820	  20.670	  13.520
2016.01093	  29.630	  10.420
2016.01366	  22.440	  13.270
2016.01639	  20.490	  12.200
2016.01913	  22.110	  11.280
2016.02186	  21.700	   9.890
2016.02459	  24.700	  10.240
2016.02732	  18.720	  10.730
2016.03005	  24.200	  11.530
2016.03279	  19.630	  11.780
2016.03552	  21.710	  12.370
2016.03825	  15.630	   9.940
2016.04098	  15.870	  11.270
2016.04372	  18.770	  11.710
2016.04645	  17.060	  14.530
2016.04918	  15.250	   9.810
2016.05191	  16.400	  10.130
2016.05464	  17.910	  10.310
2016.05738	  21.700	  10.140
2016.06011	  27.640	  10.210
2016.06284	  16.820	  10.170
2016.06557	  18.910	   9.600
2016.06831	  11.780	   9.180
2016.07104	  14.190	   9.770
2016.07377	  21.900	  10.560
2016.07650	  18.580	  11.570
2016.07923	  15.080	  15.120
2016.08197	  31.190	  10.770
2016.08470	  18.040	   9.920
2016.08743	  27.520	  12.330
2016.09016	  19.370	   9.430
2016.09290	  26.070	   9.470
2016.09563	  26.140	  12.480
2016.10383	  34.750	  10.100
2016.10656	  32.390	   9.800
2016.10929	  34.540	  10.400
2016.11202	  36.730	  10.180
2016.11475	  37.740	  14.960
2016.12022	  37.730	  12.820
2016.12295	  39.960	  12.400
2016.12568	  28.540	   9.840
2016.12842	  32.140	   9.640
2016.13115	  39.080	   9.620
2016.13388	  34.120	   9.700
2016.13661	  40.540	  10.760
2016.13934	  35.600	  10.210
2016.14208	  30.000	   9.680
2016.14481	  32.110	  10.160
2016.14754	  37.550	  10.000
2016.15027	  26.060	   9.140
2016.15301	  25.470	   9.260
2016.15574	  29.350	  10.210
2016.15847	  27.150	  10.160
2016.16120	  35.920	  11.480
2016.16393	  28.480	  10.980
2016.16667	  28.560	  10.820
2016.16940	  47.370	  19.290
2016.17213	  37.720	  10.970
2016.17486	  33.870	  11.000
2016.17760	  39.080	  12.720
2016.18033	  34.730	  10.450
2016.18306	  36.570	  10.710
2016.18579	  41.160	  12.830
2016.18852	  33.970	  13.330
2016.19126	  32.940	  12.130
2016.19399	  33.270	   9.640
2016.19672	  38.940	  10.550
2016.19945	  26.310	  13.900
2016.20219	  29.860	  10.030
2016.20492	  28.600	  10.280
2016.20765	  23.230	  10.210
2016.21038	  33.230	  11.130
2016.21311	  42.010	  12.350
2016.21585	  30.990	  12.010
2016.21858	  31.370	  10.840
2016.22131	  34.350	  10.590
2016.22404	  34.720	  11.080
2016.22678	  29.750	  14.290
2016.22951	  31.240	   9.460
2016.23224	  26.710	   9.980
2016.23497	  33.510	   9.910
2016.23770	  31.650	  11.280
2016.24044	  35.810	  10.740
2016.24317	  39.260	  10.450
2016.24590	  36.820	  11.160
2016.24863	  32.210	  11.510
2016.25137	  37.890	  13.220
2016.25683	  45.000	  37.850
2016.25956	  43.590	  11.880
2016.26230	  38.980	  11.480
2016.26503	  50.950	  12.920
2016.26776	  30.990	  12.890
2016.27049	  30.790	  12.590
2016.27322	  41.800	  13.880
2016.27596	  22.670	  18.560
2016.27869	  30.730	  14.590
2016.28142	  43.670	  14.590
2016.28415	  27.800	  20.740
2016.28689	  53.150	  22.630
2016.28962	  31.000	  15.950
2016.29235	  38.390	  15.850
2016.29508	  36.400	  14.440
2016.29781	  34.160	  16.800
2016.30055	  40.970	  13.470
2016.30328	  39.160	  13.860
2016.30601	  43.270	  13.970
2016.30874	  31.220	  13.610
2016.31148	  37.450	  14.100
2016.31421	  37.050	  14.520
2016.31694	  32.590	  13.210
2016.31967	  38.360	  15.380
2016.32240	  29.480	  15.270
2016.32514	  23.370	  15.640
2016.32787	  37.750	  13.380
2016.33060	  26.820	  12.410
2016.33333	  33.920	  13.890
2016.33607	  35.700	  14.800
2016.33880	  36.110	  14.370
2016.34153	  33.680	  13.360
2016.34426	  47.860	  13.570
2016.34699	  34.690	  14.490
2016.34973	  33.070	  14.330
2016.35246	  45.700	  15.280
2016.35519	  38.550	  14.680
2016.35792	  36.510	  18.400
2016.36066	  37.550	  16.520
2016.36339	  25.830	  16.130
2016.36612	  25.360	  18.530
2016.36885	  30.260	  17.510
2016.37158	  35.560	  15.490
2016.37432	  31.240	  14.120
2016.37705	  37.560	  12.120
2016.37978	  40.970	  13.050
2016.38251	  37.350	  13.330
2016.38525	  39.170	  13.220
2016.38798	  28.880	  13.490
2016.39071	  18.340	  18.610
2016.39344	  35.990	  16.910
2016.39617	  36.920	  19.060
2016.39891	  35.530	  17.020
2016.40164	  39.220	  13.300
2016.40437	  37.280	  13.470
2016.40710	  46.020	  14.170
2016.40984	  50.520	  14.660
2016.41257	  44.090	  17.120
2016.41530	  50.140	  14.260
2016.41803	  36.590	  14.800
2016.42077	  43.620	  15.380
2016.42350	  41.620	  14.710
2016.42623	  45.010	  15.720
2016.42896	  36.820	  20.390
2016.43169	  42.540	  17.670
2016.43443	  38.660	  26.770
2016.43716	  48.730	  17.950
2016.43989	  42.640	  14.690
2016.44262	  39.990	  15.900
2016.44536	  31.610	  15.240
2016.44809	  41.090	  18.880
2016.45082	  49.350	  19.670
2016.45355	  48.300	  19.990
2016.45628	  41.760	  16.270
2016.45902	  38.820	  15.460
2016.46175	  39.240	  15.840
2016.46448	  24.700	  21.870
2016.46721	  42.670	  18.170
2016.46995	  40.560	  16.400
2016.47268	  39.980	  16.430
2016.47541	  50.090	  16.320
2016.47814	  44.160	  18.030
2016.48087	  40.820	  17.790
2016.48361	  31.940	  17.390
2016.48634	  42.960	  22.380
2016.48907	  45.550	  16.590
2016.49180	  50.440	  18.210
2016.49454	  37.770	  19.820
2016.49727	  40.490	  19.590
2016.50000	  38.010	  16.760
2016.50273	  52.550	  16.950
2016.50546	  38.340	  18.410
2016.50820	  49.880	  16.400
2016.51093	  56.870	  17.230
2016.51366	  41.300	  19.170
2016.51639	  56.600	  17.510
2016.51913	  46.340	  22.340
2016.52186	  47.080	  21.820
2016.52459	  41.610	  19.290
2016.52732	  43.800	  21.900
2016.53005	  25.370	  22.180
2016.53279	  44.850	  15.330
2016.53552	  34.240	  15.940
2016.53825	  47.310	  15.930
2016.54098	  43.540	  18.390
2016.54372	  37.370	  18.960
2016.54645	  44.570	  19.080
2016.54918	  31.520	  15.040
2016.55191	  38.390	  18.130
2016.55464	  44.250	  15.560
2016.55738	  32.290	  18.240
2016.56011	  57.930	  18.360
2016.56284	  57.910	  19.510
2016.56557	  43.480	  15.090
2016.56831	  56.990	  16.030
2016.57104	  47.330	  17.670
2016.57377	  53.570	  20.570
2016.57650	  41.770	  20.650
2016.57923	  41.830	  18.480
2016.58197	  60.290	  19.560
2016.58470	  58.300	  19.170
2016.58743	  50.910	  14.880
2016.59016	  53.350	  14.820
2016.59290	  45.290	  15.170
2016.59563	  46.120	  15.200
2016.59836	  50.380	  18.710
2016.60109	  51.480	  24.930
2016.60383	  43.930	  21.510
2016.60656	  43.820	  20.250
2016.60929	  63.580	  20.490
2016.61202	  64.210	  17.800
2016.61475	  48.100	  13.440
2016.61749	  45.670	  13.530
2016.62022	  51.380	  15.110
2016.62295	  42.240	  17.440
2016.62568	  48.990	  16.560
2016.62842	  27.010	  16.670
2016.63115	  54.430	  19.210
2016.63388	  47.630	  19.620
2016.63661	  64.130	  19.490
2016.63934	  38.150	  23.130
2016.64208	  54.080	  20.850
2016.64481	  50.540	  17.090
2016.64754	  40.130	  19.470
2016.65027	  42.780	  16.920
2016.65301	  47.880	  22.750
2016.65574	  46.850	  23.360
2016.65847	  48.510	  19.830
2016.66120	  46.660	  22.610
2016.66393	  41.800	  15.270
2016.66667	  53.110	  15.760
2016.66940	  50.730	  16.350
2016.67213	  28.840	  22.170
2016.67486	  46.340	  16.320
2016.67760	  37.820	  18.450
2016.68033	  55.710	  20.210
2016.68306	  35.490	  18.240
2016.68579	  36.980	  15.600
2016.68852	  30.550	  15.520
2016.69126	  48.320	  16.620
2016.69399	  50.530	  15.390
2016.69672	  43.420	  19.010
2016.69945	  44.120	  18.350
2016.70219	  40.650	  17.710
2016.70492	  38.370	  35.790
2016.71585	  32.530	  15.090
2016.71858	  46.550	  20.620
2016.72131	  30.710	  18.870
2016.72404	  37.420	  17.540
2016.72678	  46.150	  20.310
2016.72951	  42.990	  20.670
2016.73224	  44.100	  16.870
2016.73497	  46.530	  18.460
2016.73770	  53.410	  17.550
2016.74044	  42.030	  24.210
2016.74317	  24.030	  32.470
2016.74590	  23.340	  19.900
2016.74863	  42.620	  17.410
2016.75137	  26.500	  17.670
2016.75410	  34.380	  17.790
2016.75683	  37.410	  16.840
2016.75956	  54.610	  23.720
2016.76230	  50.670	  21.420
2016.76503	  35.970	  19.150
2016.76776	  36.440	  17.720
2016.77049	  33.710	  16.320
2016.77322	  25.630	  17.450
2016.77596	  37.790	  17.180
2016.77869	  39.980	  19.750
2016.78142	  41.910	  18.310
2016.78415	  29.680	  19.020
2016.78689	  36.170	  17.910
2016.78962	  29.720	  20.990
2016.79235	  33.880	  19.520
2016.79508	  40.470	  18.460
2016.79781	  34.240	  16.070
2016.80328	  20.300	  28.700
2016.80601	  37.480	  18.020
2016.80874	  33.230	  16.180
2016.81148	  53.850	  16.150
2016.81421	  31.400	  16.670
2016.81694	  43.680	  15.550
2016.81967	  37.000	  15.630
2016.82240	  44.440	  13.810
2016.82514	  49.640	  14.550
2016.82787	  43.800	  16.240
2016.83060	  30.700	  15.020
2016.83333	  37.090	  14.670
2016.83607	  40.160	  13.690
2016.83880	  37.470	  15.170
2016.84153	  29.630	  14.410
2016.84426	  40.300	  24.120
2016.84699	  40.450	  15.330
2016.84973	  33.050	  15.780
2016.85246	  33.650	  14.580
2016.85519	  40.640	  11.980
2016.85792	  37.090	  11.970
2016.86066	  31.860	  12.830
2016.86339	  29.200	  11.380
2016.86612	  38.550	  11.830
2016.86885	  40.520	  11.610
2016.87158	  39.570	  11.790
2016.87432	  36.990	  12.850
2016.87705	  35.860	  12.490
2016.87978	  39.260	  14.000
2016.88251	  38.460	  12.150
2016.88525	  42.640	  14.570
2016.88798	  39.760	  13.430
2016.89071	  41.270	  12.590
2016.89344	  35.050	  12.130
2016.89617	  35.190	  13.360
2016.89891	  42.370	  12.370
2016.90164	  28.620	  12.120
2016.90437	  30.940	  14.230
2016.90710	  43.170	  16.380
2016.90984	  37.850	  15.000
2016.91257	  36.230	  13.130
2016.91530	  35.960	  14.030
2016.91803	  40.750	  13.690
2016.92077	  32.640	  12.510
2016.92350	  37.350	  11.650
2016.92623	  34.890	  13.070
2016.92896	  32.290	  12.720
2016.93169	  39.840	  11.900
2016.93443	  39.760	  12.050
2016.93716	  39.250	  13.200
2016.93989	  40.640	  13.720
2016.94262	  35.760	  13.020
2016.94536	  29.720	  12.510
2016.94809	  34.980	  12.620
2016.95082	  32.110	  12.600
2016.95355	  31.320	  11.870
2016.95628	  34.880	  10.200
2016.95902	  35.410	  10.820
2016.96175	  32.330	  11.510
2016.96448	  37.700	  11.880
2016.96721	  41.080	  12.650
2016.96995	  42.070	  12.760
2016.97268	  45.330	  12.460
2016.97541	  36.320	  11.910
2016.97814	  39.080	  11.460
2016.98087	  41.680	  10.660
2016.98361	  45.060	  10.830
2016.98634	  40.110	  12.960
2016.98907	  30.670	  13.220
2016.99180	  31.800	  11.860
2016.99454	  38.480	  11.310
2016.99727	  35.640	  11.800
2017.00000	  40.620	  11.650
2017.00274	  45.050	  11.400
2017.00548	  39.910	  11.520
2017.00822	  43.550	  10.820
2017.01096	  44.710	  10.530
2017.01370	  42.520	  11.030
2017.01644	  43.870	  11.340
2017.01918	  46.170	  12.020
2017.02192	  42.670	  11.710
2017.02466	  32.330	  11.800
2017.02740	  41.360	  12.000
2017.03014	  40.720	  12.010
2017.03288	  49.160	  11.990
2017.03562	  46.290	  11.170
2017.03836	  39.310	  10.180
2017.04110	  41.040	  10.430
2017.04384	  43.530	  10.870
2017.04658	  38.860	  11.290
2017.04932	  52.160	  11.580
2017.05205	  44.860	  11.670
2017.05479	  40.250	  10.750
2017.05753	  40.110	  11.600
2017.06027	  41.450	  11.130
2017.06301	  41.810	  10.510
2017.06575	  44.030	  10.760
2017.06849	  36.770	  11.270
2017.07123	  52.520	  11.300
2017.07397	  49.270	  11.740
2017.07671	  50.480	  11.620
2017.07945	  52.890	  11.850
2017.08219	  49.500	  13.240
2017.08493	  33.940	  12.560
2017.08767	  41.230	  11.700
2017.09041	  39.290	  10.370
2017.09315	  38.570	  13.330
2017.09589	  49.780	  13.580
2017.09863	  44.790	  12.830
2017.10137	  42.240	  11.850
2017.10411	  38.760	  11.830
2017.10685	  46.050	  11.770
2017.10959	  46.760	   9.830
2017.11233	  42.080	  10.080
2017.11507	  36.980	   9.740
2017.11781	  35.420	   9.710
2017.12055	  41.050	  10.780
2017.12329	  40.180	  11.270
2017.12603	  40.300	  10.830
2017.12877	  48.920	  10.570
2017.13151	  42.210	  11.390
2017.13425	  47.110	  12.850
2017.13699	  46.020	  13.040
2017.13973	  54.940	  12.860
2017.14247	  52.440	  13.170
2017.14521	  48.530	  13.490
2017.14795	  48.410	  12.460
2017.15068	  43.540	  10.880
2017.15616	  42.230	  10.730
2017.15890	  48.650	  10.710
2017.16164	  48.330	  10.960
2017.16438	  40.750	  11.510
2017.16712	  43.640	  11.010
2017.16986	  40.840	  10.270
2017.17260	  40.590	  10.800
2017.17534	  52.120	  12.200
2017.17808	  42.550	  11.280
2017.18082	  42.080	  10.170
2017.18356	  41.980	  10.970
2017.18630	  43.470	  10.820
2017.18904	  41.430	  12.580
2017.19178	  36.140	  10.930
2017.19452	  45.160	  10.900
2017.19726	  48.980	  12.210
2017.20000	  47.210	  10.880
2017.20274	  38.410	  11.170
2017.20548	  48.340	  11.500
2017.20822	  46.050	  10.680
2017.21096	  41.760	  12.130
2017.21370	  46.180	  12.510
2017.21644	  43.070	  12.080
2017.21918	  50.860	  13.720
2017.22192	  42.070	  16.200
2017.22466	  46.800	  13.690
2017.22740	  51.430	  13.190
2017.23014	  47.680	  13.090
2017.23288	  40.110	  12.590
2017.23562	  47.860	  13.640
2017.23836	  41.120	  13.930
2017.24110	  36.610	  12.780
2017.24384	  46.160	  13.380
2017.24658	  51.340	  20.660
2017.24932	  29.020	  13.240
2017.25205	  41.780	  17.830
2017.25479	  38.570	  12.940
2017.25753	  41.970	  12.810
2017.26027	  50.710	  12.890
2017.26301	  54.660	  13.730
2017.26575	  42.050	  14.000
2017.26849	  55.560	  15.660
2017.27123	  49.490	  15.280
2017.27397	  50.100	  13.850
2017.27671	  39.070	  19.460
2017.27945	  45.400	  18.510
2017.28219	  40.150	  13.280
2017.28493	  41.680	  12.910
2017.28767	  39.170	  13.750
2017.29041	  44.070	  13.750
2017.29315	  50.620	  13.910
2017.29589	  50.980	  14.760
2017.29863	  37.700	  19.560
2017.30137	  47.160	  16.290
2017.30411	  51.090	  17.550
2017.30685	  52.930	  14.000
2017.30959	  44.950	  11.730
2017.31233	  38.050	  11.650
2017.31507	  43.290	  12.760
2017.31781	  41.400	  13.200
2017.32055	  31.470	  12.960
2017.32329	  36.340	  12.000
2017.32603	  41.890	  13.240
2017.32877	  46.760	  12.320
2017.33151	  49.060	  11.920
2017.33425	  40.200	  13.030
2017.33699	  41.440	  13.150
2017.33973	  53.160	  13.310
2017.34247	  53.560	  15.140
2017.34521	  56.480	  15.940
2017.34795	  49.490	  13.000
2017.35068	  44.090	  14.130
2017.35342	  54.510	  14.890
2017.35616	  52.600	  16.320
2017.35890	  42.610	  14.300
2017.36164	  42.380	  14.470
2017.36438	  57.490	  14.470
2017.36712	  57.110	  13.950
2017.36986	  49.620	  13.540
2017.37260	  41.530	  12.850
2017.37534	  43.150	  12.950
2017.37808	  43.030	  15.640
2017.38082	  51.920	  13.210
2017.38356	  47.290	  12.830
2017.38630	  60.770	  13.910
2017.38904	  57.370	  12.480
2017.39178	  57.120	  14.010
2017.39452	  39.090	  18.510
2017.39726	  52.040	  17.210
2017.40000	  53.620	  12.780
2017.40274	  38.150	  11.760
2017.40548	  43.100	  13.190
2017.40822	  46.320	  14.390
2017.41096	  39.540	  18.250
2017.41370	  49.200	  15.090
2017.41644	  37.770	  22.230
2017.41918	  43.990	  21.130
2017.42192	  51.040	  20.150
2017.42466	  41.400	  17.690
2017.42740	  49.030	  14.470
2017.43014	  60.900	  15.240
2017.43288	  53.940	  17.440
2017.43562	  46.160	  19.920
2017.43836	  68.350	  19.750
2017.44110	  47.410	  15.580
2017.44384	  53.300	  14.520
2017.44658	  43.150	  19.020
2017.44932	  46.540	  18.270
2017.45205	  52.370	  20.700
2017.45479	  46.210	  18.130
2017.45753	  38.540	  24.120
2017.46027	  52.250	  25.140
2017.46301	  48.600	  17.970
2017.46575	  43.500	  16.340
2017.46849	  52.480	  17.190
2017.47123	  58.760	  15.090
2017.47397	  42.930	  14.510
2017.47671	  49.520	  16.790
2017.47945	  48.700	  18.050
2017.48219	  52.100	  14.780
2017.48493	  61.550	  13.890
2017.48767	  52.510	  14.960
2017.49041	  42.950	  17.800
2017.49315	  41.480	  18.030
2017.49589	  50.800	  15.980
2017.49863	  47.120	  15.780
2017.50411	  42.280	  20.090
2017.50685	  47.190	  16.360
2017.50959	  64.340	  16.900
2017.51233	  41.130	  17.150
2017.51507	  54.870	  15.660
2017.51781	  44.820	  17.010
2017.52055	  52.880	  15.840
2017.52603	  35.120	  18.610
2017.52877	  43.560	  20.830
2017.53151	  49.380	  18.570
2017.53425	  46.430	  16.590
2017.53699	  31.370	  19.130
2017.53973	  43.720	  18.090
2017.54247	  48.920	  13.290
2017.54521	  51.550	  16.120
2017.54795	  54.530	  15.030
2017.55068	  50.710	  15.050
2017.55616	  44.410	  14.190
2017.55890	  46.170	  15.050
2017.56164	  40.360	  19.370
2017.56438	  43.740	  18.330
2017.56712	  42.210	  19.610
2017.56986	  56.060	  16.350
2017.57260	  46.840	  17.480
2017.57534	  58.920	  20.980
2017.57808	  57.830	  25.300
2017.58082	  63.980	  28.360
2017.58356	  56.230	  21.640
2017.58630	  33.150	  15.460
2017.58904	  29.780	  22.020
2017.59178	  46.070	  17.800
2017.59452	  42.420	  16.220
2017.59726	  43.550	  16.350
2017.60000	  38.500	  17.890
2017.60274	  33.090	  17.090
2017.60548	  47.470	  17.130
2017.60822	  36.120	  21.650
2017.61096	  51.420	  16.240
2017.61370	  47.330	  15.700
2017.61644	  40.410	  14.250
2017.61918	  46.100	  14.760
2017.62466	  47.600	  16.830
2017.62740	  53.700	  16.070
2017.63014	  47.380	  19.140
2017.63288	  53.810	  22.380
2017.63562	  38.290	  19.400
2017.63836	  50.190	  20.480
2017.64110	  61.350	  19.870
2017.64384	  45.600	  14.400
2017.64658	  47.710	  14.560
2017.64932	  52.610	  16.680
2017.65205	  41.080	  16.420
2017.65479	  35.900	  16.270
2017.65753	  40.920	  17.000
2017.66027	  62.070	  18.930
2017.66301	  44.570	  18.580
2017.66575	  39.840	  15.470
2017.66849	  45.120	  24.420
2017.67123	  40.650	  16.040
2017.67397	  43.960	  16.910
2017.67671	  64.620	  20.570
2017.67945	  40.630	  16.800
2017.68219	  47.150	  14.770
2017.68493	  47.550	  14.490
2017.68767	  49.590	  14.570
2017.69041	  41.040	  15.050
2017.69315	  36.640	  15.830
2017.69589	  37.090	  16.070
2017.69863	  45.130	  15.970
2017.70137	  45.600	  17.440
2017.70411	  50.010	  15.740
2017.70685	  36.810	  14.360
2017.70959	  45.180	  16.090
2017.71233	  44.380	  15.560
2017.71507	  44.570	  15.670
2017.71781	  32.520	  18.120
2017.72055	  44.200	  14.650
2017.72329	  37.960	  13.660
2017.72603	  32.540	  17.150
2017.72877	  33.120	  15.010
2017.73151	  48.590	  16.270
2017.73425	  42.770	  17.580
2017.73699	  38.370	  14.750
2017.73973	  49.290	  14.800
2017.74247	  47.110	  17.290
2017.74521	  23.860	  23.070
2017.74795	  38.270	  15.600
2017.75068	  35.220	  16.260
2017.75342	  45.640	  15.760
2017.75616	  55.390	  19.200
2017.75890	  40.200	  22.230
2017.76164	  34.340	  16.030
2017.76438	  53.080	  18.960
2017.76712	  39.700	  18.430
2017.76986	  41.720	  23.120
2017.77260	  40.910	  21.070
2017.77534	  34.530	  22.020
2017.77808	  42.490	  19.280
2017.78082	  44.790	  18.820
2017.78356	  47.170	  15.720
2017.78630	  50.300	  18.450
2017.78904	  44.040	  20.210
2017.79178	  32.010	  20.540
2017.79452	  46.990	  17.590
2017.79726	  29.200	  15.910
2017.80000	  31.120	  14.550
2017.80274	  30.830	  12.530
2017.80548	  35.540	  11.980
2017.80822	  32.240	  12.440
2017.81096	  38.030	  13.370
2017.81370	  33.040	  13.650
2017.81644	  34.920	  13.710
2017.81918	  31.920	  13.290
2017.82192	  30.760	  12.900
2017.82466	  28.210	  13.080
2017.82740	  24.100	  13.470
2017.83014	  29.250	  12.930
2017.83288	  33.890	  12.550
2017.83562	  41.680	  13.730
2017.83836	  44.920	  14.030
2017.84110	  34.460	  14.250
2017.84384	  34.460	  13.200
2017.84658	  39.840	  11.790
2017.84932	  42.220	  13.070
2017.85205	  31.680	  14.280
2017.85479	  45.010	  12.650
2017.85753	  39.440	  12.800
2017.86301	  35.170	  14.180
2017.86575	  40.350	  11.530
2017.86849	  42.380	  11.600
2017.87123	  47.340	  13.070
2017.87397	  46.590	  12.290
2017.87671	  42.970	  12.790
2017.87945	  32.950	  12.820
2017.88219	  42.150	  13.280
2017.88493	  42.740	  11.090
2017.88767	  39.350	  11.420
2017.89041	  44.760	  12.210
2017.89315	  51.300	  12.090
2017.89589	  34.750	  12.510
2017.89863	  36.200	  11.250
2017.90137	  44.500	  11.490
2017.90411	  43.450	  11.830
2017.90685	  41.660	  11.820
2017.90959	  41.000	  11.960
2017.91233	  45.980	  12.340
2017.91507	  38.290	  12.780
2017.91781	  36.460	  13.770
2017.92055	  32.280	  13.590
2017.92329	  40.900	  12.720
2017.92603	  40.080	  12.180
2017.92877	  39.670	  11.190
2017.93151	  39.110	  12.090
2017.93425	  42.540	  12.300
2017.93699	  36.550	  10.490
2017.93973	  31.640	  11.610
2017.94247	  43.330	  11.660
2017.94521	  44.770	  11.990
2017.94795	  35.800	  11.540
2017.95068	  41.550	  10.740
2017.95342	  36.970	  11.720
2017.95616	  43.500	  12.040
2017.95890	  26.300	  12.650
2017.96164	  24.240	  12.600
2017.96438	  37.730	  12.700
2017.96712	  32.740	  14.540
2017.96986	  35.980	  15.740
2017.97260	  40.670	  11.230
2017.97534	  41.530	  10.620
2017.97808	  45.850	  11.480
2017.98082	  42.710	  12.380
2017.98356	  38.740	  10.590
2017.98630	  40.150	  11.170
2017.98904	  45.070	  11.580
2017.99178	  42.190	  12.710
2017.99452	  59.410	  16.050
2018.00548	  38.300	  12.340
2018.00822	  44.390	  11.860
2018.01096	  38.160	  12.850
2018.01370	  44.650	  12.100
2018.01644	  46.890	  11.580
2018.01918	  40.960	  11.520
2018.02192	  43.440	  13.250
2018.02466	  48.370	  12.620
2018.02740	  41.950	  11.690
2018.03014	  32.800	  11.500
2018.03288	  33.800	  11.230
2018.03562	  37.170	  10.830
2018.03836	  46.340	  12.130
2018.04110	  52.610	  11.830
2018.04384	  47.860	  12.340
2018.04658	  48.060	  13.160
2018.04932	  52.110	  12.450
2018.05205	  49.510	  12.810
2018.05479	  43.490	  11.900
2018.05753	  46.040	  13.770
2018.06027	  47.910	  13.530
2018.06301	  48.990	  12.340
2018.06575	  46.970	  12.350
2018.06849	  37.970	  12.770
2018.07123	  44.600	  12.710
2018.07397	  41.070	  12.920
2018.07671	  40.000	  14.710
2018.07945	  39.440	  11.570
2018.08219	  35.700	  11.030
2018.08493	  33.130	  12.010
2018.08767	  38.100	  11.140
2018.09041	  40.340	  11.530
2018.09315	  39.410	  10.500
2018.09589	  39.260	  10.480
2018.09863	  43.620	  11.180
2018.10137	  41.220	  11.890
2018.10411	  47.290	  11.820
2018.10685	  46.820	  11.400
2018.10959	  46.690	  11.770
2018.11233	  50.490	  12.590
2018.11507	  40.830	  11.200
2018.11781	  38.100	  10.980
2018.12055	  46.200	  11.620
2018.12329	  39.340	  12.100
2018.12603	  39.720	  13.670
2018.12877	  44.770	  15.340
2018.13151	  39.160	  12.130
2018.13425	  44.250	  12.750
2018.13699	  45.000	  12.620
2018.13973	  41.500	  13.840
2018.14247	  45.630	  12.900
2018.14521	  40.650	  12.990
2018.14795	  40.600	  12.410
2018.15068	  40.330	  12.650
2018.15342	  47.290	  12.650
2018.15616	  38.510	  11.630
2018.15890	  46.060	  13.710
2018.16164	  34.400	  15.390
