2012.00000    -33.42      2.67
2012.00273    -31.36      2.69
2012.00546    -32.25      2.57
2012.00820    -31.58      2.61
2012.01093    -33.21      2.66
2012.01366    -31.21      2.61
2012.01639    -31.42      2.65
2012.01913    -33.87      2.55
2012.02186    -34.21      2.77
2012.02459    -33.35      2.75
2012.02732    -33.25      2.81
2012.03005    -32.10      3.08
2012.03279    -32.09      2.62
2012.03552    -34.25      2.64
2012.03825    -33.56      2.59
2012.04098    -31.60      2.74
2012.04372    -32.26      3.11
2012.04645    -34.80      2.88
2012.04918    -34.26      2.77
2012.05191    -34.09      2.84
2012.05464    -35.69      3.62
2012.08197    -32.21      2.98
2012.08470    -33.97      2.66
2012.08743    -33.93      2.80
2012.09016    -34.79      2.79
2012.09290    -34.68      2.76
2012.09563    -32.17      2.91
2012.09836    -32.95      3.07
2012.10109    -31.61      3.54
2012.10383    -33.32      3.26
2012.10656    -32.64      2.69
2012.10929    -31.67      2.57
2012.11202    -32.35      2.65
2012.11475    -30.48      2.71
2012.11749    -33.21      2.83
2012.12022    -31.67      3.11
2012.12295    -29.20      2.98
2012.12568    -34.32      3.79
2012.12842    -32.68      2.85
2012.13115    -35.59      2.73
2012.13388    -34.71      3.06
2012.13661    -33.45      3.04
2012.13934    -33.01      3.01
2012.14208    -31.58      3.38
2012.14481    -34.19      3.41
2012.14754    -34.38      5.01
2012.16393    -36.53      3.03
2012.16667    -38.90      3.63
2012.16940    -38.27      3.23
2012.17213    -37.66      2.95
2012.17486    -37.74      3.26
2012.17760    -35.73      3.44
2012.18033    -37.92      3.45
2012.18306    -37.16      3.28
2012.18579    -37.09      3.41
2012.18852    -34.99      3.39
2012.19126    -34.76      3.25
2012.19399    -35.31      3.39
2012.19672    -37.49      3.73
2012.19945    -36.51      3.36
2012.20219    -36.15      3.35
2012.20492    -40.12      3.27
2012.20765    -37.96      3.70
2012.21038    -34.74      3.57
2012.21311    -39.58      3.30
2012.21585    -41.49      3.27
2012.21858    -38.99      3.30
2012.22131    -39.73      3.16
2012.22404    -37.78      3.32
2012.22678    -36.33      3.79
2012.22951    -36.74      3.14
2012.23224    -42.33      3.13
2012.23497    -41.62      3.58
2012.23770    -38.36      3.26
2012.24044    -38.19      3.58
2012.24317    -38.32      3.29
2012.24590    -38.89      3.12
2012.24863    -39.08      3.15
2012.25137    -41.38      3.17
2012.25410    -38.27      3.22
2012.25683    -39.96      3.21
2012.25956    -36.58      3.18
2012.26230    -38.63      2.98
2012.26503    -37.65      3.66
2012.26776    -38.46      3.21
2012.27049    -39.68      3.13
2012.27322    -40.32      3.39
2012.27596    -36.40      3.10
2012.27869    -39.85      3.19
2012.28142    -38.58      3.48
2012.28415    -39.35      3.54
2012.28689    -40.64      2.94
2012.28962    -39.84      2.95
2012.29235    -38.51      3.58
2012.29508    -37.48      3.51
2012.29781    -38.35      3.14
2012.30055    -37.08      3.24
2012.30328    -37.93      3.92
2012.30601    -35.63      3.41
2012.30874    -35.31      3.29
2012.31148    -36.06      3.92
2012.31421    -37.32      3.33
2012.31694    -39.37      6.32
2012.31967    -37.73      3.84
2012.32240    -35.96      3.93
2012.32514    -37.70      3.54
2012.32787    -35.72      4.47
2012.33060    -34.53      3.91
2012.33333    -40.20      4.21
2012.33607    -39.18      4.95
2012.33880    -35.80      3.91
2012.34153    -36.32      3.54
2012.34426    -37.70      3.13
2012.34699    -38.11      2.77
2012.34973    -41.34      3.32
2012.35246    -39.76      3.12
2012.35519    -39.99      3.27
2012.35792    -46.02      4.60
2012.36066    -41.13      3.13
2012.36339    -38.29      3.09
2012.36612    -38.04      3.19
2012.36885    -40.42      3.20
2012.37158    -41.44      3.38
2012.37432    -38.73      3.19
2012.37705    -41.97      3.59
2012.37978    -39.40      2.98
2012.38251    -37.96      4.20
2012.38525    -38.29      3.53
2012.38798    -40.51      3.21
2012.39071    -41.44      3.07
2012.39344    -38.00      3.36
2012.39617    -40.21      3.13
2012.39891    -40.26      3.07
2012.40164    -39.09      3.59
2012.40437    -43.15      4.10
2012.40710    -42.33      3.74
2012.40984    -42.18      3.69
2012.41257    -38.88      3.66
2012.41530    -43.41      3.25
2012.41803    -40.25      3.01
2012.42077    -38.17      3.03
2012.42350    -36.73      3.51
2012.42623    -43.88      3.32
2012.42896    -41.35      3.22
2012.43169    -39.28      3.31
2012.43443    -41.99      3.30
2012.43716    -38.15      4.18
2012.43989    -38.17      4.75
2012.44262    -44.16      5.19
2012.44536    -42.43      6.30
2012.44809    -40.82      4.44
2012.45082    -39.79      4.52
2012.45355    -40.31      3.90
2012.45628    -41.49      3.74
2012.45902    -39.93      3.86
2012.46175    -40.40      4.46
2012.46448    -40.90      3.97
2012.46721    -47.25      5.90
2012.46995    -43.83      4.87
2012.47268    -44.49      3.66
2012.47541    -44.52      4.29
2012.47814    -43.89      5.54
2012.48087    -46.51      3.22
2012.48361    -43.25      3.64
2012.48634    -44.34      3.09
2012.48907    -41.75      4.09
2012.49180    -44.12      3.95
2012.49454    -43.99      3.51
2012.49727    -42.71      3.81
2012.50000    -48.17      4.05
2012.50273    -47.31      3.53
2012.50546    -43.44      3.39
2012.50820    -45.23      3.82
2012.51093    -44.78      3.85
2012.51366    -47.99      3.69
2012.51639    -42.86      3.30
2012.51913    -44.99      3.97
2012.52186    -45.71      3.87
2012.52459    -46.89      3.16
2012.52732    -47.52      3.32
2012.53005    -42.72      3.76
2012.53279    -45.16      3.69
2012.53552    -46.18      4.42
2012.53825    -45.85      3.93
2012.54098    -44.11      3.51
2012.54372    -43.48      4.12
2012.54645    -46.73      3.18
2012.54918    -45.52      4.44
2012.55191    -48.08      3.50
2012.55464    -47.32      3.80
2012.55738    -46.06      3.60
2012.56011    -45.00      3.21
2012.56284    -45.47      3.48
2012.56557    -45.35      3.73
2012.56831    -42.83      3.81
2012.57104    -43.82      3.73
2012.57377    -45.90      3.23
2012.57650    -41.44      4.23
2012.57923    -45.85      3.28
2012.58197    -46.79      3.62
2012.58470    -46.74      3.81
2012.58743    -43.96      3.80
2012.59016    -42.69      6.08
2012.59290    -48.51      5.71
2012.59563    -48.58      4.97
2012.59836    -51.77      3.82
2012.60109    -52.97      4.95
2012.60383    -46.04      4.61
2012.60656    -44.34      4.06
2012.60929    -47.52      4.60
2012.61202    -48.45      3.63
2012.61475    -47.22      3.24
2012.61749    -45.85      3.27
2012.62022    -49.09      3.62
2012.62295    -48.10      3.70
2012.62568    -51.43      3.53
2012.62842    -47.49      3.57
2012.63115    -47.34      3.68
2012.63388    -41.94      4.93
2012.63661    -43.12      4.08
2012.63934    -48.09      4.36
2012.64208    -45.83      3.58
2012.64481    -45.65      4.05
2012.64754    -50.77      4.42
2012.65027    -47.96      3.87
2012.65301    -44.00      3.67
2012.65574    -51.53      4.03
2012.65847    -48.78      4.42
2012.66120    -49.60      4.25
2012.66393    -48.58      4.40
2012.66667    -46.10      4.35
2012.66940    -51.02      4.19
2012.67213    -47.64      4.12
2012.67486    -49.57      3.98
2012.67760    -46.59      3.59
2012.68033    -46.57      3.48
2012.68306    -51.10      3.47
2012.68579    -50.72      3.86
2012.68852    -49.28      6.53
2012.69399    -45.34      4.10
2012.69672    -46.80      3.77
2012.69945    -49.51      3.78
2012.70219    -50.10      5.37
2012.70492    -52.87      4.43
2012.70765    -51.39      3.34
2012.71038    -49.58      3.52
2012.71311    -51.15      3.44
2012.71585    -51.16      3.49
2012.71858    -49.90      3.34
2012.72131    -53.58      3.29
2012.72404    -49.79      3.61
2012.72678    -49.53      3.25
2012.73224    -51.87      3.85
2012.73497    -50.77      4.03
2012.73770    -52.25      4.49
2012.74044    -50.29      3.93
2012.74317    -49.70      3.90
2012.74590    -49.60      3.47
2012.74863    -50.80      3.29
2012.75137    -49.86      3.41
2012.75410    -49.05      3.61
2012.75683    -44.67      5.23
2012.75956    -48.35      3.28
2012.76230    -48.16      3.10
2012.76503    -56.54      3.34
2012.76776    -50.10      3.18
2012.77049    -49.72      2.91
2012.77322    -51.95      2.89
2012.77596    -54.06      3.10
2012.77869    -53.38      3.24
2012.78142    -50.96      3.25
2012.78415    -52.33      2.90
2012.78689    -52.38      2.83
2012.78962    -53.25      2.95
2012.79235    -51.33      3.11
2012.79508    -49.65      3.30
2012.79781    -49.81      3.29
2012.80055    -48.29      3.25
2012.80328    -51.60      3.01
2012.80601    -49.99      3.16
2012.80874    -49.84      2.96
2012.81148    -50.69      3.10
2012.81421    -51.45      2.94
2012.81694    -50.51      3.33
2012.81967    -47.66      3.64
2012.82240    -47.33      3.97
2012.82514    -50.90      3.09
2012.82787    -52.03      3.54
2012.83060    -52.55      3.33
2012.83333    -50.51      3.18
2012.83607    -49.31      4.79
2012.83880    -52.82      4.84
2012.84153    -50.11      5.09
2012.84426    -50.08      4.66
2012.84699    -48.79      4.57
2012.84973    -53.86      4.33
2012.85246    -51.05      4.54
2012.85519    -52.86      4.42
2012.85792    -52.70      4.16
2012.86066    -50.99      5.03
2012.86339    -51.47      4.63
2012.86612    -49.10      4.14
2012.86885    -48.68      4.70
2012.87158    -52.69      3.22
2012.87432    -52.71      5.05
2012.87705    -51.06      5.01
2012.87978    -52.61      4.59
2012.88251    -49.17      4.62
2012.88525    -51.31      4.63
2012.88798    -47.57      4.36
2012.89071    -46.86      5.25
2012.89344    -53.43      5.23
2012.89617    -53.87      4.49
2012.89891    -52.13      2.68
2012.90164    -52.48      2.91
2012.90437    -50.07      3.13
2012.90710    -52.74      2.87
2012.90984    -52.58      3.05
2012.91257    -50.63      2.80
2012.91530    -50.88      2.94
2012.91803    -52.66      4.87
2012.92077    -51.11      4.52
2012.92350    -49.40      4.49
2012.92623    -52.02      4.12
2012.92896    -51.64      5.18
2012.93169    -52.16      4.49
2012.93443    -49.62      4.24
2012.93716    -49.10      4.49
2012.93989    -46.92      4.36
2012.94262    -49.36      4.34
2012.94536    -48.72      3.76
2012.94809    -51.42      3.86
2012.95082    -48.43      4.16
2012.95355    -50.26      2.65
2012.95628    -48.90      2.95
2012.95902    -52.23      2.85
2012.96175    -49.46      2.78
2012.96448    -52.45      2.75
2012.96721    -50.92      2.59
2012.96995    -51.74      2.54
2012.97268    -48.98      2.61
2012.97541    -51.16      2.71
2012.97814    -53.43      2.70
2012.98087    -53.02      2.58
2012.98361    -52.99      2.63
2012.98634    -50.65      2.63
2012.98907    -53.14      2.84
2012.99180    -50.55      2.74
2012.99454    -51.41      3.52
2012.99727    -50.27      2.87
2013.00000    -51.89      2.68
2013.00274    -54.38      2.93
2013.00548    -51.81      2.98
2013.00822    -51.56      2.76
2013.01096    -50.21      2.67
2013.01370    -53.03      2.91
2013.01644    -51.90      3.06
2013.01918    -53.39      3.09
2013.02192    -50.76      2.96
2013.02466    -51.22      2.78
2013.02740    -51.21      2.84
2013.03014    -51.71      2.83
2013.03288    -52.99      3.50
2013.03562    -49.27      3.38
2013.03836    -51.28      2.50
2013.04110    -52.15      2.53
2013.04384    -52.76      2.75
2013.04658    -53.10      2.74
2013.04932    -52.82      2.58
2013.05205    -52.23      2.59
2013.05479    -53.23      2.79
2013.05753    -51.72      2.46
2013.06027    -53.42      2.60
2013.06301    -51.96      2.68
2013.06575    -52.17      2.65
2013.06849    -51.18      2.61
2013.07123    -52.02      2.55
2013.07397    -51.70      2.68
2013.07671    -53.74      2.46
2013.07945    -53.68      2.58
2013.08219    -53.54      3.02
2013.08493    -53.88      2.94
2013.08767    -52.35      3.09
2013.09041    -52.93      2.80
2013.09315    -53.03      2.84
2013.09589    -53.65      2.84
2013.09863    -56.18      3.06
2013.10137    -53.90      3.00
2013.10411    -53.07      2.68
2013.10685    -53.33      2.58
2013.10959    -54.42      2.95
2013.11233    -51.34      3.41
2013.11507    -52.55      2.72
2013.11781    -52.85      2.66
2013.12055    -53.37      3.00
2013.12329    -53.94      2.80
2013.12603    -52.20      3.08
2013.12877    -53.82      2.69
2013.13151    -53.18      2.77
2013.13425    -52.84      2.89
2013.13699    -55.69      2.97
2013.13973    -53.80      3.20
2013.14247    -51.22      2.90
2013.14521    -51.86      3.81
2013.14795    -53.76      3.33
2013.15342    -53.86      2.86
2013.15616    -55.36      2.91
2013.15890    -52.98      2.77
2013.16164    -55.38      2.77
2013.16438    -53.52      3.33
2013.16712    -55.94      2.85
2013.16986    -54.54      2.82
2013.17260    -54.07      2.91
2013.17534    -56.05      3.57
2013.17808    -54.48      3.14
2013.18082    -53.57      3.56
2013.18356    -56.59      2.90
2013.18630    -51.99      3.16
2013.18904    -55.44      3.48
2013.19178    -58.64      3.39
2013.19452    -54.83      3.37
2013.19726    -56.52      3.63
2013.20000    -54.41      3.04
2013.20274    -55.29      2.99
2013.20548    -55.53      3.17
2013.20822    -52.60      3.38
2013.21096    -55.55      3.05
2013.21370    -54.87      3.33
2013.21644    -59.22      3.57
2013.21918    -55.81      3.51
2013.22192    -57.49      3.45
2013.22466    -59.56      4.13
2013.22740    -55.68      4.24
2013.23014    -57.78      3.08
2013.23288    -58.28      3.78
2013.23562    -57.65      3.10
2013.23836    -57.34      3.64
2013.24110    -57.90      3.44
2013.24384    -55.77      3.07
2013.24658    -53.41      3.14
2013.24932    -55.21      3.26
2013.25205    -56.33      3.46
2013.25479    -56.78      4.06
2013.25753    -52.34      3.87
2013.26027    -56.63      5.15
2013.26301    -53.69      3.46
2013.26575    -55.30      3.12
2013.26849    -57.11      3.26
2013.27123    -55.14      3.90
2013.27397    -55.38      3.31
2013.27671    -54.87      3.30
2013.27945    -58.03      3.50
2013.28219    -56.67      3.30
2013.28493    -55.87      3.45
2013.28767    -56.33      3.47
2013.29041    -53.11      3.63
2013.29315    -56.05      3.70
2013.29589    -55.07      3.91
2013.29863    -55.65      3.59
2013.30137    -57.86      3.67
2013.30411    -56.94      3.19
2013.30685    -55.16      3.10
2013.31233    -53.85      3.25
2013.31507    -55.24      3.64
2013.31781    -56.04      3.45
2013.32055    -56.46      3.81
2013.32329    -57.42      3.56
2013.32603    -54.58      3.15
2013.32877    -56.78      3.92
2013.33151    -53.83      3.35
2013.33425    -54.10      3.56
2013.33699    -54.75      3.38
2013.33973    -56.43      3.11
2013.34247    -55.07      3.38
2013.34521    -58.06      3.22
2013.34795    -58.33      3.20
2013.35068    -59.67      3.16
2013.35342    -55.49      3.42
2013.35616    -57.95      4.17
2013.35890    -59.44      3.68
2013.36164    -56.98      3.61
2013.36438    -53.87      3.78
2013.36712    -53.77      4.29
2013.36986    -55.38      3.47
2013.37260    -57.19      5.20
2013.37534    -53.61      4.31
2013.37808    -54.89      5.15
2013.38082    -58.62      4.92
2013.38630    -57.23      3.40
2013.38904    -58.48      3.73
2013.39178    -50.33      3.95
2013.39452    -54.44      4.04
2013.39726    -55.53      4.84
2013.40000    -56.11      3.56
2013.40274    -56.03      3.63
2013.40548    -60.09      3.43
2013.40822    -56.84      3.45
2013.41096    -58.51      4.20
2013.41370    -62.85      6.37
2013.41644    -58.68      3.84
2013.41918    -59.67      3.39
2013.42192    -57.13      3.88
2013.42466    -57.70      3.72
2013.42740    -55.37      3.64
2013.43014    -60.20      3.74
2013.43288    -59.37      6.62
2013.43562    -59.95      4.13
2013.43836    -59.91      4.34
2013.44110    -62.69      3.97
2013.44384    -60.04      4.66
2013.44658    -59.78      5.36
2013.44932    -57.79      4.35
2013.45205    -63.03      3.72
2013.45479    -63.68      3.74
2013.45753    -63.28      4.38
2013.46301    -60.44      3.97
2013.46575    -58.60      3.96
2013.47397    -62.31      3.79
2013.47671    -60.10      4.18
2013.47945    -60.07      4.34
2013.48219    -60.06      4.07
2013.48493    -63.96      3.65
2013.48767    -62.66      3.31
2013.49041    -61.00      3.41
2013.49315    -64.32      5.15
2013.49589    -60.11      3.85
2013.49863    -60.33      4.70
2013.50137    -64.97      4.13
2013.50411    -64.32      4.67
2013.50685    -63.24      5.29
2013.50959    -63.29      5.14
2013.51233    -64.21      4.82
2013.51507    -61.63      4.31
2013.51781    -63.67      4.25
2013.52055    -64.83      3.78
2013.52329    -59.62      4.22
2013.52603    -59.62      3.72
2013.52877    -64.30      5.48
2013.53151    -59.23      6.62
2013.53425    -59.86      4.01
2013.53699    -55.61      4.18
2013.53973    -64.79      4.20
2013.54247    -57.59      4.11
2013.54521    -62.24      3.72
2013.54795    -66.89      3.97
2013.55342    -62.70      9.01
2013.55616    -62.58      4.57
2013.55890    -66.23      4.59
2013.56164    -56.23      5.55
2013.56438    -59.68      6.70
2013.56712    -69.37      4.87
2013.56986    -66.78      4.62
2013.57260    -62.31      4.85
2013.57534    -63.56      4.37
2013.57808    -60.22      3.90
2013.58082    -65.57      4.79
2013.58356    -60.35      3.64
2013.58630    -61.78      6.64
2013.58904    -64.79      4.48
2013.59178    -67.04      4.40
2013.59452    -65.23      3.84
2013.59726    -64.66      3.78
2013.60274    -66.70      3.45
2013.60548    -65.54      4.48
2013.60822    -65.83      5.57
2013.61096    -66.59      4.25
2013.61370    -65.73      3.90
2013.61644    -64.06      5.08
2013.61918    -63.59      3.65
2013.62192    -64.10      3.83
2013.62466    -65.43      5.46
2013.62740    -64.18      4.57
2013.63014    -68.00      4.41
2013.63562    -61.69      4.28
2013.63836    -62.71      5.10
2013.64110    -65.21      7.32
2013.64384    -63.58      4.48
2013.64658    -62.26      5.62
2013.65753    -51.69      5.06
2013.66027    -62.00      6.84
2013.66301    -64.70      6.46
2013.66575    -65.60      5.23
2013.66849    -60.42      5.76
2013.67123    -63.55      3.84
2013.67671    -67.08      4.40
2013.68219    -68.26      3.38
2013.68493    -64.64      3.63
2013.68767    -63.78      3.84
2013.69041    -63.61      4.92
2013.69315    -70.85      4.26
2013.69589    -65.24      3.96
2013.69863    -61.27      4.02
2013.70137    -60.47      4.33
2013.70959    -64.77      5.61
2013.71233    -60.88      4.13
2013.71507    -66.02      4.33
2013.71781    -71.24      4.62
2013.72055    -69.71      4.13
2013.72329    -64.23      5.15
2013.72603    -67.42      4.11
2013.72877    -55.40      4.69
2013.73151    -67.26      3.92
2013.73425    -60.24      4.66
2013.73699    -58.98      4.06
2013.74247    -59.57      3.81
2013.74521    -64.88      4.02
2013.74795    -71.67      4.54
2013.75342    -62.92      3.96
2013.75616    -65.43      3.69
2013.75890    -70.90      3.88
2013.76164    -68.08      3.65
2013.76438    -59.74      4.68
2013.76712    -70.01      3.76
2013.76986    -71.12      3.51
2013.77260    -62.87      4.28
2013.77534    -61.45      5.29
2013.77808    -64.40      4.32
2013.78356    -61.70      4.20
2013.78630    -59.44      4.10
2013.78904    -67.11      3.91
2013.79178    -63.27      3.31
2013.79452    -64.74      3.39
2013.79726    -70.47      3.74
2013.80000    -64.13      3.60
2013.80274    -67.18      3.53
2013.80548    -61.21      3.28
2013.80822    -65.82      3.49
2013.81096    -65.59      3.23
2013.81370    -66.97      3.08
2013.81644    -68.51      3.45
2013.81918    -67.13      3.37
2013.82192    -67.14      3.50
2013.82466    -66.28      3.26
2013.82740    -67.27      3.18
2013.83014    -65.21      3.51
2013.83288    -68.09      3.99
2013.83562    -67.11      3.90
2013.83836    -66.48      3.54
2013.84110    -66.53      3.68
2013.84384    -65.16      3.62
2013.84658    -67.39      3.33
2013.84932    -68.38      2.95
2013.85205    -68.99      3.15
2013.85479    -64.90      3.31
2013.85753    -65.98      3.53
2013.86027    -69.48      3.41
2013.86301    -68.48      3.42
2013.86575    -67.34      3.33
2013.86849    -63.36      3.23
2013.87123    -63.57      3.39
2013.87397    -66.80      3.09
2013.87671    -64.68      3.31
2013.87945    -64.37      3.15
2013.88219    -64.99      2.96
2013.88493    -65.71      3.14
2013.88767    -63.39      3.22
2013.89041    -65.36      3.01
2013.89315    -65.00      3.05
2013.89589    -66.48      3.13
2013.89863    -65.71      3.95
2013.90137    -68.69      3.05
2013.90411    -66.66      3.19
2013.90685    -65.08      3.20
2013.90959    -66.35      3.02
2013.91233    -66.35      2.92
2013.91507    -67.42      2.99
2013.91781    -67.92      2.94
2013.92055    -66.92      2.75
2013.92329    -64.16      2.68
2013.92603    -66.24      2.78
2013.92877    -65.30      2.78
2013.93151    -66.11      2.84
2013.93425    -65.48      2.79
2013.93699    -64.02      3.22
2013.93973    -67.97      3.13
2013.94247    -69.06      2.93
2013.94521    -66.66      3.19
2013.94795    -70.64      2.93
2013.95068    -63.71      3.18
2013.95342    -69.45      3.14
2013.95616    -66.95      3.29
2013.95890    -64.99      3.62
2013.96164    -66.33      3.44
2013.96438    -69.27      3.14
2013.96712    -67.88      3.17
2013.96986    -69.03      2.88
2013.97260    -69.06      2.83
2013.97534    -68.16      3.02
2013.97808    -69.28      2.89
2013.98082    -65.54      3.19
2013.98356    -69.54      2.98
2013.98630    -68.57      2.79
2013.98904    -67.37      2.76
2013.99178    -68.52      2.98
2013.99452    -69.42      2.90
2013.99726    -68.26      2.88
2014.00000    -64.89      2.94
2014.00274    -66.68      3.50
2014.00548    -66.60      3.03
2014.00822    -64.34      3.08
2014.01096    -63.98      3.05
2014.01370    -66.07      2.95
2014.01644    -67.01      2.72
2014.01918    -63.86      2.96
2014.02192    -67.34      3.06
2014.02466    -64.98      3.01
2014.02740    -71.15      3.03
2014.03014    -65.92      2.82
2014.03288    -65.95      2.91
2014.03562    -64.67      2.99
2014.03836    -68.97      2.99
2014.04110    -67.33      2.80
2014.04384    -71.39      2.92
2014.04658    -67.99      2.79
2014.04932    -68.57      2.69
2014.05205    -65.05      2.76
2014.05479    -64.12      3.26
2014.05753    -67.38      3.03
2014.06027    -65.58      3.38
2014.06301    -70.54      3.10
2014.06575    -67.20      2.98
2014.06849    -66.57      3.36
2014.07123    -68.95      3.15
2014.07671    -65.64      3.85
2014.07945    -69.09      4.44
2014.08219    -65.94      3.25
2014.08493    -66.71      3.18
2014.08767    -68.59      3.48
2014.09041    -65.07      4.01
2014.09315    -69.14      3.58
2014.09589    -73.42      3.47
2014.09863    -66.04      3.49
2014.10137    -69.73      3.86
2014.10411    -70.53      3.22
2014.10685    -70.23      3.21
2014.10959    -68.93      3.37
2014.11233    -63.41      3.52
2014.11507    -67.73      3.08
2014.11781    -67.55      3.08
2014.12055    -65.13      3.40
2014.12329    -68.94      3.13
2014.12603    -69.26      3.18
2014.12877    -65.94      3.07
2014.13151    -67.95      3.24
2014.13425    -69.77      3.66
2014.13699    -65.90      3.19
2014.13973    -66.82      3.12
2014.14247    -69.79      3.22
2014.14521    -68.34      3.12
2014.14795    -63.69      3.35
2014.15068    -66.84      3.18
2014.15342    -67.34      3.18
2014.15616    -69.52      3.32
2014.15890    -70.08      3.66
2014.16164    -66.39      4.06
2014.16438    -67.34      3.94
2014.16712    -71.88      3.02
2014.17260    -69.76      3.28
2014.17534    -63.13      6.73
2014.17808    -70.81      3.51
2014.18082    -73.49      3.71
2014.18356    -68.00      3.66
2014.18630    -73.50      3.41
2014.18904    -71.02      3.29
2014.19178    -68.39      3.43
2014.19452    -72.26      3.95
2014.19726    -74.93      3.59
2014.20000    -72.14      3.44
2014.20274    -69.72      3.55
2014.20548    -70.66      3.27
2014.20822    -73.67      3.30
2014.21096    -71.96      3.09
2014.21370    -69.45      3.40
2014.21644    -76.99      3.40
2014.21918    -71.61      3.13
2014.22192    -73.48      3.17
2014.22466    -72.74      2.77
2014.22740    -69.68      3.37
2014.23014    -73.18      3.42
2014.23288    -66.95      3.70
2014.23562    -71.39      3.34
2014.23836    -69.38      3.59
2014.24110    -65.18      4.84
2014.24384    -71.60      3.70
2014.24658    -64.72      6.59
2014.24932    -64.39      4.18
2014.25205    -71.60      3.71
2014.25479    -66.63      4.66
2014.26027    -75.58      3.40
2014.26301    -74.61      3.50
2014.26575    -74.83      3.18
2014.26849    -73.89      3.90
2014.27123    -72.12      3.67
2014.27397    -69.01      4.80
2014.27671    -71.00      3.75
2014.27945    -72.96      3.52
2014.28219    -71.17      3.71
2014.28493    -75.34      3.51
2014.28767    -75.53      3.85
2014.29041    -73.79      3.36
2014.29315    -74.03      3.65
2014.29589    -75.83      3.41
2014.30411    -75.63      3.18
2014.30685    -74.24      3.45
2014.30959    -77.23      3.53
2014.31233    -72.91      3.68
2014.31507    -71.82      3.35
2014.31781    -73.77      3.94
2014.32055    -70.86      3.76
2014.32329    -75.79      3.53
2014.32603    -73.41      3.38
2014.32877    -72.23      4.21
2014.33151    -72.96      4.47
2014.33425    -72.08      3.37
2014.33699    -72.61      3.59
2014.33973    -72.24      3.38
2014.34247    -75.09      3.39
2014.34521    -72.99      3.40
2014.34795    -72.38      3.39
2014.35068    -71.04      3.38
2014.35342    -73.99      3.54
2014.35616    -73.16      3.43
2014.35890    -72.92      3.68
2014.36164    -76.15      4.09
2014.36438    -77.11      4.69
2014.36712    -71.79      4.31
2014.36986    -78.05      4.99
2014.37260    -73.18      4.64
2014.37534    -70.32      4.34
2014.37808    -71.85      5.63
2014.38082    -73.06      5.21
2014.38356    -64.48      6.12
2014.38630    -76.76      4.34
2014.40000    -72.96      4.66
2014.40274    -71.61      4.85
2014.40548    -69.51      4.49
2014.40822    -71.04      4.60
2014.41096    -70.71      4.19
2014.41370    -74.50      3.86
2014.41644    -75.30      4.31
2014.41918    -71.24      4.43
2014.42192    -75.08      4.54
2014.42466    -66.84      4.86
2014.42740    -70.79      4.50
2014.43014    -73.41      3.82
2014.43288    -72.47      4.78
2014.43562    -69.80      4.89
2014.43836    -72.04      4.38
2014.44110    -73.78      4.14
2014.44384    -73.73      4.07
2014.44658    -74.27      4.46
2014.44932    -75.45      3.78
2014.45205    -75.25      3.76
2014.45479    -76.12      3.82
2014.45753    -74.81      4.12
2014.46027    -75.04      4.01
2014.46301    -78.00      5.20
2014.46575    -74.03      4.03
2014.46849    -73.13      4.25
2014.47123    -74.26      4.03
2014.47397    -72.61      4.35
2014.47671    -75.84      4.74
2014.47945    -74.19      4.24
2014.48493    -80.56      4.31
2014.48767    -78.13      3.70
2014.49041    -70.89      5.06
2014.49589    -79.82      4.13
2014.49863    -78.78      4.89
2014.50137    -73.57      4.00
2014.50411    -76.46      4.57
2014.50685    -73.63      4.26
2014.50959    -73.35      4.61
2014.51233    -73.25      4.72
2014.51507    -74.10      4.55
2014.51781    -77.34      4.70
2014.52055    -82.02      5.42
2014.52329    -75.71      4.31
2014.52603    -79.27      4.34
2014.52877    -76.20      4.09
2014.53151    -80.16      3.80
2014.53425    -72.25      4.17
2014.53699    -72.32      4.84
2014.53973    -74.58      4.65
2014.54247    -79.89      5.39
2014.54521    -71.42      5.43
2014.54795    -80.39      7.20
2014.55068    -74.31      4.77
2014.55342    -76.47      4.65
2014.55890    -77.76      5.98
2014.56164    -71.77      5.71
2014.56438    -74.13      4.42
2014.56712    -71.83      5.04
2014.56986    -77.65      4.14
2014.57260    -84.00      6.72
2014.57534    -72.87      5.11
2014.57808    -80.12      4.54
2014.58082    -77.11      5.55
2014.58356    -76.01      5.31
2014.58904    -77.00      5.89
2014.59178    -76.27      4.89
2014.59726    -69.83      5.97
2014.60000    -67.95      7.17
2014.60274    -71.66      5.82
2014.60548    -73.54      4.80
2014.60822    -73.13      5.01
2014.61096    -75.07      4.27
2014.61370    -73.72      4.79
2014.61644    -70.06      4.86
2014.61918    -76.60      4.24
2014.62192    -74.64      4.35
2014.62466    -71.82      4.58
2014.62740    -71.59      4.49
2014.63014    -75.00      4.09
2014.63288    -73.23      4.91
2014.63562    -74.51      5.36
2014.63836    -74.00      4.77
2014.64110    -78.57      6.32
2014.64384    -73.72      4.64
2014.64658    -76.56      5.14
2014.64932    -76.62      5.13
2014.65205    -74.06      4.87
2014.65479    -75.23      5.13
2014.65753    -76.77      5.06
2014.66027    -75.71      4.04
2014.66301    -69.92      4.09
2014.66575    -75.86      4.17
2014.66849    -82.32      5.08
2014.67123    -75.95      4.54
2014.67397    -79.30      4.25
2014.67671    -74.31      4.91
2014.67945    -75.70      4.30
2014.68219    -77.71      4.63
2014.68493    -73.57      4.54
2014.68767    -70.16      4.75
2014.69041    -76.85      5.09
2014.69315    -75.27      4.95
2014.69589    -71.83      4.25
2014.70137    -74.99      4.47
2014.70411    -71.51      5.08
2014.70685    -71.29      5.05
2014.70959    -73.45      4.35
2014.71233    -75.44      3.69
2014.71507    -70.98      3.91
2014.71781    -71.50      4.11
2014.72055    -74.64      6.34
2014.72329    -76.45      4.26
2014.72603    -78.08      4.58
2014.72877    -76.51      4.20
2014.73151    -75.80      3.87
2014.73425    -80.23      5.24
2014.73699    -74.44      3.54
2014.73973    -71.40      3.54
2014.74247    -74.64      3.94
2014.74521    -72.54      3.96
2014.74795    -72.93      6.24
2014.75068    -73.71      4.72
2014.75342    -82.84      4.51
2014.75616    -75.14      4.60
2014.75890    -73.38      4.71
2014.76164    -78.20      3.75
2014.76438    -72.26      3.73
2014.76712    -73.78      3.84
2014.76986    -78.17      3.69
2014.77260    -75.14      3.89
2014.77534    -75.57      4.01
2014.77808    -73.47      3.95
2014.78082    -74.86      4.36
2014.78356    -74.31      4.86
2014.78630    -78.11      4.55
2014.78904    -77.09      4.43
2014.79178    -76.09      4.21
2014.79452    -79.57      3.95
2014.79726    -72.91      3.93
2014.80000    -76.66      4.35
2014.80274    -78.56      4.36
2014.80548    -74.82      3.83
2014.80822    -74.84      4.03
2014.81096    -76.47      4.13
2014.81370    -75.07      3.86
2014.81644    -80.05      5.27
2014.81918    -75.97      4.68
2014.82192    -75.89      4.50
2014.82466    -75.39      4.07
2014.82740    -76.81      4.33
2014.83014    -74.86      4.42
2014.83288    -75.67      4.22
2014.83562    -72.10      4.45
2014.83836    -79.12      5.03
2014.84110    -72.84      4.36
2014.84384    -78.60      4.14
2014.84658    -79.90      3.97
2014.84932    -74.09      4.15
2014.85479    -74.15      4.72
2014.85753    -74.03      3.75
2014.86027    -75.59      3.83
2014.86301    -77.25      3.85
2014.86575    -74.22      3.65
2014.86849    -76.13      3.23
2014.87123    -77.05      3.32
2014.87397    -79.76      3.19
2014.87671    -78.41      3.64
2014.87945    -76.13      3.60
2014.88219    -78.77      3.29
2014.88493    -74.27      3.41
2014.88767    -76.76      3.36
2014.89041    -77.37      3.73
2014.89315    -77.48      3.20
2014.89589    -78.25      3.37
2014.89863    -80.36      3.28
2014.90137    -77.20      3.51
2014.90411    -75.95      3.65
2014.90685    -76.76      3.77
2014.90959    -79.58      3.85
2014.91233    -79.74      3.98
2014.91507    -77.10      3.91
2014.91781    -78.17      3.47
2014.92055    -83.41      3.25
2014.92329    -77.17      3.30
2014.92603    -78.41      3.51
2014.92877    -84.19      3.32
2014.93151    -76.68      3.09
2014.93425    -78.60      3.41
2014.93699    -81.67      3.27
2014.93973    -81.68      3.21
2014.94247    -80.27      3.29
2014.94521    -80.79      3.10
2014.94795    -78.57      3.21
2014.95068    -78.94      3.07
2014.95342    -77.64      2.78
2014.95616    -78.28      3.04
2014.95890    -79.66      3.18
2014.96164    -77.66      3.24
2014.96438    -77.17      3.37
2014.96712    -78.67      3.75
2014.96986    -78.78      3.43
2014.97260    -80.79      3.01
2014.97534    -80.01      2.93
2014.97808    -78.37      3.14
2014.98082    -78.44      3.47
2014.98356    -78.53      3.67
2014.98630    -76.34      3.27
2014.98904    -80.19      3.43
2014.99178    -79.80      3.23
2014.99452    -78.59      3.14
2014.99726    -80.98      2.99
2015.00000    -81.13      2.99
2015.00274    -83.33      3.06
2015.00548    -82.98      3.15
2015.00822    -82.41      3.06
2015.01096    -78.13      2.94
2015.01370    -81.65      3.18
2015.01644    -82.83      3.31
2015.01918    -82.20      3.21
2015.02192    -80.38      3.67
2015.02466    -83.69      3.16
2015.02740    -83.33      3.26
2015.03288    -80.83      3.06
2015.03562    -82.80      3.61
2015.03836    -84.76      3.07
2015.04110    -84.35      3.19
2015.04384    -81.84      3.04
2015.04658    -82.96      3.18
2015.04932    -83.31      3.06
2015.05205    -82.97      3.68
2015.05479    -81.62      3.25
2015.05753    -83.20      3.48
2015.06027    -81.78      3.20
2015.06301    -79.00      3.79
2015.06575    -80.78      3.24
2015.06849    -83.58      3.09
2015.07123    -84.61      3.09
2015.07397    -86.17      3.01
2015.07671    -87.78      2.88
2015.07945    -83.28      3.38
2015.08219    -83.63      3.16
2015.08493    -78.39      3.22
2015.08767    -81.70      3.05
2015.09041    -82.12      3.05
2015.09315    -81.87      3.39
2015.09589    -83.01      3.22
2015.09863    -83.29      3.13
2015.10137    -84.51      2.93
2015.10411    -82.69      3.25
2015.10685    -86.12      2.94
2015.10959    -84.01      3.10
2015.11233    -83.92      3.15
2015.11507    -82.13      3.53
2015.11781    -81.47      3.22
2015.12055    -80.37      3.66
2015.12329    -78.18      3.35
2015.12603    -78.63      4.44
2015.12877    -74.66      3.93
2015.13151    -84.11      3.28
2015.13425    -83.81      3.21
2015.13699    -82.21      3.27
2015.13973    -79.24      3.28
2015.14247    -81.64      4.26
2015.14521    -79.12      3.65
2015.14795    -77.54      4.43
2015.15068    -78.49      3.59
2015.15342    -78.00      4.15
2015.15616    -78.19      3.86
2015.15890    -81.96      3.72
2015.16164    -79.45      3.90
2015.16438    -82.62      3.15
2015.16712    -81.10      3.44
2015.16986    -84.51      3.56
2015.17260    -77.79      4.33
2015.17534    -82.84      3.49
2015.17808    -82.34      3.86
2015.18082    -85.13      3.01
2015.18356    -80.59      3.95
2015.18630    -77.08      4.11
2015.18904    -82.55      3.73
2015.19178    -79.64      4.10
2015.19452    -85.14      3.51
2015.19726    -81.18      3.54
2015.20000    -78.08      4.09
2015.20274    -83.67      3.32
2015.20548    -79.38      3.75
2015.20822    -81.46      3.75
2015.21096    -80.44      3.75
2015.21370    -81.49      3.99
2015.21644    -80.79      3.31
2015.21918    -84.37      3.74
2015.22192    -80.37      3.70
2015.22466    -76.87      4.69
2015.22740    -79.46      4.27
2015.23014    -80.89      4.20
2015.23288    -79.41      4.21
2015.23562    -80.29      3.68
2015.23836    -77.33      3.99
2015.24110    -74.24      3.94
2015.24384    -81.82      3.69
2015.24658    -82.19      3.73
2015.24932    -80.91      4.22
2015.25205    -80.25      4.24
2015.25479    -78.70      4.13
2015.25753    -76.18      4.99
2015.26027    -75.46      4.92
2015.26301    -81.52      5.11
2015.26575    -81.23      4.19
2015.26849    -82.59      3.63
2015.27123    -82.69      3.59
2015.27397    -81.08      4.14
2015.27671    -79.74      4.43
2015.27945    -75.79      4.50
2015.28219    -84.64      4.03
2015.28493    -82.13      3.62
2015.28767    -79.19      4.82
2015.29041    -77.06      5.07
2015.29315    -75.68      5.05
2015.29589    -77.99      4.66
2015.29863    -79.20      4.87
2015.30137    -79.18      4.82
2015.30411    -84.89      7.60
2015.30685    -79.89      4.90
2015.30959    -77.80      4.84
2015.31233    -79.81      4.49
2015.31507    -86.08      3.75
2015.31781    -79.43      4.36
2015.32055    -79.50      4.37
2015.32329    -78.67      4.85
2015.32603    -78.41      4.84
2015.32877    -84.61      4.17
2015.33151    -86.64      4.35
2015.33425    -77.77      4.67
2015.33699    -77.46      4.98
2015.33973    -82.20      4.92
2015.34247    -76.76      4.93
2015.34521    -83.69      4.27
2015.34795    -82.64      4.38
2015.35068    -85.98      4.52
2015.35342    -79.38      4.87
2015.35616    -84.66      4.95
2015.35890    -79.25      4.91
2015.36164    -77.81      6.07
2015.36438    -87.00      3.98
2015.36712    -79.17      4.73
2015.36986    -78.95      5.22
2015.37260    -82.14      4.39
2015.37534    -77.84      5.52
2015.37808    -82.09      4.46
2015.38082    -82.15      4.36
2015.38356    -83.27      4.57
2015.38630    -77.03      4.23
2015.38904    -79.80      4.65
2015.39178    -79.91      4.55
2015.39452    -91.27      4.35
2015.39726    -80.67      4.33
2015.40000    -81.77      4.24
2015.40274    -84.49      3.75
2015.40548    -88.85      4.46
2015.40822    -83.22      3.77
2015.41096    -78.40      5.11
2015.41370    -86.66      4.97
2015.41644    -83.60      4.81
2015.41918    -84.00      5.23
2015.42192    -80.73      4.88
2015.42466    -83.36      4.76
2015.42740    -76.91      5.16
2015.43014    -80.16      4.90
2015.43288    -78.11      4.94
2015.43562    -80.86      4.87
2015.43836    -81.52      4.56
2015.44110    -84.49      5.03
2015.44384    -80.65      5.57
2015.44658    -81.81      4.98
2015.44932    -83.00      5.06
2015.45205    -78.31      5.77
2015.45479    -79.86      5.10
2015.45753    -82.83      5.00
2015.46027    -84.38      4.92
2015.46301    -82.61      4.87
2015.46575    -86.64      4.97
2015.46849    -83.71      6.41
2015.47123    -79.58      5.31
2015.47397    -82.20      5.02
2015.47671    -85.45      4.64
2015.47945    -85.15      5.71
2015.48219    -79.42      5.14
2015.48493    -83.90      4.90
2015.48767    -86.28      4.90
2015.49041    -79.84      4.86
2015.49315    -80.74      5.68
2015.49589    -79.40      4.55
2015.49863    -79.46      5.38
2015.50137    -79.46      5.17
2015.50411    -77.40      4.69
2015.50685    -82.56      5.31
2015.50959    -78.56      5.42
2015.51233    -81.24      4.80
2015.51507    -85.84      4.76
2015.51781    -82.89      4.82
2015.52055    -81.39      4.92
2015.52329    -81.12      5.21
2015.52603    -86.26      4.65
2015.52877    -86.58      8.46
2015.53151    -87.52      7.01
2015.53699    -79.97      5.68
2015.53973    -82.81      4.52
2015.54247    -88.14      5.10
2015.54521    -83.78      5.36
2015.54795    -85.90      4.83
2015.55068    -82.95      4.35
2015.55342    -82.71      4.88
2015.55616    -84.08      4.74
2015.55890    -86.36      4.23
2015.56164    -83.90      5.18
2015.56438    -79.60      5.10
2015.56712    -88.43      4.51
2015.56986    -83.68      5.08
2015.57260    -83.34      4.92
2015.57534    -88.43      4.61
2015.57808    -82.98      5.18
2015.58082    -86.18      5.87
2015.58356    -87.13      5.73
2015.58630    -86.85      6.02
2015.58904    -84.72      4.64
2015.59178    -85.27      4.77
2015.59452    -83.40      5.32
2015.59726    -82.09      5.21
2015.60000    -86.45      5.21
2015.60274    -93.27      5.08
2015.60548    -89.20      5.80
2015.60822    -81.83      4.99
2015.61096    -83.91      4.75
2015.61370    -83.20      5.17
2015.61644    -84.21      4.65
2015.61918    -86.24      4.43
2015.62192    -86.86      4.76
2015.62466    -88.64      4.52
2015.62740    -88.00      4.48
2015.63014    -87.64      4.49
2015.63288    -84.96      5.38
2015.63562    -88.80      4.61
2015.63836    -91.63      5.07
2015.64110    -90.26      4.63
2015.64384    -83.07      5.03
2015.64658    -89.12      5.72
2015.65205    -93.29      5.38
2015.65479    -88.62      4.16
2015.65753    -88.09      4.40
2015.66027    -88.67      4.17
2015.66301    -89.83      4.04
2015.66575    -90.28      4.24
2015.66849    -88.82      4.39
2015.67123    -84.61      4.38
2015.67397    -85.25      4.17
2015.67671    -85.97      4.46
2015.67945    -86.93      4.33
2015.68219    -84.06      4.72
2015.68493    -86.66      4.62
2015.68767    -89.84      4.29
2015.69041    -89.00      4.45
2015.69315    -87.12      4.24
2015.69589    -90.41      4.45
2015.69863    -89.20      4.40
2015.70137    -89.78      4.22
2015.70411    -87.71      4.80
2015.70685    -86.49      4.20
2015.70959    -84.75      4.81
2015.71233    -91.18      4.29
2015.71507    -84.88      4.77
2015.71781    -84.53      4.87
2015.72055    -90.82      3.90
2015.72329    -86.62      4.10
2015.72603    -89.56      4.32
2015.72877    -90.78      4.30
2015.73151    -95.76      4.55
2015.73425    -85.33      4.41
2015.73699    -88.85      4.08
2015.73973    -88.90      4.38
2015.74247    -93.16      5.61
2015.74521    -85.94      4.85
2015.74795    -90.26      4.78
2015.75068    -92.82      5.40
2015.75342    -84.59      4.20
2015.75616    -87.78      4.29
2015.75890    -86.65      4.32
2015.76164    -90.35      4.05
2015.76438    -82.45      4.14
2015.76712    -88.85      3.93
2015.76986    -90.02      4.46
2015.77260    -88.42      3.96
2015.77534    -85.31      4.12
2015.77808    -89.70      3.81
2015.78082    -89.15      3.76
2015.78356    -84.30      3.93
2015.78630    -89.29      3.87
2015.78904    -91.72      3.56
2015.79178    -88.56      3.86
2015.79452    -87.85      4.29
2015.79726    -87.35      4.12
2015.80000    -85.97      4.61
2015.80274    -92.12      3.82
2015.80548    -87.17      4.22
2015.80822    -84.54      4.07
2015.81096    -89.69      3.85
2015.81370    -84.49      4.62
2015.81644    -93.48      4.04
2015.81918    -85.86      3.76
2015.82192    -87.46      3.96
2015.82466    -89.44      3.78
2015.82740    -85.69      4.02
2015.83288    -90.45      5.14
2015.83562    -87.77      4.23
2015.83836    -90.19      4.31
2015.84110    -85.18      4.65
2015.84384    -90.65      4.19
2015.84658    -87.57      3.70
2015.84932    -87.41      4.20
2015.85205    -85.49      4.69
2015.85479    -88.13      3.94
2015.85753    -89.96      4.71
2015.86027    -89.39      3.96
2015.86301    -92.22      3.96
2015.86575    -90.68      3.34
2015.87123    -88.95      3.72
2015.87397    -86.08      3.60
2015.87671    -87.27      3.47
2015.87945    -88.45      3.44
2015.88219    -89.53      3.88
2015.88493    -94.20      4.72
2015.88767    -93.08      4.35
2015.89041    -88.63      3.82
2015.89315    -91.28      3.02
2015.89589    -91.43      3.57
2015.89863    -83.34      6.58
2015.90137    -91.11      4.00
2015.90411    -94.29      3.59
2015.90685    -93.95      3.55
2015.90959    -91.40      3.52
2015.91233    -93.06      3.36
2015.91507    -91.88      3.54
2015.91781    -92.87      3.87
2015.92055    -92.29      3.62
2015.92329    -94.77      3.51
2015.92603    -90.96      3.57
2015.92877    -93.36      4.14
2015.93151    -93.33      3.57
2015.93425    -94.61      3.60
2015.93699    -89.90      3.26
2015.93973    -91.35      4.06
2015.94247    -89.85      3.89
2015.94795    -87.93      4.01
2015.95068    -92.60      3.56
2015.95342    -87.44      3.63
2015.95616    -90.65      2.80
2015.95890    -92.22      2.80
2015.96164    -93.88      3.08
2015.96438    -93.13      2.77
2015.96712    -93.82      2.91
2015.96986    -90.59      3.52
2015.97260    -92.98      3.24
2015.97534    -92.32      3.03
2015.97808    -91.68      3.02
2015.98082    -89.84      3.30
2015.98356    -92.47      3.10
2015.98630    -95.06      2.83
2015.98904    -93.16      3.47
2015.99178    -92.89      2.93
2015.99452    -91.42      2.90
2015.99726    -93.29      2.91
2016.00000    -90.42      2.87
2016.00273    -89.11      2.79
2016.00546    -94.13      3.62
2016.00820    -93.41      3.71
2016.01093    -95.64      3.24
2016.01366    -89.67      3.48
2016.01639    -89.77      3.39
2016.01913    -92.16      3.13
2016.02186    -93.20      2.90
2016.02459    -93.15      2.98
2016.02732    -94.93      3.03
2016.03005    -94.86      3.21
2016.03279    -93.57      3.40
2016.03552    -95.11      3.41
2016.03825    -94.76      2.97
2016.04098    -90.31      3.36
2016.04372    -94.05      3.56
2016.04645    -92.37      3.87
2016.04918    -93.56      3.09
2016.05191    -92.98      3.39
2016.05464    -91.71      3.02
2016.05738    -92.11      2.74
2016.06011    -93.17      2.88
2016.06284    -91.96      3.13
2016.06557    -91.09      3.34
2016.06831    -95.09      2.97
2016.07104    -91.52      3.14
2016.07377    -92.52      2.96
2016.07650    -95.04      3.26
2016.07923    -93.93      4.36
2016.08197    -90.19      3.08
2016.08470    -94.30      2.89
2016.08743    -91.36      3.28
2016.09016    -93.66      2.92
2016.09290    -93.62      2.77
2016.09563    -91.33      3.35
2016.10383   -102.29      3.06
2016.10656   -101.67      2.95
2016.10929   -107.14      3.00
2016.11202   -103.80      2.99
2016.11475   -106.01      3.94
2016.12022   -107.07      3.57
2016.12295   -103.15      3.68
2016.12568   -105.64      2.97
2016.12842   -106.56      2.98
2016.13115   -108.12      2.94
2016.13388   -109.22      2.95
2016.13661   -107.99      3.09
2016.13934   -110.88      2.97
2016.14208   -110.45      3.16
2016.14481   -109.23      2.99
2016.14754   -108.80      2.99
2016.15027   -112.66      3.10
2016.15301   -111.02      2.90
2016.15574   -110.26      3.03
2016.15847   -109.79      3.43
2016.16120   -112.55      3.54
2016.16393   -111.39      3.37
2016.16667   -112.14      3.19
2016.16940   -108.34      5.17
2016.17213   -110.73      3.72
2016.17486   -112.18      3.53
2016.17760   -112.33      3.85
2016.18033   -113.58      3.29
2016.18306   -111.94      3.45
2016.18579   -110.89      4.22
2016.18852   -112.93      3.90
2016.19126   -112.47      3.90
2016.19399   -115.22      3.48
2016.19672   -110.66      3.58
2016.19945   -111.99      4.28
2016.20219   -114.29      3.74
2016.20492   -112.72      3.86
2016.20765   -114.82      3.25
2016.21038   -112.71      3.54
2016.21311   -112.63      3.35
2016.21585   -111.79      3.52
2016.21858   -114.08      3.21
2016.22131   -115.49      3.38
2016.22404   -113.16      3.46
2016.22678   -112.62      4.43
2016.22951   -116.71      2.86
2016.23224   -116.86      3.28
2016.23497   -115.72      2.97
2016.23770   -112.09      3.44
2016.24044   -116.05      3.71
2016.24317   -115.02      3.28
2016.24590   -111.82      3.72
2016.24863   -113.46      3.81
2016.25137   -115.36      3.58
2016.25683   -118.27      6.74
2016.25956   -116.73      3.18
2016.26230   -113.10      3.38
2016.26503   -113.33      3.41
2016.26776   -113.88      3.32
2016.27049   -111.42      3.43
2016.27322   -112.34      3.66
2016.27596   -115.57      4.50
2016.27869   -116.12      3.79
2016.28142   -113.80      3.64
2016.28415   -119.58      4.93
2016.28689   -116.25      5.45
2016.28962   -118.10      3.94
2016.29235   -109.50      4.45
2016.29508   -109.10      4.29
2016.29781   -114.30      4.40
2016.30055   -116.44      3.68
2016.30328   -115.57      3.78
2016.30601   -113.23      3.80
2016.30874   -115.80      3.50
2016.31148   -113.18      3.68
2016.31421   -116.19      3.63
2016.31694   -116.88      3.50
2016.31967   -121.27      3.99
2016.32240   -119.83      3.90
2016.32514   -119.91      4.07
2016.32787   -117.17      3.56
2016.33060   -120.59      3.29
2016.33333   -118.65      4.18
2016.33607   -118.59      3.91
2016.33880   -120.20      3.83
2016.34153   -114.06      3.52
2016.34426   -118.85      3.53
2016.34699   -112.93      3.76
2016.34973   -112.64      4.16
2016.35246   -116.61      4.14
2016.35519   -114.87      4.10
2016.35792   -115.95      4.71
2016.36066   -122.45      4.31
2016.36339   -117.20      4.31
2016.36612   -116.60      4.72
2016.36885   -112.67      4.56
2016.37158   -113.43      4.31
2016.37432   -121.84      3.69
2016.37705   -118.65      3.57
2016.37978   -116.42      3.76
2016.38251   -117.92      3.71
2016.38525   -116.95      3.69
2016.38798   -118.59      3.84
2016.39071   -119.49      4.90
2016.39344   -119.15      4.67
2016.39617   -127.51      5.01
2016.39891   -122.01      4.73
2016.40164   -115.44      3.94
2016.40437   -119.49      3.73
2016.40710   -118.44      4.00
2016.40984   -116.91      4.05
2016.41257   -116.96      4.62
2016.41530   -117.63      3.99
2016.41803   -118.00      4.05
2016.42077   -118.28      4.22
2016.42350   -117.19      4.05
2016.42623   -115.13      4.30
2016.42896   -118.45      5.15
2016.43169   -121.53      4.79
2016.43443   -122.98      6.62
2016.43716   -114.69      4.69
2016.43989   -116.75      4.03
2016.44262   -122.31      4.40
2016.44536   -117.57      4.19
2016.44809   -120.99      4.81
2016.45082   -119.59      5.02
2016.45355   -116.06      5.14
2016.45628   -116.74      4.46
2016.45902   -118.36      4.20
2016.46175   -118.78      4.32
2016.46448   -123.45      5.41
2016.46721   -121.17      4.87
2016.46995   -125.66      4.29
2016.47268   -119.90      4.42
2016.47541   -115.70      4.32
2016.47814   -122.93      4.91
2016.48087   -121.27      4.78
2016.48361   -121.55      4.75
2016.48634   -124.44      5.69
2016.48907   -122.90      4.22
2016.49180   -118.27      4.71
2016.49454   -118.85      5.03
2016.49727   -123.86      4.95
2016.50000   -120.42      4.27
2016.50273   -117.33      4.34
2016.50546   -129.13      4.53
2016.50820   -124.05      4.45
2016.51093   -120.56      4.58
2016.51366   -123.56      4.89
2016.51639   -121.77      4.50
2016.51913   -124.02      5.49
2016.52186   -129.94      5.47
2016.52459   -128.23      4.80
2016.52732   -124.79      5.56
2016.53005   -128.57      5.66
2016.53279   -124.23      4.19
2016.53552   -119.91      4.23
2016.53825   -127.54      4.15
2016.54098   -127.46      4.64
2016.54372   -121.41      5.09
2016.54918   -123.99      3.92
2016.55191   -122.76      4.91
2016.55464   -128.83      4.07
2016.55738   -128.17      4.66
2016.56011   -123.16      4.83
2016.56284   -126.35      4.93
2016.56557   -128.43      3.86
2016.56831   -124.25      4.14
2016.57104   -123.57      4.74
2016.57377   -124.14      5.22
2016.57650   -125.59      5.05
2016.57923   -127.78      4.69
2016.58197   -121.86      4.94
2016.58470   -127.92      4.89
2016.58743   -122.06      4.07
2016.59016   -126.35      3.95
2016.59290   -124.75      4.13
2016.59563   -123.27      4.12
2016.59836   -126.16      4.79
2016.60109   -135.30      5.96
2016.60383   -124.49      5.32
2016.60656   -126.73      5.12
2016.60929   -121.50      5.07
2016.61202   -123.70      4.58
2016.61475   -124.52      3.66
2016.61749   -124.77      3.88
2016.62022   -121.19      4.09
2016.62295   -126.87      4.44
2016.62568   -128.56      4.27
2016.62842   -127.09      4.39
2016.63115   -125.59      5.48
2016.63388   -127.39      5.42
2016.63661   -119.45      5.37
2016.63934   -121.89      6.04
2016.64208   -123.92      5.52
2016.64481   -124.23      5.21
2016.64754   -127.50      5.03
2016.65027   -126.11      5.00
2016.65301   -126.13      5.88
2016.65574   -128.42      6.00
2016.65847   -126.03      5.27
2016.66120   -134.21      5.94
2016.66393   -126.05      4.62
2016.66667   -123.90      4.73
2016.66940   -123.66      4.50
2016.67213   -134.11      5.85
2016.67486   -124.59      4.82
2016.67760   -130.84      5.18
2016.68033   -128.71      5.55
2016.68306   -124.15      5.05
2016.68579   -130.36      4.32
2016.68852   -127.77      4.56
2016.69126   -124.11      4.85
2016.69399   -128.07      4.17
2016.69672   -126.58      5.15
2016.69945   -128.38      4.86
2016.70219   -129.20      4.84
2016.70492   -134.71      8.41
2016.71585   -138.20      3.81
2016.71858   -137.39      5.28
2016.72131   -128.03      5.13
2016.72404   -133.80      4.82
2016.72678   -126.64      6.30
2016.72951   -137.06      5.69
2016.73224   -130.31      4.64
2016.73497   -131.33      5.45
2016.73770   -135.06      4.52
2016.74044   -135.92      6.55
2016.74317   -136.48      8.04
2016.74590   -130.77      5.51
2016.74863   -131.21      4.92
2016.75137   -131.63      5.03
2016.75410   -132.71      4.66
2016.75683   -133.00      4.85
2016.76230   -126.88      5.84
2016.76503   -136.94      5.13
2016.76776   -128.03      4.92
2016.77049   -132.75      4.82
2016.77322   -134.23      4.65
2016.77596   -133.08      4.61
2016.77869   -129.15      5.18
2016.78142   -130.52      5.10
2016.78415   -136.09      5.06
2016.78689   -130.40      4.71
2016.78962   -130.45      5.28
2016.79235   -127.36      5.70
2016.79508   -135.02      4.87
2016.79781   -134.97      4.46
2016.80328   -131.86      7.17
2016.80601   -126.05      4.76
2016.80874   -127.16      4.49
2016.81148   -130.60      4.62
2016.81421   -128.74      4.48
2016.81694   -127.65      4.63
2016.81967   -130.00      4.36
2016.82240   -129.43      4.07
2016.82514   -129.42      4.46
2016.82787   -127.68      4.75
2016.83060   -127.42      4.39
2016.83333   -130.06      4.38
2016.83607   -130.82      4.41
2016.83880   -130.13      4.60
2016.84153   -131.82      4.09
2016.84426   -124.31      6.09
2016.84699   -131.08      4.24
2016.84973   -132.20      4.32
2016.85246   -129.93      4.15
2016.85519   -132.25      3.45
2016.85792   -131.98      3.61
2016.86066   -132.48      3.99
2016.86339   -133.61      3.51
2016.86612   -130.85      3.71
2016.86885   -131.37      3.68
2016.87158   -133.08      3.68
2016.87432   -137.84      3.59
2016.87705   -129.76      3.71
2016.87978   -131.01      4.18
2016.88251   -132.45      3.52
2016.88525   -131.77      4.26
2016.88798   -130.37      3.96
2016.89071   -132.95      3.85
2016.89344   -137.42      3.79
2016.89617   -131.94      4.13
2016.89891   -136.09      3.82
2016.90164   -132.91      3.66
2016.90437   -129.49      3.95
2016.90710   -133.14      4.57
2016.90984   -132.72      4.46
2016.91257   -131.70      3.98
2016.91530   -131.06      4.35
2016.91803   -134.99      4.19
2016.92077   -132.54      4.04
2016.92350   -131.14      3.92
2016.92623   -135.56      4.12
2016.92896   -140.56      3.52
2016.93169   -141.41      3.27
2016.93443   -137.21      3.71
2016.93716   -133.54      3.97
2016.93989   -137.45      4.03
2016.94262   -142.35      3.46
2016.94536   -135.00      3.72
2016.94809   -132.43      4.01
2016.95082   -136.81      3.78
2016.95355   -136.23      3.68
2016.95628   -139.83      3.06
2016.95902   -135.25      3.79
2016.96175   -133.97      3.61
2016.96448   -134.26      3.72
2016.96721   -132.68      4.06
2016.96995   -131.59      3.90
2016.97268   -139.00      3.54
2016.97541   -139.88      3.31
2016.97814   -132.29      3.70
2016.98087   -142.01      3.04
2016.98361   -138.86      2.99
2016.98634   -141.03      3.66
2016.98907   -136.07      3.96
2016.99180   -142.78      3.20
2016.99454   -138.69      3.58
2016.99727   -141.22      3.31
2017.00000   -137.32      3.81
2017.00274   -141.25      3.44
2017.00548   -136.21      3.54
2017.00822   -140.42      3.10
2017.01096   -139.99      3.53
2017.01370   -134.96      3.63
2017.01644   -135.51      3.29
2017.01918   -131.21      3.39
2017.02192   -131.30      3.51
2017.02466   -132.35      3.77
2017.02740   -129.96      4.25
2017.03014   -130.86      4.02
2017.03288   -132.79      3.50
2017.03562   -135.45      3.24
2017.03836   -140.34      2.82
2017.04110   -135.13      3.52
2017.04384   -134.79      3.27
2017.04658   -135.30      3.89
2017.04932   -133.93      3.57
2017.05205   -134.55      3.51
2017.05479   -137.43      3.21
2017.05753   -134.70      3.57
2017.06027   -138.18      3.54
2017.06301   -135.04      3.27
2017.06575   -133.40      3.27
2017.06849   -130.24      3.88
2017.07123   -135.33      3.37
2017.07397   -137.31      3.60
2017.07671   -135.42      3.59
2017.07945   -133.70      3.66
2017.08219   -136.00      4.11
2017.08493   -134.89      3.67
2017.08767   -138.85      3.55
2017.09041   -138.57      3.34
2017.09315   -131.43      3.84
2017.09589   -133.20      4.89
2017.09863   -131.43      4.15
2017.10137   -136.99      3.62
2017.10411   -138.23      3.84
2017.10685   -133.47      3.95
2017.10959   -142.54      2.79
2017.11233   -138.90      3.06
2017.11507   -136.81      3.11
2017.11781   -137.48      3.14
2017.12055   -139.85      3.34
2017.12329   -138.93      3.47
2017.12603   -134.96      3.62
2017.12877   -137.15      3.23
2017.13151   -137.47      3.42
2017.13425   -136.52      3.81
2017.13699   -137.24      3.86
2017.13973   -136.96      3.85
2017.14247   -135.48      3.99
2017.14521   -138.03      4.08
2017.14795   -138.07      3.76
2017.15068   -135.97      3.77
2017.15616   -138.70      3.38
2017.15890   -136.04      3.30
2017.16164   -138.45      3.39
2017.16438   -139.33      3.56
2017.16712   -141.57      3.27
2017.16986   -144.27      3.12
2017.17260   -142.56      3.09
2017.17534   -140.95      3.35
2017.17808   -144.13      3.16
2017.18082   -145.89      2.80
2017.18356   -139.34      3.37
2017.18630   -140.96      3.18
2017.18904   -147.12      3.31
2017.19178   -139.60      3.12
2017.19452   -141.91      2.96
2017.19726   -144.01      3.43
2017.20000   -145.01      3.19
2017.20274   -140.36      4.13
2017.20548   -136.47      4.23
2017.20822   -145.39      3.02
2017.21096   -144.85      3.50
2017.21370   -145.50      3.91
2017.21644   -146.07      3.39
2017.21918   -142.48      4.41
2017.22192   -135.06      5.29
2017.22466   -143.56      4.00
2017.22740   -138.73      4.65
2017.23014   -143.25      3.78
2017.23288   -140.39      4.17
2017.23562   -136.68      4.59
2017.23836   -138.27      4.39
2017.24110   -141.39      4.04
2017.24384   -142.94      3.89
2017.24658   -137.34      6.49
2017.24932   -142.73      4.73
2017.25205   -131.99      5.56
2017.25479   -131.53      4.45
2017.25753   -134.30      5.01
2017.26027   -132.78      4.36
2017.26301   -135.65      4.69
2017.26575   -146.44      3.80
2017.26849   -138.50      4.73
2017.27123   -144.42      4.70
2017.27397   -141.82      4.49
2017.27671   -142.39      5.56
2017.27945   -146.20      4.75
2017.28219   -142.92      4.57
2017.28493   -141.13      4.18
2017.28767   -141.28      4.39
2017.29041   -141.83      4.32
2017.29315   -147.72      3.91
2017.29589   -142.66      4.13
2017.29863   -143.79      5.13
2017.30137   -143.08      4.92
2017.30411   -143.30      4.70
2017.30685   -144.43      3.72
2017.30959   -145.51      3.16
2017.31233   -140.34      3.39
2017.31507   -137.45      3.94
2017.31781   -141.48      3.95
2017.32055   -136.65      4.43
2017.32329   -134.72      4.46
2017.32603   -136.02      4.16
2017.32877   -136.92      3.91
2017.33151   -141.78      3.68
2017.33425   -140.93      3.82
2017.33699   -140.29      4.00
2017.33973   -138.88      4.15
2017.34247   -140.13      4.26
2017.34521   -138.94      4.48
2017.34795   -140.69      3.92
2017.35068   -138.96      4.32
2017.35342   -141.59      4.30
2017.35616   -141.44      4.76
2017.35890   -137.87      4.19
2017.36164   -138.93      3.97
2017.36438   -140.40      4.30
2017.36712   -139.61      4.16
2017.36986   -140.53      4.13
2017.37260   -141.38      3.72
2017.37534   -146.20      3.52
2017.37808   -139.72      4.26
2017.38082   -138.97      4.26
2017.38356   -140.23      3.95
2017.38630   -139.18      3.75
2017.38904   -138.07      3.95
2017.39178   -140.27      3.94
2017.39452   -143.06      5.07
2017.39726   -140.47      4.45
2017.40000   -139.35      3.70
2017.40274   -142.35      3.47
2017.40548   -143.90      3.62
2017.40822   -145.80      4.04
2017.41096   -143.54      4.77
2017.41370   -142.35      4.14
2017.41644   -139.67      5.77
2017.41918   -142.81      5.29
2017.42192   -140.94      5.08
2017.42466   -141.03      4.67
2017.42740   -137.74      4.05
2017.43014   -141.65      4.29
2017.43288   -141.67      4.72
2017.43562   -145.89      5.06
2017.43836   -146.57      5.15
2017.44110   -142.82      3.91
2017.44384   -147.33      3.66
2017.44658   -143.29      4.76
2017.44932   -137.70      4.80
2017.45205   -144.61      5.30
2017.45479   -143.42      4.90
2017.45753   -139.86      6.02
2017.46027   -141.19      6.18
2017.46301   -143.93      4.62
2017.46575   -139.60      4.20
2017.46849   -145.13      4.59
2017.47123   -140.41      4.39
2017.47397   -144.79      4.05
2017.47671   -144.26      4.48
2017.47945   -141.55      4.77
2017.48219   -147.86      4.32
2017.48493   -141.33      4.15
2017.48767   -143.83      4.50
2017.49041   -145.06      4.88
2017.49315   -141.72      4.94
2017.49589   -143.88      4.55
2017.49863   -142.85      4.46
2017.50411   -142.99      5.46
2017.50685   -143.78      4.66
2017.50959   -144.36      4.74
2017.51233   -146.49      4.84
2017.51507   -151.10      4.50
2017.51781   -147.86      4.72
2017.52055   -142.14      4.30
2017.52603   -147.63      5.07
2017.52877   -145.16      5.19
2017.53151   -146.09      4.83
2017.53425   -147.77      4.60
2017.53699   -148.03      4.95
2017.53973   -146.04      4.71
2017.54247   -144.00      3.54
2017.54521   -142.70      4.45
2017.54795   -140.74      4.31
2017.55068   -141.79      4.07
2017.55616   -144.79      4.03
2017.55890   -145.21      4.43
2017.56164   -143.46      5.14
2017.56438   -139.93      4.94
2017.56712   -140.99      5.36
2017.56986   -143.90      4.55
2017.57260   -144.61      4.79
2017.57534   -145.96      5.65
2017.57808   -143.81      6.54
2017.58082   -148.31      7.10
2017.58356   -142.98      5.79
2017.58630   -144.10      4.54
2017.58904   -140.79      6.14
2017.59178   -144.13      4.87
2017.59452   -144.09      4.73
2017.59726   -141.69      4.73
2017.60000   -144.57      5.04
2017.60274   -144.23      5.24
2017.60548   -143.31      4.89
2017.60822   -148.18      5.91
2017.61096   -141.33      5.21
2017.61370   -144.39      4.48
2017.61644   -142.35      4.41
2017.61918   -144.26      4.24
2017.62466   -143.68      4.89
2017.62740   -147.90      4.76
2017.63014   -143.77      5.36
2017.63288   -145.25      6.13
2017.63562   -139.80      5.44
2017.63836   -144.13      5.81
2017.64110   -145.85      5.29
2017.64384   -142.76      4.09
2017.64658   -145.67      4.30
2017.64932   -140.73      4.74
2017.65205   -145.03      5.15
2017.65479   -143.17      4.50
2017.65753   -144.39      4.97
2017.66027   -143.12      5.25
2017.66301   -143.36      5.01
2017.66575   -144.08      4.92
2017.66849   -144.43      7.08
2017.67123   -146.24      4.47
2017.67397   -143.66      4.63
2017.67671   -140.69      5.20
2017.67945   -143.06      4.58
2017.68219   -145.52      4.32
2017.68493   -143.79      4.42
2017.68767   -142.49      4.29
2017.69041   -150.41      4.21
2017.69315   -150.04      4.37
2017.69589   -145.22      4.76
2017.69863   -145.34      4.61
2017.70137   -146.36      4.67
2017.70411   -142.76      4.41
2017.70685   -147.60      3.70
2017.70959   -151.92      4.52
2017.71233   -147.76      4.25
2017.71507   -147.10      4.31
2017.71781   -145.73      4.80
2017.72055   -144.42      4.05
2017.72329   -147.84      3.90
2017.72603   -146.01      5.20
2017.72877   -147.46      4.22
2017.73151   -147.08      4.27
2017.73425   -147.08      4.84
2017.73699   -146.44      4.18
2017.73973   -147.85      4.10
2017.74247   -153.86      4.69
2017.74521   -139.16      5.91
2017.74795   -144.40      4.41
2017.75068   -147.72      4.51
2017.75342   -147.61      4.37
2017.75616   -146.37      4.99
2017.75890   -146.01      5.77
2017.76164   -146.36      4.44
2017.76438   -141.34      5.15
2017.76712   -149.13      4.74
2017.76986   -149.27      5.93
2017.77260   -144.41      5.49
2017.77534   -144.05      5.97
2017.77808   -145.64      5.07
2017.78082   -146.34      5.00
2017.78356   -157.99      4.00
2017.78630   -146.75      4.94
2017.78904   -152.22      4.92
2017.79178   -147.51      5.39
2017.79452   -141.47      4.86
2017.79726   -148.61      4.12
2017.80000   -146.33      4.39
2017.80274   -149.76      3.48
2017.80548   -149.93      3.29
2017.80822   -149.64      3.43
2017.81096   -147.94      3.53
2017.81370   -150.75      3.52
2017.81644   -148.05      4.00
2017.81918   -148.00      3.88
2017.82192   -148.66      3.55
2017.82466   -151.37      3.59
2017.82740   -147.73      3.80
2017.83014   -146.95      3.97
2017.83288   -147.56      3.78
2017.83562   -144.44      3.99
2017.83836   -145.62      4.02
2017.84110   -149.55      4.41
2017.84384   -151.58      3.80
2017.84658   -146.49      3.33
2017.84932   -150.90      3.91
2017.85205   -147.31      4.54
2017.85479   -147.10      3.98
2017.85753   -148.11      3.71
2017.86301   -150.04      4.01
2017.86575   -150.42      3.47
2017.86849   -148.91      3.47
2017.87123   -149.23      4.06
2017.87397   -151.86      4.09
2017.87671   -148.57      3.87
2017.87945   -149.61      3.72
2017.88219   -151.41      3.95
2017.88493   -152.73      3.35
2017.88767   -151.04      3.59
2017.89041   -149.13      3.79
2017.89315   -152.07      3.86
2017.89589   -152.91      3.76
2017.89863   -151.94      3.50
2017.90137   -148.88      3.67
2017.90411   -148.88      3.58
2017.90685   -148.30      3.85
2017.90959   -149.23      3.53
2017.91233   -150.20      3.77
2017.91507   -149.77      3.95
2017.91781   -152.84      3.97
2017.92055   -148.20      3.98
2017.92329   -151.93      3.79
2017.92603   -150.21      3.64
2017.92877   -150.75      3.35
2017.93151   -150.78      3.72
2017.93425   -150.99      3.69
2017.93699   -154.02      3.24
2017.93973   -153.39      3.51
2017.94247   -152.35      3.51
2017.94521   -149.08      3.48
2017.94795   -153.09      3.49
2017.95068   -157.89      2.98
2017.95342   -152.83      3.54
2017.95616   -151.45      3.67
2017.95890   -154.38      3.79
2017.96164   -154.73      3.92
2017.96438   -154.13      3.72
2017.96712   -154.53      4.19
2017.96986   -153.39      4.30
2017.97260   -152.24      3.53
2017.97534   -150.79      3.50
2017.97808   -153.31      3.63
2017.98082   -150.25      3.57
2017.98356   -153.53      3.25
2017.98630   -151.15      3.44
2017.98904   -152.45      3.32
2017.99178   -151.05      3.68
2017.99452   -150.00      4.47
2018.00548   -154.11      3.52
2018.00822   -153.83      3.46
2018.01096   -148.79      3.71
2018.01370   -156.49      3.59
2018.01644   -154.02      3.42
2018.01918   -148.90      3.41
2018.02192   -152.56      3.82
2018.02466   -150.34      3.76
2018.02740   -151.85      3.35
2018.03014   -149.85      3.36
2018.03288   -151.81      3.41
2018.03562   -152.61      3.27
2018.03836   -148.36      3.64
2018.04110   -151.09      3.61
2018.04384   -151.56      3.66
2018.04658   -152.41      3.75
2018.04932   -151.88      3.71
2018.05205   -153.85      3.80
2018.05479   -153.24      3.60
2018.05753   -150.60      4.00
2018.06027   -154.54      3.84
2018.06301   -153.24      3.53
2018.06575   -152.11      3.66
2018.06849   -151.82      3.77
2018.07123   -150.03      3.69
2018.07397   -151.67      3.66
2018.07671   -153.30      3.97
2018.07945   -156.25      3.12
2018.08219   -149.86      3.09
2018.08493   -153.02      3.12
2018.08767   -154.77      3.30
2018.09041   -154.67      3.39
2018.09315   -153.10      3.03
2018.09589   -154.62      3.04
2018.09863   -152.25      3.40
2018.10137   -154.72      3.47
2018.10411   -152.36      3.46
2018.10685   -154.69      3.29
2018.10959   -153.24      3.43
2018.11233   -153.34      3.57
2018.11507   -153.14      3.22
2018.11781   -154.25      3.27
2018.12055   -152.08      3.53
2018.12329   -151.00      3.55
2018.12603   -151.03      3.82
2018.12877   -153.54      4.14
2018.13151   -153.74      3.55
2018.13425   -153.90      3.62
2018.13699   -153.40      3.60
2018.13973   -153.68      3.85
2018.14247   -153.58      3.68
2018.14521   -152.43      3.85
2018.14795   -153.41      3.70
2018.15068   -153.92      3.80
2018.15342   -154.44      3.72
2018.15616   -155.74      3.62
2018.15890   -149.66      4.07
2018.16164   -158.36      3.98
