2012.00000    -21.68
2012.00273    -21.72
2012.00546    -21.77
2012.00820    -21.81
2012.01093    -21.86
2012.01366    -21.91
2012.01639    -21.95
2012.01913    -22.00
2012.02186    -22.05
2012.02459    -22.09
2012.02732    -22.14
2012.03005    -22.19
2012.03279    -22.24
2012.03552    -22.28
2012.03825    -22.33
2012.04098    -22.38
2012.04372    -22.43
2012.04645    -22.48
2012.04918    -22.53
2012.05191    -22.58
2012.05464    -22.63
2012.08197    -23.15
2012.08470    -23.20
2012.08743    -23.25
2012.09016    -23.31
2012.09290    -23.37
2012.09563    -23.42
2012.09836    -23.48
2012.10109    -23.54
2012.10383    -23.59
2012.10656    -23.65
2012.10929    -23.71
2012.11202    -23.77
2012.11475    -23.83
2012.11749    -23.89
2012.12022    -23.95
2012.12295    -24.01
2012.12568    -24.08
2012.12842    -24.14
2012.13115    -24.20
2012.13388    -24.27
2012.13661    -24.33
2012.13934    -24.40
2012.14208    -24.46
2012.14481    -24.53
2012.14754    -24.60
2012.16393    -25.02
2012.16667    -25.09
2012.16940    -25.16
2012.17213    -25.23
2012.17486    -25.31
2012.17760    -25.38
2012.18033    -25.46
2012.18306    -25.53
2012.18579    -25.61
2012.18852    -25.69
2012.19126    -25.76
2012.19399    -25.84
2012.19672    -25.92
2012.19945    -26.00
2012.20219    -26.08
2012.20492    -26.16
2012.20765    -26.24
2012.21038    -26.32
2012.21311    -26.40
2012.21585    -26.49
2012.21858    -26.57
2012.22131    -26.65
2012.22404    -26.74
2012.22678    -26.82
2012.22951    -26.91
2012.23224    -26.99
2012.23497    -27.08
2012.23770    -27.16
2012.24044    -27.25
2012.24317    -27.34
2012.24590    -27.43
2012.24863    -27.51
2012.25137    -27.60
2012.25410    -27.69
2012.25683    -27.78
2012.25956    -27.87
2012.26230    -27.96
2012.26503    -28.05
2012.26776    -28.13
2012.27049    -28.22
2012.27322    -28.31
2012.27596    -28.40
2012.27869    -28.49
2012.28142    -28.58
2012.28415    -28.67
2012.28689    -28.76
2012.28962    -28.85
2012.29235    -28.94
2012.29508    -29.03
2012.29781    -29.12
2012.30055    -29.21
2012.30328    -29.30
2012.30601    -29.39
2012.30874    -29.48
2012.31148    -29.57
2012.31421    -29.66
2012.31694    -29.75
2012.31967    -29.84
2012.32240    -29.92
2012.32514    -30.01
2012.32787    -30.10
2012.33060    -30.19
2012.33333    -30.27
2012.33607    -30.36
2012.33880    -30.45
2012.34153    -30.53
2012.34426    -30.62
2012.34699    -30.70
2012.34973    -30.78
2012.35246    -30.87
2012.35519    -30.95
2012.35792    -31.03
2012.36066    -31.11
2012.36339    -31.19
2012.36612    -31.27
2012.36885    -31.35
2012.37158    -31.43
2012.37432    -31.51
2012.37705    -31.59
2012.37978    -31.66
2012.38251    -31.74
2012.38525    -31.82
2012.38798    -31.89
2012.39071    -31.96
2012.39344    -32.04
2012.39617    -32.11
2012.39891    -32.18
2012.40164    -32.25
2012.40437    -32.32
2012.40710    -32.38
2012.40984    -32.45
2012.41257    -32.52
2012.41530    -32.58
2012.41803    -32.65
2012.42077    -32.71
2012.42350    -32.77
2012.42623    -32.83
2012.42896    -32.90
2012.43169    -32.95
2012.43443    -33.01
2012.43716    -33.07
2012.43989    -33.13
2012.44262    -33.18
2012.44536    -33.24
2012.44809    -33.29
2012.45082    -33.34
2012.45355    -33.39
2012.45628    -33.44
2012.45902    -33.49
2012.46175    -33.54
2012.46448    -33.59
2012.46721    -33.64
2012.46995    -33.68
2012.47268    -33.73
2012.47541    -33.77
2012.47814    -33.81
2012.48087    -33.85
2012.48361    -33.89
2012.48634    -33.93
2012.48907    -33.97
2012.49180    -34.01
2012.49454    -34.05
2012.49727    -34.08
2012.50000    -34.12
2012.50273    -34.15
2012.50546    -34.19
2012.50820    -34.22
2012.51093    -34.25
2012.51366    -34.28
2012.51639    -34.31
2012.51913    -34.34
2012.52186    -34.37
2012.52459    -34.40
2012.52732    -34.42
2012.53005    -34.45
2012.53279    -34.47
2012.53552    -34.50
2012.53825    -34.52
2012.54098    -34.55
2012.54372    -34.57
2012.54645    -34.59
2012.54918    -34.61
2012.55191    -34.63
2012.55464    -34.65
2012.55738    -34.67
2012.56011    -34.69
2012.56284    -34.71
2012.56557    -34.73
2012.56831    -34.75
2012.57104    -34.77
2012.57377    -34.78
2012.57650    -34.80
2012.57923    -34.82
2012.58197    -34.83
2012.58470    -34.85
2012.58743    -34.86
2012.59290    -34.89
2012.59563    -34.91
2012.59836    -34.92
2012.60109    -34.94
2012.60383    -34.95
2012.60656    -34.97
2012.60929    -34.98
2012.61202    -35.00
2012.61475    -35.01
2012.61749    -35.02
2012.62022    -35.04
2012.62295    -35.05
2012.62568    -35.07
2012.62842    -35.08
2012.63115    -35.09
2012.63388    -35.11
2012.63661    -35.12
2012.63934    -35.14
2012.64208    -35.15
2012.64481    -35.17
2012.64754    -35.18
2012.65027    -35.20
2012.65301    -35.21
2012.65574    -35.23
2012.65847    -35.24
2012.66120    -35.26
2012.66393    -35.28
2012.66667    -35.29
2012.66940    -35.31
2012.67213    -35.33
2012.67486    -35.35
2012.67760    -35.37
2012.68033    -35.38
2012.68306    -35.40
2012.68579    -35.42
2012.68852    -35.44
2012.69399    -35.48
2012.69672    -35.50
2012.69945    -35.52
2012.70219    -35.55
2012.70492    -35.57
2012.70765    -35.59
2012.71038    -35.62
2012.71311    -35.64
2012.71585    -35.66
2012.71858    -35.69
2012.72131    -35.71
2012.72404    -35.74
2012.72678    -35.77
2012.73224    -35.82
2012.73497    -35.85
2012.73770    -35.88
2012.74044    -35.90
2012.74317    -35.93
2012.74590    -35.96
2012.74863    -35.99
2012.75137    -36.02
2012.75410    -36.06
2012.75683    -36.09
2012.75956    -36.12
2012.76230    -36.15
2012.76503    -36.18
2012.76776    -36.22
2012.77049    -36.25
2012.77322    -36.29
2012.77596    -36.32
2012.77869    -36.36
2012.78142    -36.39
2012.78415    -36.43
2012.78689    -36.47
2012.78962    -36.50
2012.79235    -36.54
2012.79508    -36.58
2012.79781    -36.62
2012.80055    -36.66
2012.80328    -36.69
2012.80601    -36.73
2012.80874    -36.77
2012.81148    -36.81
2012.81421    -36.85
2012.81694    -36.89
2012.81967    -36.94
2012.82240    -36.98
2012.82514    -37.02
2012.82787    -37.06
2012.83060    -37.10
2012.83333    -37.14
2012.83607    -37.19
2012.83880    -37.23
2012.84153    -37.27
2012.84426    -37.32
2012.84699    -37.36
2012.84973    -37.40
2012.85246    -37.45
2012.85519    -37.49
2012.85792    -37.54
2012.86066    -37.58
2012.86339    -37.62
2012.86612    -37.67
2012.86885    -37.71
2012.87158    -37.76
2012.87432    -37.80
2012.87705    -37.85
2012.87978    -37.89
2012.88251    -37.94
2012.88525    -37.98
2012.88798    -38.03
2012.89071    -38.07
2012.89344    -38.12
2012.89617    -38.16
2012.89891    -38.21
2012.90164    -38.25
2012.90437    -38.30
2012.90710    -38.35
2012.90984    -38.39
2012.91257    -38.44
2012.91530    -38.48
2012.91803    -38.53
2012.92077    -38.57
2012.92350    -38.62
2012.92623    -38.66
2012.92896    -38.71
2012.93169    -38.75
2012.93443    -38.80
2012.93716    -38.85
2012.93989    -38.89
2012.94262    -38.94
2012.94536    -38.98
2012.94809    -39.03
2012.95082    -39.07
2012.95355    -39.12
2012.95628    -39.16
2012.95902    -39.21
2012.96175    -39.25
2012.96448    -39.30
2012.96721    -39.34
2012.96995    -39.39
2012.97268    -39.43
2012.97541    -39.48
2012.97814    -39.52
2012.98087    -39.57
2012.98361    -39.61
2012.98634    -39.66
2012.98907    -39.71
2012.99180    -39.75
2012.99454    -39.80
2012.99727    -39.84
2013.00000    -39.89
2013.00274    -39.93
2013.00548    -39.98
2013.00822    -40.03
2013.01096    -40.07
2013.01370    -40.12
2013.01644    -40.17
2013.01918    -40.21
2013.02192    -40.26
2013.02466    -40.31
2013.02740    -40.35
2013.03014    -40.40
2013.03288    -40.45
2013.03562    -40.50
2013.03836    -40.55
2013.04110    -40.59
2013.04384    -40.64
2013.04658    -40.69
2013.04932    -40.74
2013.05205    -40.79
2013.05479    -40.84
2013.05753    -40.89
2013.06027    -40.94
2013.06301    -40.99
2013.06575    -41.04
2013.06849    -41.10
2013.07123    -41.15
2013.07397    -41.20
2013.07671    -41.25
2013.07945    -41.31
2013.08219    -41.36
2013.08493    -41.42
2013.08767    -41.47
2013.09041    -41.53
2013.09315    -41.58
2013.09589    -41.64
2013.09863    -41.70
2013.10137    -41.75
2013.10411    -41.81
2013.10685    -41.87
2013.10959    -41.93
2013.11233    -41.99
2013.11507    -42.05
2013.11781    -42.11
2013.12055    -42.17
2013.12329    -42.23
2013.12603    -42.29
2013.12877    -42.36
2013.13151    -42.42
2013.13425    -42.49
2013.13699    -42.55
2013.13973    -42.62
2013.14247    -42.68
2013.14521    -42.75
2013.14795    -42.82
2013.15342    -42.96
2013.15616    -43.03
2013.15890    -43.10
2013.16164    -43.17
2013.16438    -43.24
2013.16712    -43.31
2013.16986    -43.38
2013.17260    -43.46
2013.17534    -43.53
2013.17808    -43.61
2013.18082    -43.68
2013.18356    -43.76
2013.18630    -43.83
2013.18904    -43.91
2013.19178    -43.99
2013.19452    -44.07
2013.19726    -44.15
2013.20000    -44.23
2013.20274    -44.31
2013.20548    -44.39
2013.20822    -44.47
2013.21096    -44.55
2013.21370    -44.63
2013.21644    -44.72
2013.21918    -44.80
2013.22192    -44.88
2013.22466    -44.97
2013.22740    -45.05
2013.23014    -45.14
2013.23288    -45.22
2013.23562    -45.31
2013.23836    -45.40
2013.24110    -45.48
2013.24384    -45.57
2013.24658    -45.66
2013.24932    -45.75
2013.25205    -45.83
2013.25479    -45.92
2013.25753    -46.01
2013.26027    -46.10
2013.26301    -46.19
2013.26575    -46.28
2013.26849    -46.37
2013.27123    -46.46
2013.27397    -46.55
2013.27671    -46.64
2013.27945    -46.73
2013.28219    -46.82
2013.28493    -46.91
2013.28767    -47.00
2013.29041    -47.09
2013.29315    -47.18
2013.29589    -47.27
2013.29863    -47.36
2013.30137    -47.45
2013.30411    -47.54
2013.30685    -47.63
2013.31233    -47.81
2013.31507    -47.90
2013.31781    -47.99
2013.32055    -48.08
2013.32329    -48.16
2013.32603    -48.25
2013.32877    -48.34
2013.33151    -48.43
2013.33425    -48.51
2013.33699    -48.60
2013.33973    -48.69
2013.34247    -48.77
2013.34521    -48.86
2013.34795    -48.94
2013.35068    -49.02
2013.35342    -49.11
2013.35616    -49.19
2013.35890    -49.27
2013.36164    -49.35
2013.36438    -49.43
2013.36712    -49.51
2013.36986    -49.59
2013.37260    -49.67
2013.37534    -49.75
2013.37808    -49.83
2013.38082    -49.90
2013.38630    -50.05
2013.38904    -50.13
2013.39178    -50.20
2013.39452    -50.27
2013.39726    -50.35
2013.40000    -50.42
2013.40274    -50.49
2013.40548    -50.56
2013.40822    -50.62
2013.41096    -50.69
2013.41370    -50.76
2013.41644    -50.82
2013.41918    -50.89
2013.42192    -50.95
2013.42466    -51.01
2013.42740    -51.07
2013.43014    -51.13
2013.43288    -51.19
2013.43562    -51.25
2013.43836    -51.31
2013.44110    -51.36
2013.44384    -51.42
2013.44658    -51.47
2013.44932    -51.53
2013.45205    -51.58
2013.45479    -51.63
2013.45753    -51.68
2013.46301    -51.78
2013.46575    -51.82
2013.47397    -51.96
2013.47671    -52.00
2013.47945    -52.04
2013.48219    -52.08
2013.48493    -52.12
2013.48767    -52.16
2013.49041    -52.20
2013.49315    -52.24
2013.49589    -52.28
2013.49863    -52.31
2013.50137    -52.35
2013.50411    -52.38
2013.50685    -52.41
2013.50959    -52.45
2013.51233    -52.48
2013.51507    -52.51
2013.51781    -52.54
2013.52055    -52.57
2013.52329    -52.59
2013.52603    -52.62
2013.52877    -52.65
2013.53151    -52.67
2013.53425    -52.70
2013.53699    -52.72
2013.53973    -52.75
2013.54247    -52.77
2013.54521    -52.79
2013.54795    -52.81
2013.55342    -52.86
2013.55616    -52.88
2013.55890    -52.90
2013.56164    -52.91
2013.56438    -52.93
2013.56712    -52.95
2013.56986    -52.97
2013.57260    -52.99
2013.57534    -53.00
2013.57808    -53.02
2013.58082    -53.04
2013.58356    -53.05
2013.58630    -53.07
2013.58904    -53.08
2013.59178    -53.10
2013.59452    -53.11
2013.59726    -53.13
2013.60000    -53.14
2013.60274    -53.16
2013.60548    -53.17
2013.60822    -53.19
2013.61096    -53.20
2013.61370    -53.22
2013.61644    -53.23
2013.61918    -53.24
2013.62192    -53.26
2013.62466    -53.27
2013.62740    -53.29
2013.63014    -53.30
2013.63288    -53.31
2013.63562    -53.33
2013.63836    -53.34
2013.64110    -53.36
2013.64384    -53.37
2013.64658    -53.39
2013.65479    -53.43
2013.65753    -53.45
2013.66027    -53.47
2013.66301    -53.48
2013.66575    -53.50
2013.66849    -53.52
2013.67123    -53.53
2013.67671    -53.57
2013.68219    -53.61
2013.68493    -53.63
2013.68767    -53.65
2013.69041    -53.67
2013.69315    -53.69
2013.69589    -53.71
2013.69863    -53.73
2013.70137    -53.75
2013.70411    -53.77
2013.70685    -53.80
2013.70959    -53.82
2013.71233    -53.84
2013.71507    -53.87
2013.71781    -53.89
2013.72055    -53.92
2013.72329    -53.94
2013.72603    -53.97
2013.72877    -54.00
2013.73151    -54.02
2013.73425    -54.05
2013.73699    -54.08
2013.73973    -54.11
2013.74247    -54.14
2013.74521    -54.17
2013.74795    -54.20
2013.75342    -54.26
2013.75616    -54.29
2013.75890    -54.32
2013.76164    -54.35
2013.76438    -54.39
2013.76712    -54.42
2013.76986    -54.46
2013.77260    -54.49
2013.77534    -54.52
2013.77808    -54.56
2013.78356    -54.63
2013.78630    -54.67
2013.78904    -54.71
2013.79178    -54.74
2013.79452    -54.78
2013.79726    -54.82
2013.80000    -54.86
2013.80274    -54.90
2013.80548    -54.94
2013.80822    -54.98
2013.81096    -55.02
2013.81370    -55.06
2013.81644    -55.10
2013.81918    -55.14
2013.82192    -55.18
2013.82466    -55.22
2013.82740    -55.26
2013.83014    -55.31
2013.83288    -55.35
2013.83562    -55.39
2013.83836    -55.43
2013.84110    -55.48
2013.84384    -55.52
2013.84658    -55.56
2013.84932    -55.61
2013.85205    -55.65
2013.85479    -55.70
2013.85753    -55.74
2013.86027    -55.78
2013.86301    -55.83
2013.86575    -55.87
2013.86849    -55.92
2013.87123    -55.96
2013.87397    -56.01
2013.87671    -56.05
2013.87945    -56.10
2013.88219    -56.14
2013.88493    -56.19
2013.88767    -56.23
2013.89041    -56.28
2013.89315    -56.32
2013.89589    -56.37
2013.89863    -56.42
2013.90137    -56.46
2013.90411    -56.51
2013.90685    -56.55
2013.90959    -56.60
2013.91233    -56.64
2013.91507    -56.69
2013.91781    -56.73
2013.92055    -56.78
2013.92329    -56.83
2013.92603    -56.87
2013.92877    -56.92
2013.93151    -56.96
2013.93425    -57.01
2013.93699    -57.05
2013.93973    -57.10
2013.94247    -57.14
2013.94521    -57.19
2013.94795    -57.23
2013.95068    -57.28
2013.95342    -57.33
2013.95616    -57.37
2013.95890    -57.42
2013.96164    -57.46
2013.96438    -57.51
2013.96712    -57.55
2013.96986    -57.60
2013.97260    -57.64
2013.97534    -57.69
2013.97808    -57.73
2013.98082    -57.78
2013.98356    -57.82
2013.98630    -57.87
2013.98904    -57.92
2013.99178    -57.96
2013.99452    -58.01
2013.99726    -58.05
2014.00000    -58.10
2014.00274    -58.14
2014.00548    -58.19
2014.00822    -58.24
2014.01096    -58.28
2014.01370    -58.33
2014.01644    -58.38
2014.01918    -58.42
2014.02192    -58.47
2014.02466    -58.52
2014.02740    -58.56
2014.03014    -58.61
2014.03288    -58.66
2014.03562    -58.71
2014.03836    -58.76
2014.04110    -58.80
2014.04384    -58.85
2014.04658    -58.90
2014.04932    -58.95
2014.05205    -59.00
2014.05479    -59.05
2014.05753    -59.10
2014.06027    -59.15
2014.06301    -59.20
2014.06575    -59.25
2014.06849    -59.31
2014.07123    -59.36
2014.07671    -59.46
2014.07945    -59.52
2014.08219    -59.57
2014.08493    -59.63
2014.08767    -59.68
2014.09041    -59.74
2014.09315    -59.79
2014.09589    -59.85
2014.09863    -59.91
2014.10137    -59.96
2014.10411    -60.02
2014.10685    -60.08
2014.10959    -60.14
2014.11233    -60.20
2014.11507    -60.26
2014.11781    -60.32
2014.12055    -60.38
2014.12329    -60.44
2014.12603    -60.51
2014.12877    -60.57
2014.13151    -60.63
2014.13425    -60.70
2014.13699    -60.76
2014.13973    -60.83
2014.14247    -60.89
2014.14521    -60.96
2014.14795    -61.03
2014.15068    -61.10
2014.15342    -61.17
2014.15616    -61.24
2014.15890    -61.31
2014.16164    -61.38
2014.16438    -61.45
2014.16712    -61.52
2014.17260    -61.67
2014.17534    -61.74
2014.17808    -61.82
2014.18082    -61.89
2014.18356    -61.97
2014.18630    -62.04
2014.18904    -62.12
2014.19178    -62.20
2014.19452    -62.28
2014.19726    -62.36
2014.20000    -62.44
2014.20274    -62.52
2014.20548    -62.60
2014.20822    -62.68
2014.21096    -62.76
2014.21370    -62.84
2014.21644    -62.93
2014.21918    -63.01
2014.22192    -63.09
2014.22466    -63.18
2014.22740    -63.26
2014.23014    -63.35
2014.23288    -63.43
2014.23562    -63.52
2014.23836    -63.61
2014.24110    -63.69
2014.24384    -63.78
2014.24658    -63.87
2014.24932    -63.96
2014.25205    -64.05
2014.25479    -64.13
2014.26027    -64.31
2014.26301    -64.40
2014.26575    -64.49
2014.26849    -64.58
2014.27123    -64.67
2014.27397    -64.76
2014.27671    -64.85
2014.27945    -64.94
2014.28219    -65.03
2014.28493    -65.12
2014.28767    -65.21
2014.29041    -65.30
2014.29315    -65.39
2014.29589    -65.48
2014.30411    -65.75
2014.30685    -65.84
2014.30959    -65.93
2014.31233    -66.02
2014.31507    -66.11
2014.31781    -66.20
2014.32055    -66.29
2014.32329    -66.37
2014.32603    -66.46
2014.32877    -66.55
2014.33151    -66.64
2014.33425    -66.72
2014.33699    -66.81
2014.33973    -66.90
2014.34247    -66.98
2014.34521    -67.07
2014.34795    -67.15
2014.35068    -67.23
2014.35342    -67.32
2014.35616    -67.40
2014.35890    -67.48
2014.36164    -67.56
2014.36438    -67.65
2014.36712    -67.73
2014.36986    -67.80
2014.37260    -67.88
2014.37534    -67.96
2014.37808    -68.04
2014.38082    -68.12
2014.38356    -68.19
2014.38630    -68.27
2014.40000    -68.63
2014.40274    -68.70
2014.40548    -68.77
2014.40822    -68.83
2014.41096    -68.90
2014.41370    -68.97
2014.41644    -69.03
2014.41918    -69.10
2014.42192    -69.16
2014.42466    -69.22
2014.42740    -69.28
2014.43014    -69.34
2014.43288    -69.40
2014.43562    -69.46
2014.43836    -69.52
2014.44110    -69.57
2014.44384    -69.63
2014.44658    -69.68
2014.44932    -69.74
2014.45205    -69.79
2014.45479    -69.84
2014.45753    -69.89
2014.46027    -69.94
2014.46301    -69.99
2014.46575    -70.03
2014.46849    -70.08
2014.47123    -70.13
2014.47397    -70.17
2014.47671    -70.21
2014.47945    -70.25
2014.48493    -70.34
2014.48767    -70.38
2014.49041    -70.41
2014.49315    -70.45
2014.49589    -70.49
2014.49863    -70.52
2014.50137    -70.56
2014.50411    -70.59
2014.50685    -70.62
2014.50959    -70.66
2014.51233    -70.69
2014.51507    -70.72
2014.51781    -70.75
2014.52055    -70.78
2014.52329    -70.80
2014.52603    -70.83
2014.52877    -70.86
2014.53151    -70.88
2014.53425    -70.91
2014.53699    -70.93
2014.53973    -70.96
2014.54247    -70.98
2014.54521    -71.00
2014.54795    -71.02
2014.55068    -71.05
2014.55342    -71.07
2014.55616    -71.09
2014.55890    -71.11
2014.56164    -71.13
2014.56438    -71.14
2014.56712    -71.16
2014.56986    -71.18
2014.57260    -71.20
2014.57534    -71.21
2014.57808    -71.23
2014.58082    -71.25
2014.58356    -71.26
2014.58904    -71.30
2014.59178    -71.31
2014.59726    -71.34
2014.60000    -71.35
2014.60274    -71.37
2014.60548    -71.38
2014.60822    -71.40
2014.61096    -71.41
2014.61370    -71.43
2014.61644    -71.44
2014.61918    -71.45
2014.62192    -71.47
2014.62466    -71.48
2014.62740    -71.50
2014.63014    -71.51
2014.63288    -71.53
2014.63562    -71.54
2014.63836    -71.55
2014.64110    -71.57
2014.64384    -71.58
2014.64658    -71.60
2014.64932    -71.61
2014.65205    -71.63
2014.65479    -71.64
2014.65753    -71.66
2014.66027    -71.68
2014.66301    -71.69
2014.66575    -71.71
2014.66849    -71.73
2014.67123    -71.74
2014.67397    -71.76
2014.67671    -71.78
2014.67945    -71.80
2014.68219    -71.82
2014.68493    -71.84
2014.68767    -71.86
2014.69041    -71.88
2014.69315    -71.90
2014.69589    -71.92
2014.70137    -71.96
2014.70411    -71.98
2014.70685    -72.01
2014.70959    -72.03
2014.71233    -72.05
2014.71507    -72.08
2014.71781    -72.10
2014.72055    -72.13
2014.72329    -72.15
2014.72603    -72.18
2014.72877    -72.21
2014.73151    -72.23
2014.73425    -72.26
2014.73699    -72.29
2014.73973    -72.32
2014.74247    -72.35
2014.74521    -72.38
2014.74795    -72.41
2014.75068    -72.44
2014.75342    -72.47
2014.75616    -72.50
2014.75890    -72.53
2014.76164    -72.57
2014.76438    -72.60
2014.76712    -72.63
2014.76986    -72.67
2014.77260    -72.70
2014.77534    -72.74
2014.77808    -72.77
2014.78082    -72.81
2014.78356    -72.84
2014.78630    -72.88
2014.78904    -72.92
2014.79178    -72.95
2014.79452    -72.99
2014.79726    -73.03
2014.80000    -73.07
2014.80274    -73.11
2014.80548    -73.15
2014.80822    -73.19
2014.81096    -73.23
2014.81370    -73.27
2014.81644    -73.31
2014.81918    -73.35
2014.82192    -73.39
2014.82466    -73.43
2014.82740    -73.47
2014.83014    -73.52
2014.83288    -73.56
2014.83562    -73.60
2014.83836    -73.64
2014.84110    -73.69
2014.84384    -73.73
2014.84658    -73.77
2014.84932    -73.82
2014.85479    -73.91
2014.85753    -73.95
2014.86027    -73.99
2014.86301    -74.04
2014.86575    -74.08
2014.86849    -74.13
2014.87123    -74.17
2014.87397    -74.22
2014.87671    -74.26
2014.87945    -74.31
2014.88219    -74.35
2014.88493    -74.40
2014.88767    -74.44
2014.89041    -74.49
2014.89315    -74.54
2014.89589    -74.58
2014.89863    -74.63
2014.90137    -74.67
2014.90411    -74.72
2014.90685    -74.76
2014.90959    -74.81
2014.91233    -74.85
2014.91507    -74.90
2014.91781    -74.95
2014.92055    -74.99
2014.92329    -75.04
2014.92603    -75.08
2014.92877    -75.13
2014.93151    -75.17
2014.93425    -75.22
2014.93699    -75.26
2014.93973    -75.31
2014.94247    -75.36
2014.94521    -75.40
2014.94795    -75.45
2014.95068    -75.49
2014.95342    -75.54
2014.95616    -75.58
2014.95890    -75.63
2014.96164    -75.67
2014.96438    -75.72
2014.96712    -75.76
2014.96986    -75.81
2014.97260    -75.85
2014.97534    -75.90
2014.97808    -75.94
2014.98082    -75.99
2014.98356    -76.04
2014.98630    -76.08
2014.98904    -76.13
2014.99178    -76.17
2014.99452    -76.22
2014.99726    -76.26
2015.00000    -76.31
2015.00274    -76.36
2015.00548    -76.40
2015.00822    -76.45
2015.01096    -76.49
2015.01370    -76.54
2015.01644    -76.59
2015.01918    -76.63
2015.02192    -76.68
2015.02466    -76.73
2015.02740    -76.78
2015.03288    -76.87
2015.03562    -76.92
2015.03836    -76.97
2015.04110    -77.02
2015.04384    -77.06
2015.04658    -77.11
2015.04932    -77.16
2015.05205    -77.21
2015.05479    -77.26
2015.05753    -77.31
2015.06027    -77.36
2015.06301    -77.41
2015.06575    -77.47
2015.06849    -77.52
2015.07123    -77.57
2015.07397    -77.62
2015.07671    -77.68
2015.07945    -77.73
2015.08219    -77.78
2015.08493    -77.84
2015.08767    -77.89
2015.09041    -77.95
2015.09315    -78.00
2015.09589    -78.06
2015.09863    -78.12
2015.10137    -78.17
2015.10411    -78.23
2015.10685    -78.29
2015.10959    -78.35
2015.11233    -78.41
2015.11507    -78.47
2015.11781    -78.53
2015.12055    -78.59
2015.12329    -78.65
2015.12603    -78.72
2015.12877    -78.78
2015.13151    -78.84
2015.13425    -78.91
2015.13699    -78.97
2015.13973    -79.04
2015.14247    -79.11
2015.14521    -79.17
2015.14795    -79.24
2015.15068    -79.31
2015.15342    -79.38
2015.15616    -79.45
2015.15890    -79.52
2015.16164    -79.59
2015.16438    -79.66
2015.16712    -79.73
2015.16986    -79.80
2015.17260    -79.88
2015.17534    -79.95
2015.17808    -80.03
2015.18082    -80.10
2015.18356    -80.18
2015.18630    -80.26
2015.18904    -80.33
2015.19178    -80.41
2015.19452    -80.49
2015.19726    -80.57
2015.20000    -80.65
2015.20274    -80.73
2015.20548    -80.81
2015.20822    -80.89
2015.21096    -80.97
2015.21370    -81.05
2015.21644    -81.14
2015.21918    -81.22
2015.22192    -81.31
2015.22466    -81.39
2015.22740    -81.47
2015.23014    -81.56
2015.23288    -81.65
2015.23562    -81.73
2015.23836    -81.82
2015.24110    -81.91
2015.24384    -81.99
2015.24658    -82.08
2015.24932    -82.17
2015.25205    -82.26
2015.25479    -82.34
2015.25753    -82.43
2015.26027    -82.52
2015.26301    -82.61
2015.26575    -82.70
2015.26849    -82.79
2015.27123    -82.88
2015.27397    -82.97
2015.27671    -83.06
2015.27945    -83.15
2015.28219    -83.24
2015.28493    -83.33
2015.28767    -83.42
2015.29041    -83.51
2015.29315    -83.60
2015.29589    -83.69
2015.29863    -83.78
2015.30137    -83.87
2015.30411    -83.96
2015.30685    -84.05
2015.30959    -84.14
2015.31233    -84.23
2015.31507    -84.32
2015.31781    -84.41
2015.32055    -84.50
2015.32329    -84.59
2015.32603    -84.67
2015.32877    -84.76
2015.33151    -84.85
2015.33425    -84.94
2015.33699    -85.02
2015.33973    -85.11
2015.34247    -85.19
2015.34521    -85.28
2015.34795    -85.36
2015.35068    -85.45
2015.35342    -85.53
2015.35616    -85.61
2015.35890    -85.69
2015.36164    -85.78
2015.36438    -85.86
2015.36712    -85.94
2015.36986    -86.02
2015.37260    -86.09
2015.37534    -86.17
2015.37808    -86.25
2015.38082    -86.33
2015.38356    -86.40
2015.38630    -86.48
2015.38904    -86.55
2015.39178    -86.62
2015.39452    -86.70
2015.39726    -86.77
2015.40000    -86.84
2015.40274    -86.91
2015.40548    -86.98
2015.40822    -87.04
2015.41096    -87.11
2015.41370    -87.18
2015.41644    -87.24
2015.41918    -87.31
2015.42192    -87.37
2015.42466    -87.43
2015.42740    -87.49
2015.43014    -87.55
2015.43288    -87.61
2015.43562    -87.67
2015.43836    -87.73
2015.44110    -87.78
2015.44384    -87.84
2015.44658    -87.89
2015.44932    -87.95
2015.45205    -88.00
2015.45479    -88.05
2015.45753    -88.10
2015.46027    -88.15
2015.46301    -88.20
2015.46575    -88.24
2015.46849    -88.29
2015.47123    -88.34
2015.47397    -88.38
2015.47671    -88.42
2015.47945    -88.47
2015.48219    -88.51
2015.48493    -88.55
2015.48767    -88.59
2015.49041    -88.62
2015.49315    -88.66
2015.49589    -88.70
2015.49863    -88.73
2015.50137    -88.77
2015.50411    -88.80
2015.50685    -88.84
2015.50959    -88.87
2015.51233    -88.90
2015.51507    -88.93
2015.51781    -88.96
2015.52055    -88.99
2015.52329    -89.02
2015.52603    -89.04
2015.52877    -89.07
2015.53151    -89.09
2015.53699    -89.14
2015.53973    -89.17
2015.54247    -89.19
2015.54521    -89.21
2015.54795    -89.24
2015.55068    -89.26
2015.55342    -89.28
2015.55616    -89.30
2015.55890    -89.32
2015.56164    -89.34
2015.56438    -89.36
2015.56712    -89.37
2015.56986    -89.39
2015.57260    -89.41
2015.57534    -89.43
2015.57808    -89.44
2015.58082    -89.46
2015.58356    -89.47
2015.58630    -89.49
2015.58904    -89.51
2015.59178    -89.52
2015.59452    -89.54
2015.59726    -89.55
2015.60000    -89.57
2015.60274    -89.58
2015.60548    -89.59
2015.60822    -89.61
2015.61096    -89.62
2015.61370    -89.64
2015.61644    -89.65
2015.61918    -89.67
2015.62192    -89.68
2015.62466    -89.69
2015.62740    -89.71
2015.63014    -89.72
2015.63288    -89.74
2015.63562    -89.75
2015.63836    -89.76
2015.64110    -89.78
2015.64384    -89.79
2015.64658    -89.81
2015.64932    -89.82
2015.65205    -89.84
2015.65479    -89.86
2015.65753    -89.87
2015.66027    -89.89
2015.66301    -89.90
2015.66575    -89.92
2015.66849    -89.94
2015.67123    -89.96
2015.67397    -89.97
2015.67671    -89.99
2015.67945    -90.01
2015.68219    -90.03
2015.68493    -90.05
2015.68767    -90.07
2015.69041    -90.09
2015.69315    -90.11
2015.69589    -90.13
2015.69863    -90.15
2015.70137    -90.17
2015.70411    -90.20
2015.70685    -90.22
2015.70959    -90.24
2015.71233    -90.27
2015.71507    -90.29
2015.71781    -90.31
2015.72055    -90.34
2015.72329    -90.36
2015.72603    -90.39
2015.72877    -90.42
2015.73151    -90.44
2015.73425    -90.47
2015.73699    -90.50
2015.73973    -90.53
2015.74247    -90.56
2015.74521    -90.59
2015.74795    -90.62
2015.75068    -90.65
2015.75342    -90.68
2015.75616    -90.71
2015.75890    -90.74
2015.76164    -90.78
2015.76438    -90.81
2015.76712    -90.84
2015.76986    -90.88
2015.77260    -90.91
2015.77534    -90.95
2015.77808    -90.98
2015.78082    -91.02
2015.78356    -91.05
2015.78630    -91.09
2015.78904    -91.13
2015.79178    -91.17
2015.79452    -91.20
2015.79726    -91.24
2015.80000    -91.28
2015.80274    -91.32
2015.80548    -91.36
2015.80822    -91.40
2015.81096    -91.44
2015.81370    -91.48
2015.81644    -91.52
2015.81918    -91.56
2015.82192    -91.60
2015.82466    -91.64
2015.82740    -91.69
2015.83288    -91.77
2015.83562    -91.81
2015.83836    -91.86
2015.84110    -91.90
2015.84384    -91.94
2015.84658    -91.99
2015.84932    -92.03
2015.85205    -92.07
2015.85479    -92.12
2015.85753    -92.16
2015.86027    -92.21
2015.86301    -92.25
2015.86575    -92.30
2015.86849    -92.34
2015.87123    -92.38
2015.87397    -92.43
2015.87671    -92.47
2015.87945    -92.52
2015.88219    -92.57
2015.88493    -92.61
2015.88767    -92.66
2015.89041    -92.70
2015.89315    -92.75
2015.89589    -92.79
2015.89863    -92.84
2015.90137    -92.88
2015.90411    -92.93
2015.90685    -92.97
2015.90959    -93.02
2015.91233    -93.07
2015.91507    -93.11
2015.91781    -93.16
2015.92055    -93.20
2015.92329    -93.25
2015.92603    -93.29
2015.92877    -93.34
2015.93151    -93.38
2015.93425    -93.43
2015.93699    -93.48
2015.93973    -93.52
2015.94247    -93.57
2015.94795    -93.66
2015.95068    -93.70
2015.95342    -93.75
2015.95616    -93.79
2015.95890    -93.84
2015.96164    -93.88
2015.96438    -93.93
2015.96712    -93.97
2015.96986    -94.02
2015.97260    -94.06
2015.97534    -94.11
2015.97808    -94.16
2015.98082    -94.20
2015.98356    -94.25
2015.98630    -94.29
2015.98904    -94.34
2015.99178    -94.38
2015.99452    -94.43
2015.99726    -94.47
2016.00000    -94.52
2016.00273    -94.57
2016.00546    -94.61
2016.00820    -94.66
2016.01093    -94.70
2016.01366    -94.75
2016.01639    -94.80
2016.01913    -94.84
2016.02186    -94.89
2016.02459    -94.94
2016.02732    -94.99
2016.03005    -95.03
2016.03279    -95.08
2016.03552    -95.13
2016.03825    -95.18
2016.04098    -95.22
2016.04372    -95.27
2016.04645    -95.32
2016.04918    -95.37
2016.05191    -95.42
2016.05464    -95.47
2016.05738    -95.52
2016.06011    -95.57
2016.06284    -95.62
2016.06557    -95.67
2016.06831    -95.73
2016.07104    -95.78
2016.07377    -95.83
2016.07650    -95.88
2016.07923    -95.94
2016.08197    -95.99
2016.08470    -96.04
2016.08743    -96.10
2016.09016    -96.15
2016.09290    -96.21
2016.09563    -96.27
2016.10383   -104.12
2016.10656   -105.65
2016.10929   -106.84
2016.11202   -107.83
2016.11475   -108.67
2016.12022   -110.06
2016.12295   -110.64
2016.12568   -111.18
2016.12842   -111.68
2016.13115   -112.14
2016.13388   -112.57
2016.13661   -112.98
2016.13934   -113.36
2016.14208   -113.72
2016.14481   -114.07
2016.14754   -114.40
2016.15027   -114.72
2016.15301   -115.02
2016.15574   -115.32
2016.15847   -115.60
2016.16120   -115.87
2016.16393   -116.14
2016.16667   -116.40
2016.16940   -116.65
2016.17213   -116.90
2016.17486   -117.14
2016.17760   -117.37
2016.18033   -117.60
2016.18306   -117.82
2016.18579   -118.04
2016.18852   -118.26
2016.19126   -118.47
2016.19399   -118.68
2016.19672   -118.88
2016.19945   -119.08
2016.20219   -119.28
2016.20492   -119.48
2016.20765   -119.67
2016.21038   -119.86
2016.21311   -120.05
2016.21585   -120.23
2016.21858   -120.42
2016.22131   -120.60
2016.22404   -120.78
2016.22678   -120.95
2016.22951   -121.13
2016.23224   -121.30
2016.23497   -121.48
2016.23770   -121.65
2016.24044   -121.82
2016.24317   -121.98
2016.24590   -122.15
2016.24863   -122.31
2016.25137   -122.48
2016.25683   -122.80
2016.25956   -122.96
2016.26230   -123.12
2016.26503   -123.28
2016.26776   -123.43
2016.27049   -123.59
2016.27322   -123.74
2016.27596   -123.90
2016.27869   -124.05
2016.28142   -124.20
2016.28415   -124.35
2016.28689   -124.50
2016.28962   -124.64
2016.29235   -124.79
2016.29508   -124.94
2016.29781   -125.08
2016.30055   -125.22
2016.30328   -125.37
2016.30601   -125.51
2016.30874   -125.65
2016.31148   -125.79
2016.31421   -125.93
2016.31694   -126.06
2016.31967   -126.20
2016.32240   -126.33
2016.32514   -126.47
2016.32787   -126.60
2016.33060   -126.73
2016.33333   -126.86
2016.33607   -126.99
2016.33880   -127.12
2016.34153   -127.25
2016.34426   -127.37
2016.34699   -127.50
2016.34973   -127.62
2016.35246   -127.75
2016.35519   -127.87
2016.35792   -127.99
2016.36066   -128.11
2016.36339   -128.22
2016.36612   -128.34
2016.36885   -128.46
2016.37158   -128.57
2016.37432   -128.68
2016.37705   -128.80
2016.37978   -128.91
2016.38251   -129.02
2016.38525   -129.12
2016.38798   -129.23
2016.39071   -129.34
2016.39344   -129.44
2016.39617   -129.54
2016.39891   -129.65
2016.40164   -129.75
2016.40437   -129.85
2016.40710   -129.94
2016.40984   -130.04
2016.41257   -130.14
2016.41530   -130.23
2016.41803   -130.32
2016.42077   -130.41
2016.42350   -130.50
2016.42623   -130.59
2016.42896   -130.68
2016.43169   -130.76
2016.43443   -130.85
2016.43716   -130.93
2016.43989   -131.01
2016.44262   -131.10
2016.44536   -131.17
2016.44809   -131.25
2016.45082   -131.33
2016.45355   -131.40
2016.45628   -131.48
2016.45902   -131.55
2016.46175   -131.62
2016.46448   -131.69
2016.46721   -131.76
2016.46995   -131.83
2016.47268   -131.90
2016.47541   -131.96
2016.47814   -132.02
2016.48087   -132.09
2016.48361   -132.15
2016.48634   -132.21
2016.48907   -132.27
2016.49180   -132.32
2016.49454   -132.38
2016.49727   -132.44
2016.50000   -132.49
2016.50273   -132.54
2016.50546   -132.60
2016.50820   -132.65
2016.51093   -132.70
2016.51366   -132.75
2016.51639   -132.79
2016.51913   -132.84
2016.52186   -132.89
2016.52459   -132.93
2016.52732   -132.97
2016.53005   -133.02
2016.53279   -133.06
2016.53552   -133.10
2016.53825   -133.14
2016.54098   -133.18
2016.54372   -133.22
2016.54645   -133.26
2016.54918   -133.29
2016.55191   -133.33
2016.55464   -133.37
2016.55738   -133.40
2016.56011   -133.43
2016.56284   -133.47
2016.56557   -133.50
2016.56831   -133.53
2016.57104   -133.56
2016.57377   -133.60
2016.57650   -133.63
2016.57923   -133.66
2016.58197   -133.69
2016.58470   -133.72
2016.58743   -133.74
2016.59016   -133.77
2016.59290   -133.80
2016.59563   -133.83
2016.59836   -133.85
2016.60109   -133.88
2016.60383   -133.91
2016.60656   -133.93
2016.60929   -133.96
2016.61202   -133.99
2016.61475   -134.01
2016.61749   -134.04
2016.62022   -134.06
2016.62295   -134.09
2016.62568   -134.11
2016.62842   -134.14
2016.63115   -134.16
2016.63388   -134.19
2016.63661   -134.21
2016.63934   -134.24
2016.64208   -134.26
2016.64481   -134.29
2016.64754   -134.31
2016.65027   -134.34
2016.65301   -134.36
2016.65574   -134.39
2016.65847   -134.41
2016.66120   -134.44
2016.66393   -134.46
2016.66667   -134.49
2016.66940   -134.52
2016.67213   -134.54
2016.67486   -134.57
2016.67760   -134.59
2016.68033   -134.62
2016.68306   -134.65
2016.68579   -134.68
2016.68852   -134.70
2016.69126   -134.73
2016.69399   -134.76
2016.69672   -134.79
2016.69945   -134.82
2016.70219   -134.85
2016.70492   -134.88
2016.71585   -135.00
2016.71858   -135.03
2016.72131   -135.07
2016.72404   -135.10
2016.72678   -135.13
2016.72951   -135.16
2016.73224   -135.20
2016.73497   -135.23
2016.73770   -135.27
2016.74044   -135.30
2016.74317   -135.34
2016.74590   -135.37
2016.74863   -135.41
2016.75137   -135.45
2016.75410   -135.48
2016.75683   -135.52
2016.75956   -135.56
2016.76230   -135.60
2016.76503   -135.63
2016.76776   -135.67
2016.77049   -135.71
2016.77322   -135.75
2016.77596   -135.79
2016.77869   -135.83
2016.78142   -135.87
2016.78415   -135.91
2016.78689   -135.96
2016.78962   -136.00
2016.79235   -136.04
2016.79508   -136.08
2016.79781   -136.12
2016.80328   -136.21
2016.80601   -136.25
2016.80874   -136.30
2016.81148   -136.34
2016.81421   -136.39
2016.81694   -136.43
2016.81967   -136.48
2016.82240   -136.52
2016.82514   -136.57
2016.82787   -136.61
2016.83060   -136.66
2016.83333   -136.70
2016.83607   -136.75
2016.83880   -136.79
2016.84153   -136.84
2016.84426   -136.89
2016.84699   -136.93
2016.84973   -136.98
2016.85246   -137.03
2016.85519   -137.07
2016.85792   -137.12
2016.86066   -137.17
2016.86339   -137.21
2016.86612   -137.26
2016.86885   -137.31
2016.87158   -137.36
2016.87432   -137.40
2016.87705   -137.45
2016.87978   -137.50
2016.88251   -137.55
2016.88525   -137.59
2016.88798   -137.64
2016.89071   -137.69
2016.89344   -137.74
2016.89617   -137.78
2016.89891   -137.83
2016.90164   -137.88
2016.90437   -137.92
2016.90710   -137.97
2016.90984   -138.02
2016.91257   -138.07
2016.91530   -138.11
2016.91803   -138.16
2016.92077   -138.21
2016.92350   -138.25
2016.92623   -138.30
2016.92896   -138.35
2016.93169   -138.39
2016.93443   -138.44
2016.93716   -138.49
2016.93989   -138.53
2016.94262   -138.58
2016.94536   -138.62
2016.94809   -138.67
2016.95082   -138.72
2016.95355   -138.76
2016.95628   -138.81
2016.95902   -138.85
2016.96175   -138.90
2016.96448   -138.95
2016.96721   -138.99
2016.96995   -139.04
2016.97268   -139.08
2016.97541   -139.13
2016.97814   -139.17
2016.98087   -139.22
2016.98361   -139.26
2016.98634   -139.31
2016.98907   -139.36
2016.99180   -139.40
2016.99454   -139.45
2016.99727   -139.49
2017.00000   -139.54
2017.00274   -139.58
2017.00548   -139.63
2017.00822   -139.68
2017.01096   -139.72
2017.01370   -139.77
2017.01644   -139.81
2017.01918   -139.86
2017.02192   -139.91
2017.02466   -139.95
2017.02740   -140.00
2017.03014   -140.05
2017.03288   -140.09
2017.03562   -140.14
2017.03836   -140.19
2017.04110   -140.24
2017.04384   -140.29
2017.04658   -140.33
2017.04932   -140.38
2017.05205   -140.43
2017.05479   -140.48
2017.05753   -140.53
2017.06027   -140.58
2017.06301   -140.63
2017.06575   -140.68
2017.06849   -140.73
2017.07123   -140.78
2017.07397   -140.83
2017.07671   -140.88
2017.07945   -140.94
2017.08219   -140.99
2017.08493   -141.04
2017.08767   -141.09
2017.09041   -141.15
2017.09589   -141.26
2017.09863   -141.31
2017.10137   -141.37
2017.10411   -141.42
2017.10685   -141.48
2017.10959   -141.54
2017.11233   -141.60
2017.11507   -141.65
2017.11781   -141.71
2017.12055   -141.77
2017.12329   -141.83
2017.12603   -141.89
2017.12877   -141.96
2017.13151   -142.02
2017.13425   -142.08
2017.13699   -142.14
2017.13973   -142.21
2017.14247   -142.27
2017.14521   -142.33
2017.14795   -142.40
2017.15068   -142.47
2017.15616   -142.60
2017.15890   -142.67
2017.16164   -142.74
2017.16438   -142.80
2017.16712   -142.87
2017.16986   -142.94
2017.17260   -143.02
2017.17534   -143.09
2017.17808   -143.16
2017.18082   -143.23
2017.18356   -143.31
2017.18630   -143.38
2017.18904   -143.45
2017.19178   -143.53
2017.19452   -143.60
2017.19726   -143.68
2017.20000   -143.76
2017.20274   -143.83
2017.20548   -143.91
2017.20822   -143.99
2017.21096   -144.07
2017.21370   -144.15
2017.21644   -144.23
2017.21918   -144.31
2017.22192   -144.39
2017.22466   -144.47
2017.22740   -144.55
2017.23014   -144.63
2017.23288   -144.72
2017.23562   -144.80
2017.23836   -144.88
2017.24110   -144.97
2017.24384   -145.05
2017.24658   -145.13
2017.24932   -145.22
2017.25205   -145.30
2017.25479   -145.39
2017.25753   -145.47
2017.26027   -145.56
2017.26301   -145.65
2017.26575   -145.73
2017.26849   -145.82
2017.27123   -145.90
2017.27397   -145.99
2017.27671   -146.08
2017.27945   -146.16
2017.28219   -146.25
2017.28493   -146.33
2017.28767   -146.42
2017.29041   -146.51
2017.29315   -146.59
2017.29589   -146.68
2017.29863   -146.77
2017.30137   -146.85
2017.30411   -146.94
2017.30685   -147.02
2017.30959   -147.11
2017.31233   -147.19
2017.31507   -147.28
2017.31781   -147.36
2017.32055   -147.45
2017.32329   -147.53
2017.32603   -147.62
2017.32877   -147.70
2017.33151   -147.78
2017.33425   -147.86
2017.33699   -147.95
2017.33973   -148.03
2017.34247   -148.11
2017.34521   -148.19
2017.34795   -148.27
2017.35068   -148.35
2017.35342   -148.43
2017.35616   -148.51
2017.35890   -148.58
2017.36164   -148.66
2017.36438   -148.74
2017.36712   -148.81
2017.36986   -148.89
2017.37260   -148.96
2017.37534   -149.03
2017.37808   -149.11
2017.38082   -149.18
2017.38356   -149.25
2017.38630   -149.32
2017.38904   -149.39
2017.39178   -149.46
2017.39452   -149.52
2017.39726   -149.59
2017.40000   -149.66
2017.40274   -149.72
2017.40548   -149.78
2017.40822   -149.85
2017.41096   -149.91
2017.41370   -149.97
2017.41644   -150.03
2017.41918   -150.09
2017.42192   -150.15
2017.42466   -150.21
2017.42740   -150.26
2017.43014   -150.32
2017.43288   -150.37
2017.43562   -150.42
2017.43836   -150.48
2017.44110   -150.53
2017.44384   -150.58
2017.44658   -150.63
2017.44932   -150.67
2017.45205   -150.72
2017.45479   -150.77
2017.45753   -150.81
2017.46027   -150.85
2017.46301   -150.90
2017.46575   -150.94
2017.46849   -150.98
2017.47123   -151.02
2017.47397   -151.06
2017.47671   -151.09
2017.47945   -151.13
2017.48219   -151.17
2017.48493   -151.20
2017.48767   -151.24
2017.49041   -151.27
2017.49315   -151.30
2017.49589   -151.33
2017.49863   -151.36
2017.50411   -151.42
2017.50685   -151.44
2017.50959   -151.47
2017.51233   -151.50
2017.51507   -151.52
2017.51781   -151.54
2017.52055   -151.57
2017.52603   -151.61
2017.52877   -151.63
2017.53151   -151.65
2017.53425   -151.67
2017.53699   -151.69
2017.53973   -151.71
2017.54247   -151.72
2017.54521   -151.74
2017.54795   -151.76
2017.55068   -151.77
2017.55616   -151.80
2017.55890   -151.81
2017.56164   -151.83
2017.56438   -151.84
2017.56712   -151.85
2017.56986   -151.86
2017.57260   -151.87
2017.57534   -151.89
2017.57808   -151.90
2017.58082   -151.91
2017.58356   -151.92
2017.58630   -151.93
2017.58904   -151.93
2017.59178   -151.94
2017.59452   -151.95
2017.59726   -151.96
2017.60000   -151.97
2017.60274   -151.98
2017.60548   -151.99
2017.60822   -151.99
2017.61096   -152.00
2017.61370   -152.01
2017.61644   -152.02
2017.61918   -152.02
2017.62466   -152.04
2017.62740   -152.05
2017.63014   -152.05
2017.63288   -152.06
2017.63562   -152.07
2017.63836   -152.08
2017.64110   -152.09
2017.64384   -152.09
2017.64658   -152.10
2017.64932   -152.11
2017.65205   -152.12
2017.65479   -152.13
2017.65753   -152.14
2017.66027   -152.15
2017.66301   -152.16
2017.66575   -152.17
2017.66849   -152.18
2017.67123   -152.19
2017.67397   -152.20
2017.67671   -152.21
2017.67945   -152.22
2017.68219   -152.23
2017.68493   -152.25
2017.68767   -152.26
2017.69041   -152.27
2017.69315   -152.29
2017.69589   -152.30
2017.69863   -152.32
2017.70137   -152.33
2017.70411   -152.35
2017.70685   -152.36
2017.70959   -152.38
2017.71233   -152.39
2017.71507   -152.41
2017.71781   -152.43
2017.72055   -152.45
2017.72329   -152.47
2017.72603   -152.48
2017.72877   -152.50
2017.73151   -152.52
2017.73425   -152.54
2017.73699   -152.57
2017.73973   -152.59
2017.74247   -152.61
2017.74521   -152.63
2017.74795   -152.65
2017.75342   -152.70
2017.75616   -152.73
2017.75890   -152.75
2017.76164   -152.78
2017.76438   -152.80
2017.76712   -152.83
2017.76986   -152.86
2017.77260   -152.88
2017.77808   -152.94
2017.78082   -152.97
2017.78356   -153.00
2017.78630   -153.02
2017.78904   -153.05
2017.79178   -153.08
2017.79452   -153.12
2017.79726   -153.15
2017.80000   -153.18
2017.80274   -153.21
2017.80548   -153.24
2017.80822   -153.27
2017.81096   -153.31
2017.81370   -153.34
2017.81644   -153.37
2017.81918   -153.41
2017.82192   -153.44
2017.82466   -153.47
2017.82740   -153.51
2017.83014   -153.54
2017.83288   -153.58
2017.83562   -153.61
2017.83836   -153.65
2017.84110   -153.68
2017.84384   -153.72
2017.84658   -153.75
2017.84932   -153.79
2017.85205   -153.83
2017.85479   -153.86
2017.85753   -153.90
2017.86301   -153.97
2017.86575   -154.01
2017.86849   -154.05
2017.87123   -154.08
2017.87397   -154.12
2017.87671   -154.16
2017.87945   -154.20
2017.88219   -154.23
2017.88493   -154.27
2017.88767   -154.31
2017.89041   -154.34
2017.89315   -154.38
2017.89589   -154.42
2017.89863   -154.46
2017.90137   -154.50
2017.90411   -154.53
2017.90685   -154.57
2017.90959   -154.61
2017.91233   -154.65
2017.91507   -154.68
2017.91781   -154.72
2017.92055   -154.76
2017.92329   -154.80
2017.92603   -154.83
2017.92877   -154.87
2017.93151   -154.91
2017.93425   -154.95
2017.93699   -154.98
2017.93973   -155.02
2017.94247   -155.06
2017.94521   -155.09
2017.94795   -155.13
2017.95068   -155.17
2017.95342   -155.21
2017.95616   -155.24
2017.95890   -155.28
2017.96164   -155.32
2017.96438   -155.36
2017.96712   -155.39
2017.96986   -155.43
2017.97260   -155.47
2017.97534   -155.50
2017.97808   -155.54
2017.98082   -155.58
2017.98356   -155.62
2017.98630   -155.65
2017.98904   -155.69
2017.99178   -155.73
2017.99452   -155.76
2018.00548   -155.91
2018.00822   -155.95
2018.01096   -155.99
2018.01370   -156.03
2018.01644   -156.07
2018.01918   -156.11
2018.02192   -156.14
2018.02466   -156.18
2018.02740   -156.22
2018.03014   -156.26
2018.03288   -156.30
2018.03562   -156.34
2018.03836   -156.38
2018.04110   -156.42
2018.04384   -156.46
2018.04658   -156.50
2018.04932   -156.54
2018.05205   -156.58
2018.05479   -156.62
2018.05753   -156.67
2018.06027   -156.71
2018.06301   -156.75
2018.06575   -156.79
2018.06849   -156.84
2018.07123   -156.88
2018.07397   -156.92
2018.07671   -156.97
2018.07945   -157.01
2018.08219   -157.06
2018.08493   -157.10
2018.08767   -157.15
2018.09041   -157.20
2018.09315   -157.24
2018.09589   -157.29
2018.09863   -157.34
2018.10137   -157.39
2018.10411   -157.44
2018.10685   -157.49
2018.10959   -157.54
2018.11233   -157.59
2018.11507   -157.64
2018.11781   -157.69
2018.12055   -157.75
2018.12329   -157.80
2018.12603   -157.85
2018.12877   -157.91
2018.13151   -157.96
2018.13425   -158.02
2018.13699   -158.07
2018.13973   -158.13
2018.14247   -158.19
2018.14521   -158.25
2018.14795   -158.31
2018.15068   -158.36
2018.15342   -158.42
2018.15616   -158.49
2018.15890   -158.55
2018.16164   -158.61
