2012.00000    -38.36
2012.00273    -38.40
2012.00546    -38.43
2012.00820    -38.47
2012.01093    -38.50
2012.01366    -38.54
2012.01639    -38.57
2012.01913    -38.61
2012.02186    -38.64
2012.02459    -38.67
2012.02732    -38.71
2012.03005    -38.74
2012.03279    -38.78
2012.03552    -38.81
2012.03825    -38.84
2012.04098    -38.88
2012.04372    -38.91
2012.04645    -38.94
2012.04918    -38.97
2012.05191    -39.00
2012.05464    -39.04
2012.08197    -39.34
2012.08470    -39.37
2012.08743    -39.40
2012.09016    -39.43
2012.09290    -39.45
2012.09563    -39.48
2012.09836    -39.51
2012.10109    -39.54
2012.10383    -39.56
2012.10656    -39.59
2012.10929    -39.62
2012.11202    -39.64
2012.11475    -39.67
2012.11749    -39.70
2012.12022    -39.72
2012.12295    -39.75
2012.12568    -39.77
2012.12842    -39.80
2012.13115    -39.82
2012.13388    -39.85
2012.13661    -39.87
2012.13934    -39.89
2012.14208    -39.92
2012.14481    -39.94
2012.14754    -39.97
2012.16393    -40.10
2012.16667    -40.13
2012.16940    -40.15
2012.17213    -40.17
2012.17486    -40.19
2012.17760    -40.22
2012.18033    -40.24
2012.18306    -40.26
2012.18579    -40.28
2012.18852    -40.30
2012.19126    -40.33
2012.19399    -40.35
2012.19672    -40.37
2012.19945    -40.39
2012.20219    -40.41
2012.20492    -40.44
2012.20765    -40.46
2012.21038    -40.48
2012.21311    -40.50
2012.21585    -40.52
2012.21858    -40.55
2012.22131    -40.57
2012.22404    -40.59
2012.22678    -40.61
2012.22951    -40.64
2012.23224    -40.66
2012.23497    -40.68
2012.23770    -40.71
2012.24044    -40.73
2012.24317    -40.75
2012.24590    -40.78
2012.24863    -40.80
2012.25137    -40.83
2012.25410    -40.85
2012.25683    -40.88
2012.25956    -40.90
2012.26230    -40.93
2012.26503    -40.95
2012.26776    -40.98
2012.27049    -41.00
2012.27322    -41.03
2012.27596    -41.06
2012.27869    -41.08
2012.28142    -41.11
2012.28415    -41.14
2012.28689    -41.17
2012.28962    -41.20
2012.29235    -41.23
2012.29508    -41.26
2012.29781    -41.29
2012.30055    -41.32
2012.30328    -41.35
2012.30601    -41.38
2012.30874    -41.41
2012.31148    -41.44
2012.31421    -41.47
2012.31694    -41.51
2012.31967    -41.54
2012.32240    -41.57
2012.32514    -41.61
2012.32787    -41.64
2012.33060    -41.68
2012.33333    -41.71
2012.33607    -41.75
2012.33880    -41.79
2012.34153    -41.82
2012.34426    -41.86
2012.34699    -41.90
2012.34973    -41.94
2012.35246    -41.98
2012.35519    -42.02
2012.35792    -42.06
2012.36066    -42.10
2012.36339    -42.14
2012.36612    -42.18
2012.36885    -42.22
2012.37158    -42.26
2012.37432    -42.31
2012.37705    -42.35
2012.37978    -42.39
2012.38251    -42.44
2012.38525    -42.48
2012.38798    -42.53
2012.39071    -42.58
2012.39344    -42.62
2012.39617    -42.67
2012.39891    -42.72
2012.40164    -42.76
2012.40437    -42.81
2012.40710    -42.86
2012.40984    -42.91
2012.41257    -42.96
2012.41530    -43.01
2012.41803    -43.06
2012.42077    -43.11
2012.42350    -43.16
2012.42623    -43.21
2012.42896    -43.26
2012.43169    -43.31
2012.43443    -43.37
2012.43716    -43.42
2012.43989    -43.47
2012.44262    -43.52
2012.44536    -43.58
2012.44809    -43.63
2012.45082    -43.68
2012.45355    -43.74
2012.45628    -43.79
2012.45902    -43.85
2012.46175    -43.90
2012.46448    -43.96
2012.46721    -44.01
2012.46995    -44.07
2012.47268    -44.12
2012.47541    -44.18
2012.47814    -44.24
2012.48087    -44.29
2012.48361    -44.35
2012.48634    -44.40
2012.48907    -44.46
2012.49180    -44.52
2012.49454    -44.57
2012.49727    -44.63
2012.50000    -44.69
2012.50273    -44.74
2012.50546    -44.80
2012.50820    -44.86
2012.51093    -44.91
2012.51366    -44.97
2012.51639    -45.03
2012.51913    -45.08
2012.52186    -45.14
2012.52459    -45.20
2012.52732    -45.25
2012.53005    -45.31
2012.53279    -45.36
2012.53552    -45.42
2012.53825    -45.48
2012.54098    -45.53
2012.54372    -45.59
2012.54645    -45.64
2012.54918    -45.70
2012.55191    -45.75
2012.55464    -45.81
2012.55738    -45.86
2012.56011    -45.92
2012.56284    -45.97
2012.56557    -46.02
2012.56831    -46.08
2012.57104    -46.13
2012.57377    -46.18
2012.57650    -46.23
2012.57923    -46.29
2012.58197    -46.34
2012.58470    -46.39
2012.58743    -46.44
2012.59016    -46.49
2012.59290    -46.54
2012.59563    -46.59
2012.59836    -46.64
2012.60109    -46.69
2012.60383    -46.74
2012.60656    -46.79
2012.60929    -46.84
2012.61202    -46.89
2012.61475    -46.94
2012.61749    -46.99
2012.62022    -47.03
2012.62295    -47.08
2012.62568    -47.13
2012.62842    -47.17
2012.63115    -47.22
2012.63388    -47.26
2012.63661    -47.31
2012.63934    -47.35
2012.64208    -47.40
2012.64481    -47.44
2012.64754    -47.49
2012.65027    -47.53
2012.65301    -47.57
2012.65574    -47.62
2012.65847    -47.66
2012.66120    -47.70
2012.66393    -47.74
2012.66667    -47.78
2012.66940    -47.82
2012.67213    -47.86
2012.67486    -47.90
2012.67760    -47.94
2012.68033    -47.98
2012.68306    -48.02
2012.68579    -48.06
2012.68852    -48.10
2012.69399    -48.18
2012.69672    -48.21
2012.69945    -48.25
2012.70219    -48.29
2012.70492    -48.32
2012.70765    -48.36
2012.71038    -48.40
2012.71311    -48.43
2012.71585    -48.47
2012.71858    -48.50
2012.72131    -48.54
2012.72404    -48.57
2012.72678    -48.61
2012.73224    -48.68
2012.73497    -48.71
2012.73770    -48.75
2012.74044    -48.78
2012.74317    -48.82
2012.74590    -48.85
2012.74863    -48.88
2012.75137    -48.92
2012.75410    -48.95
2012.75683    -48.98
2012.75956    -49.02
2012.76230    -49.05
2012.76503    -49.08
2012.76776    -49.11
2012.77049    -49.15
2012.77322    -49.18
2012.77596    -49.21
2012.77869    -49.25
2012.78142    -49.28
2012.78415    -49.31
2012.78689    -49.34
2012.78962    -49.38
2012.79235    -49.41
2012.79508    -49.44
2012.79781    -49.47
2012.80055    -49.51
2012.80328    -49.54
2012.80601    -49.57
2012.80874    -49.60
2012.81148    -49.64
2012.81421    -49.67
2012.81694    -49.70
2012.81967    -49.74
2012.82240    -49.77
2012.82514    -49.80
2012.82787    -49.83
2012.83060    -49.87
2012.83333    -49.90
2012.83607    -49.93
2012.83880    -49.97
2012.84153    -50.00
2012.84426    -50.04
2012.84699    -50.07
2012.84973    -50.10
2012.85246    -50.14
2012.85519    -50.17
2012.85792    -50.21
2012.86066    -50.24
2012.86339    -50.27
2012.86612    -50.31
2012.86885    -50.34
2012.87158    -50.38
2012.87432    -50.41
2012.87705    -50.45
2012.87978    -50.48
2012.88251    -50.52
2012.88525    -50.55
2012.88798    -50.59
2012.89071    -50.62
2012.89344    -50.66
2012.89617    -50.70
2012.89891    -50.73
2012.90164    -50.77
2012.90437    -50.80
2012.90710    -50.84
2012.90984    -50.88
2012.91257    -50.91
2012.91530    -50.95
2012.91803    -50.98
2012.92077    -51.02
2012.92350    -51.06
2012.92623    -51.09
2012.92896    -51.13
2012.93169    -51.17
2012.93443    -51.20
2012.93716    -51.24
2012.93989    -51.28
2012.94262    -51.31
2012.94536    -51.35
2012.94809    -51.39
2012.95082    -51.42
2012.95355    -51.46
2012.95628    -51.50
2012.95902    -51.54
2012.96175    -51.57
2012.96448    -51.61
2012.96721    -51.65
2012.96995    -51.68
2012.97268    -51.72
2012.97541    -51.75
2012.97814    -51.79
2012.98087    -51.83
2012.98361    -51.86
2012.98634    -51.90
2012.98907    -51.94
2012.99180    -51.97
2012.99454    -52.01
2012.99727    -52.04
2013.00000    -52.08
2013.00274    -52.11
2013.00548    -52.15
2013.00822    -52.19
2013.01096    -52.22
2013.01370    -52.26
2013.01644    -52.29
2013.01918    -52.33
2013.02192    -52.36
2013.02466    -52.39
2013.02740    -52.43
2013.03014    -52.46
2013.03288    -52.50
2013.03562    -52.53
2013.03836    -52.56
2013.04110    -52.59
2013.04384    -52.63
2013.04658    -52.66
2013.04932    -52.69
2013.05205    -52.72
2013.05479    -52.76
2013.05753    -52.79
2013.06027    -52.82
2013.06301    -52.85
2013.06575    -52.88
2013.06849    -52.91
2013.07123    -52.94
2013.07397    -52.97
2013.07671    -53.00
2013.07945    -53.03
2013.08219    -53.06
2013.08493    -53.09
2013.08767    -53.12
2013.09041    -53.15
2013.09315    -53.17
2013.09589    -53.20
2013.09863    -53.23
2013.10137    -53.26
2013.10411    -53.29
2013.10685    -53.31
2013.10959    -53.34
2013.11233    -53.37
2013.11507    -53.39
2013.11781    -53.42
2013.12055    -53.44
2013.12329    -53.47
2013.12603    -53.49
2013.12877    -53.52
2013.13151    -53.54
2013.13425    -53.57
2013.13699    -53.59
2013.13973    -53.62
2013.14247    -53.64
2013.14521    -53.66
2013.14795    -53.69
2013.15342    -53.73
2013.15616    -53.76
2013.15890    -53.78
2013.16164    -53.80
2013.16438    -53.83
2013.16712    -53.85
2013.16986    -53.87
2013.17260    -53.89
2013.17534    -53.92
2013.17808    -53.94
2013.18082    -53.96
2013.18356    -53.98
2013.18630    -54.00
2013.18904    -54.03
2013.19178    -54.05
2013.19452    -54.07
2013.19726    -54.09
2013.20000    -54.12
2013.20274    -54.14
2013.20548    -54.16
2013.20822    -54.18
2013.21096    -54.20
2013.21370    -54.23
2013.21644    -54.25
2013.21918    -54.27
2013.22192    -54.29
2013.22466    -54.32
2013.22740    -54.34
2013.23014    -54.36
2013.23288    -54.38
2013.23562    -54.41
2013.23836    -54.43
2013.24110    -54.45
2013.24384    -54.48
2013.24658    -54.50
2013.24932    -54.53
2013.25205    -54.55
2013.25479    -54.58
2013.25753    -54.60
2013.26027    -54.63
2013.26301    -54.65
2013.26575    -54.68
2013.26849    -54.70
2013.27123    -54.73
2013.27397    -54.76
2013.27671    -54.78
2013.27945    -54.81
2013.28219    -54.84
2013.28493    -54.87
2013.28767    -54.90
2013.29041    -54.92
2013.29315    -54.95
2013.29589    -54.98
2013.29863    -55.01
2013.30137    -55.04
2013.30411    -55.07
2013.30685    -55.11
2013.31233    -55.17
2013.31507    -55.20
2013.31781    -55.24
2013.32055    -55.27
2013.32329    -55.30
2013.32603    -55.34
2013.32877    -55.37
2013.33151    -55.41
2013.33425    -55.44
2013.33699    -55.48
2013.33973    -55.52
2013.34247    -55.55
2013.34521    -55.59
2013.34795    -55.63
2013.35068    -55.67
2013.35342    -55.71
2013.35616    -55.75
2013.35890    -55.79
2013.36164    -55.83
2013.36438    -55.87
2013.36712    -55.91
2013.36986    -55.96
2013.37260    -56.00
2013.37534    -56.04
2013.37808    -56.09
2013.38082    -56.13
2013.38630    -56.22
2013.38904    -56.27
2013.39178    -56.31
2013.39452    -56.36
2013.39726    -56.41
2013.40000    -56.45
2013.40274    -56.50
2013.40548    -56.55
2013.40822    -56.60
2013.41096    -56.65
2013.41370    -56.70
2013.41644    -56.75
2013.41918    -56.80
2013.42192    -56.85
2013.42466    -56.90
2013.42740    -56.95
2013.43014    -57.00
2013.43288    -57.05
2013.43562    -57.11
2013.43836    -57.16
2013.44110    -57.21
2013.44384    -57.27
2013.44658    -57.32
2013.44932    -57.37
2013.45205    -57.43
2013.45479    -57.48
2013.45753    -57.54
2013.46301    -57.65
2013.46575    -57.70
2013.47397    -57.87
2013.47671    -57.93
2013.47945    -57.98
2013.48219    -58.04
2013.48493    -58.09
2013.48767    -58.15
2013.49041    -58.21
2013.49315    -58.26
2013.49589    -58.32
2013.49863    -58.38
2013.50137    -58.43
2013.50411    -58.49
2013.50685    -58.55
2013.50959    -58.60
2013.51233    -58.66
2013.51507    -58.72
2013.51781    -58.77
2013.52055    -58.83
2013.52329    -58.89
2013.52603    -58.94
2013.52877    -59.00
2013.53151    -59.06
2013.53425    -59.11
2013.53699    -59.17
2013.53973    -59.22
2013.54247    -59.28
2013.54521    -59.34
2013.54795    -59.39
2013.55342    -59.50
2013.55616    -59.56
2013.55890    -59.61
2013.56164    -59.66
2013.56438    -59.72
2013.56712    -59.77
2013.56986    -59.82
2013.57260    -59.88
2013.57534    -59.93
2013.57808    -59.98
2013.58082    -60.04
2013.58356    -60.09
2013.58630    -60.14
2013.58904    -60.19
2013.59178    -60.24
2013.59452    -60.29
2013.59726    -60.34
2013.60274    -60.44
2013.60548    -60.49
2013.60822    -60.54
2013.61096    -60.59
2013.61370    -60.64
2013.61644    -60.69
2013.61918    -60.73
2013.62192    -60.78
2013.62466    -60.83
2013.62740    -60.87
2013.63014    -60.92
2013.63562    -61.01
2013.63836    -61.06
2013.64110    -61.10
2013.64384    -61.15
2013.64658    -61.19
2013.65753    -61.36
2013.66027    -61.40
2013.66301    -61.45
2013.66575    -61.49
2013.66849    -61.53
2013.67123    -61.57
2013.67671    -61.65
2013.68219    -61.73
2013.68493    -61.77
2013.68767    -61.81
2013.69041    -61.84
2013.69315    -61.88
2013.69589    -61.92
2013.69863    -61.96
2013.70137    -61.99
2013.70959    -62.10
2013.71233    -62.14
2013.71507    -62.18
2013.71781    -62.21
2013.72055    -62.25
2013.72329    -62.28
2013.72603    -62.32
2013.72877    -62.35
2013.73151    -62.39
2013.73425    -62.42
2013.73699    -62.46
2013.74247    -62.53
2013.74521    -62.56
2013.74795    -62.59
2013.75342    -62.66
2013.75616    -62.69
2013.75890    -62.73
2013.76164    -62.76
2013.76438    -62.79
2013.76712    -62.83
2013.76986    -62.86
2013.77260    -62.89
2013.77534    -62.92
2013.77808    -62.96
2013.78356    -63.02
2013.78630    -63.06
2013.78904    -63.09
2013.79178    -63.12
2013.79452    -63.15
2013.79726    -63.19
2013.80000    -63.22
2013.80274    -63.25
2013.80548    -63.28
2013.80822    -63.32
2013.81096    -63.35
2013.81370    -63.38
2013.81644    -63.42
2013.81918    -63.45
2013.82192    -63.48
2013.82466    -63.51
2013.82740    -63.55
2013.83014    -63.58
2013.83288    -63.61
2013.83562    -63.65
2013.83836    -63.68
2013.84110    -63.71
2013.84384    -63.75
2013.84658    -63.78
2013.84932    -63.82
2013.85205    -63.85
2013.85479    -63.88
2013.85753    -63.92
2013.86027    -63.95
2013.86301    -63.99
2013.86575    -64.02
2013.86849    -64.06
2013.87123    -64.09
2013.87397    -64.13
2013.87671    -64.16
2013.87945    -64.20
2013.88219    -64.23
2013.88493    -64.27
2013.88767    -64.30
2013.89041    -64.34
2013.89315    -64.37
2013.89589    -64.41
2013.89863    -64.45
2013.90137    -64.48
2013.90411    -64.52
2013.90685    -64.55
2013.90959    -64.59
2013.91233    -64.63
2013.91507    -64.66
2013.91781    -64.70
2013.92055    -64.74
2013.92329    -64.77
2013.92603    -64.81
2013.92877    -64.85
2013.93151    -64.88
2013.93425    -64.92
2013.93699    -64.96
2013.93973    -64.99
2013.94247    -65.03
2013.94521    -65.07
2013.94795    -65.10
2013.95068    -65.14
2013.95342    -65.18
2013.95616    -65.21
2013.95890    -65.25
2013.96164    -65.29
2013.96438    -65.33
2013.96712    -65.36
2013.96986    -65.40
2013.97260    -65.44
2013.97534    -65.47
2013.97808    -65.51
2013.98082    -65.55
2013.98356    -65.58
2013.98630    -65.62
2013.98904    -65.65
2013.99178    -65.69
2013.99452    -65.73
2013.99726    -65.76
2014.00000    -65.80
2014.00274    -65.83
2014.00548    -65.87
2014.00822    -65.90
2014.01096    -65.94
2014.01370    -65.97
2014.01644    -66.01
2014.01918    -66.04
2014.02192    -66.08
2014.02466    -66.11
2014.02740    -66.15
2014.03014    -66.18
2014.03288    -66.21
2014.03562    -66.25
2014.03836    -66.28
2014.04110    -66.31
2014.04384    -66.35
2014.04658    -66.38
2014.04932    -66.41
2014.05205    -66.44
2014.05479    -66.47
2014.05753    -66.51
2014.06027    -66.54
2014.06301    -66.57
2014.06575    -66.60
2014.06849    -66.63
2014.07123    -66.66
2014.07671    -66.72
2014.07945    -66.75
2014.08219    -66.78
2014.08493    -66.81
2014.08767    -66.84
2014.09041    -66.87
2014.09315    -66.89
2014.09589    -66.92
2014.09863    -66.95
2014.10137    -66.98
2014.10411    -67.00
2014.10685    -67.03
2014.10959    -67.06
2014.11233    -67.08
2014.11507    -67.11
2014.11781    -67.14
2014.12055    -67.16
2014.12329    -67.19
2014.12603    -67.21
2014.12877    -67.24
2014.13151    -67.26
2014.13425    -67.29
2014.13699    -67.31
2014.13973    -67.34
2014.14247    -67.36
2014.14521    -67.38
2014.14795    -67.41
2014.15068    -67.43
2014.15342    -67.45
2014.15616    -67.48
2014.15890    -67.50
2014.16164    -67.52
2014.16438    -67.54
2014.16712    -67.57
2014.17260    -67.61
2014.17534    -67.63
2014.17808    -67.66
2014.18082    -67.68
2014.18356    -67.70
2014.18630    -67.72
2014.18904    -67.75
2014.19178    -67.77
2014.19452    -67.79
2014.19726    -67.81
2014.20000    -67.83
2014.20274    -67.86
2014.20548    -67.88
2014.20822    -67.90
2014.21096    -67.92
2014.21370    -67.94
2014.21644    -67.97
2014.21918    -67.99
2014.22192    -68.01
2014.22466    -68.03
2014.22740    -68.06
2014.23014    -68.08
2014.23288    -68.10
2014.23562    -68.13
2014.23836    -68.15
2014.24110    -68.17
2014.24384    -68.20
2014.24658    -68.22
2014.24932    -68.24
2014.25205    -68.27
2014.25479    -68.29
2014.26027    -68.34
2014.26301    -68.37
2014.26575    -68.40
2014.26849    -68.42
2014.27123    -68.45
2014.27397    -68.47
2014.27671    -68.50
2014.27945    -68.53
2014.28219    -68.56
2014.28493    -68.58
2014.28767    -68.61
2014.29041    -68.64
2014.29315    -68.67
2014.29589    -68.70
2014.30411    -68.79
2014.30685    -68.82
2014.30959    -68.86
2014.31233    -68.89
2014.31507    -68.92
2014.31781    -68.95
2014.32055    -68.99
2014.32329    -69.02
2014.32603    -69.06
2014.32877    -69.09
2014.33151    -69.13
2014.33425    -69.16
2014.33699    -69.20
2014.33973    -69.24
2014.34247    -69.27
2014.34521    -69.31
2014.34795    -69.35
2014.35068    -69.39
2014.35342    -69.43
2014.35616    -69.47
2014.35890    -69.51
2014.36164    -69.55
2014.36438    -69.59
2014.36712    -69.63
2014.36986    -69.67
2014.37260    -69.72
2014.37534    -69.76
2014.37808    -69.80
2014.38082    -69.85
2014.38356    -69.89
2014.38630    -69.94
2014.40000    -70.17
2014.40274    -70.22
2014.40548    -70.27
2014.40822    -70.32
2014.41096    -70.37
2014.41370    -70.42
2014.41644    -70.46
2014.41918    -70.52
2014.42192    -70.57
2014.42466    -70.62
2014.42740    -70.67
2014.43014    -70.72
2014.43288    -70.77
2014.43562    -70.83
2014.43836    -70.88
2014.44110    -70.93
2014.44384    -70.98
2014.44658    -71.04
2014.44932    -71.09
2014.45205    -71.15
2014.45479    -71.20
2014.45753    -71.26
2014.46027    -71.31
2014.46301    -71.37
2014.46575    -71.42
2014.46849    -71.48
2014.47123    -71.53
2014.47397    -71.59
2014.47671    -71.64
2014.47945    -71.70
2014.48493    -71.81
2014.48767    -71.87
2014.49041    -71.93
2014.49589    -72.04
2014.49863    -72.10
2014.50137    -72.15
2014.50411    -72.21
2014.50685    -72.27
2014.50959    -72.32
2014.51233    -72.38
2014.51507    -72.44
2014.51781    -72.49
2014.52055    -72.55
2014.52329    -72.61
2014.52603    -72.66
2014.52877    -72.72
2014.53151    -72.77
2014.53425    -72.83
2014.53699    -72.89
2014.53973    -72.94
2014.54247    -73.00
2014.54521    -73.05
2014.54795    -73.11
2014.55068    -73.16
2014.55342    -73.22
2014.55890    -73.33
2014.56164    -73.38
2014.56438    -73.44
2014.56712    -73.49
2014.56986    -73.54
2014.57260    -73.60
2014.57534    -73.65
2014.57808    -73.70
2014.58082    -73.75
2014.58356    -73.81
2014.58904    -73.91
2014.59178    -73.96
2014.59726    -74.06
2014.60000    -74.11
2014.60274    -74.16
2014.60548    -74.21
2014.60822    -74.26
2014.61096    -74.31
2014.61370    -74.36
2014.61644    -74.40
2014.61918    -74.45
2014.62192    -74.50
2014.62466    -74.55
2014.62740    -74.59
2014.63014    -74.64
2014.63288    -74.68
2014.63562    -74.73
2014.63836    -74.78
2014.64110    -74.82
2014.64384    -74.86
2014.64658    -74.91
2014.64932    -74.95
2014.65205    -74.99
2014.65479    -75.04
2014.65753    -75.08
2014.66027    -75.12
2014.66301    -75.16
2014.66575    -75.20
2014.66849    -75.25
2014.67123    -75.29
2014.67397    -75.33
2014.67671    -75.37
2014.67945    -75.41
2014.68219    -75.45
2014.68493    -75.49
2014.68767    -75.52
2014.69041    -75.56
2014.69315    -75.60
2014.69589    -75.64
2014.70137    -75.71
2014.70411    -75.75
2014.70685    -75.79
2014.70959    -75.82
2014.71233    -75.86
2014.71507    -75.90
2014.71781    -75.93
2014.72055    -75.97
2014.72329    -76.00
2014.72603    -76.04
2014.72877    -76.07
2014.73151    -76.11
2014.73425    -76.14
2014.73699    -76.18
2014.73973    -76.21
2014.74247    -76.24
2014.74521    -76.28
2014.74795    -76.31
2014.75068    -76.34
2014.75342    -76.38
2014.75616    -76.41
2014.75890    -76.44
2014.76164    -76.48
2014.76438    -76.51
2014.76712    -76.54
2014.76986    -76.58
2014.77260    -76.61
2014.77534    -76.64
2014.77808    -76.68
2014.78082    -76.71
2014.78356    -76.74
2014.78630    -76.77
2014.78904    -76.81
2014.79178    -76.84
2014.79452    -76.87
2014.79726    -76.90
2014.80000    -76.94
2014.80274    -76.97
2014.80548    -77.00
2014.80822    -77.04
2014.81096    -77.07
2014.81370    -77.10
2014.81644    -77.13
2014.81918    -77.17
2014.82192    -77.20
2014.82466    -77.23
2014.82740    -77.27
2014.83014    -77.30
2014.83288    -77.33
2014.83562    -77.37
2014.83836    -77.40
2014.84110    -77.43
2014.84384    -77.47
2014.84658    -77.50
2014.84932    -77.53
2014.85479    -77.60
2014.85753    -77.64
2014.86027    -77.67
2014.86301    -77.71
2014.86575    -77.74
2014.86849    -77.78
2014.87123    -77.81
2014.87397    -77.85
2014.87671    -77.88
2014.87945    -77.92
2014.88219    -77.95
2014.88493    -77.99
2014.88767    -78.02
2014.89041    -78.06
2014.89315    -78.09
2014.89589    -78.13
2014.89863    -78.16
2014.90137    -78.20
2014.90411    -78.24
2014.90685    -78.27
2014.90959    -78.31
2014.91233    -78.35
2014.91507    -78.38
2014.91781    -78.42
2014.92055    -78.45
2014.92329    -78.49
2014.92603    -78.53
2014.92877    -78.56
2014.93151    -78.60
2014.93425    -78.64
2014.93699    -78.68
2014.93973    -78.71
2014.94247    -78.75
2014.94521    -78.79
2014.94795    -78.82
2014.95068    -78.86
2014.95342    -78.90
2014.95616    -78.93
2014.95890    -78.97
2014.96164    -79.01
2014.96438    -79.04
2014.96712    -79.08
2014.96986    -79.12
2014.97260    -79.15
2014.97534    -79.19
2014.97808    -79.23
2014.98082    -79.26
2014.98356    -79.30
2014.98630    -79.34
2014.98904    -79.37
2014.99178    -79.41
2014.99452    -79.44
2014.99726    -79.48
2015.00000    -79.52
2015.00274    -79.55
2015.00548    -79.59
2015.00822    -79.62
2015.01096    -79.66
2015.01370    -79.69
2015.01644    -79.73
2015.01918    -79.76
2015.02192    -79.80
2015.02466    -79.83
2015.02740    -79.86
2015.03288    -79.93
2015.03562    -79.97
2015.03836    -80.00
2015.04110    -80.03
2015.04384    -80.06
2015.04658    -80.10
2015.04932    -80.13
2015.05205    -80.16
2015.05479    -80.19
2015.05753    -80.22
2015.06027    -80.26
2015.06301    -80.29
2015.06575    -80.32
2015.06849    -80.35
2015.07123    -80.38
2015.07397    -80.41
2015.07671    -80.44
2015.07945    -80.47
2015.08219    -80.50
2015.08493    -80.53
2015.08767    -80.56
2015.09041    -80.58
2015.09315    -80.61
2015.09589    -80.64
2015.09863    -80.67
2015.10137    -80.69
2015.10411    -80.72
2015.10685    -80.75
2015.10959    -80.78
2015.11233    -80.80
2015.11507    -80.83
2015.11781    -80.85
2015.12055    -80.88
2015.12329    -80.91
2015.12603    -80.93
2015.12877    -80.96
2015.13151    -80.98
2015.13425    -81.00
2015.13699    -81.03
2015.13973    -81.05
2015.14247    -81.08
2015.14521    -81.10
2015.14795    -81.12
2015.15068    -81.15
2015.15342    -81.17
2015.15616    -81.19
2015.15890    -81.22
2015.16164    -81.24
2015.16438    -81.26
2015.16712    -81.29
2015.16986    -81.31
2015.17260    -81.33
2015.17534    -81.35
2015.17808    -81.38
2015.18082    -81.40
2015.18356    -81.42
2015.18630    -81.44
2015.18904    -81.46
2015.19178    -81.49
2015.19452    -81.51
2015.19726    -81.53
2015.20000    -81.55
2015.20274    -81.57
2015.20548    -81.60
2015.20822    -81.62
2015.21096    -81.64
2015.21370    -81.66
2015.21644    -81.68
2015.21918    -81.71
2015.22192    -81.73
2015.22466    -81.75
2015.22740    -81.78
2015.23014    -81.80
2015.23288    -81.82
2015.23562    -81.84
2015.23836    -81.87
2015.24110    -81.89
2015.24384    -81.91
2015.24658    -81.94
2015.24932    -81.96
2015.25205    -81.99
2015.25479    -82.01
2015.25753    -82.04
2015.26027    -82.06
2015.26301    -82.09
2015.26575    -82.11
2015.26849    -82.14
2015.27123    -82.17
2015.27397    -82.19
2015.27671    -82.22
2015.27945    -82.25
2015.28219    -82.28
2015.28493    -82.30
2015.28767    -82.33
2015.29041    -82.36
2015.29315    -82.39
2015.29589    -82.42
2015.29863    -82.45
2015.30137    -82.48
2015.30411    -82.51
2015.30685    -82.54
2015.30959    -82.57
2015.31233    -82.61
2015.31507    -82.64
2015.31781    -82.67
2015.32055    -82.71
2015.32329    -82.74
2015.32603    -82.77
2015.32877    -82.81
2015.33151    -82.85
2015.33425    -82.88
2015.33699    -82.92
2015.33973    -82.95
2015.34247    -82.99
2015.34521    -83.03
2015.34795    -83.07
2015.35068    -83.11
2015.35342    -83.15
2015.35616    -83.19
2015.35890    -83.23
2015.36164    -83.27
2015.36438    -83.31
2015.36712    -83.35
2015.36986    -83.39
2015.37260    -83.44
2015.37534    -83.48
2015.37808    -83.52
2015.38082    -83.57
2015.38356    -83.61
2015.38630    -83.66
2015.38904    -83.70
2015.39178    -83.75
2015.39452    -83.80
2015.39726    -83.84
2015.40000    -83.89
2015.40274    -83.94
2015.40548    -83.99
2015.40822    -84.03
2015.41096    -84.08
2015.41370    -84.13
2015.41644    -84.18
2015.41918    -84.23
2015.42192    -84.28
2015.42466    -84.34
2015.42740    -84.39
2015.43014    -84.44
2015.43288    -84.49
2015.43562    -84.54
2015.43836    -84.60
2015.44110    -84.65
2015.44384    -84.70
2015.44658    -84.76
2015.44932    -84.81
2015.45205    -84.86
2015.45479    -84.92
2015.45753    -84.97
2015.46027    -85.03
2015.46301    -85.08
2015.46575    -85.14
2015.46849    -85.19
2015.47123    -85.25
2015.47397    -85.31
2015.47671    -85.36
2015.47945    -85.42
2015.48219    -85.47
2015.48493    -85.53
2015.48767    -85.59
2015.49041    -85.64
2015.49315    -85.70
2015.49589    -85.76
2015.49863    -85.81
2015.50137    -85.87
2015.50411    -85.93
2015.50685    -85.98
2015.50959    -86.04
2015.51233    -86.10
2015.51507    -86.15
2015.51781    -86.21
2015.52055    -86.27
2015.52329    -86.32
2015.52603    -86.38
2015.52877    -86.44
2015.53151    -86.49
2015.53699    -86.61
2015.53973    -86.66
2015.54247    -86.72
2015.54521    -86.77
2015.54795    -86.83
2015.55068    -86.88
2015.55342    -86.94
2015.55616    -86.99
2015.55890    -87.05
2015.56164    -87.10
2015.56438    -87.15
2015.56712    -87.21
2015.56986    -87.26
2015.57260    -87.31
2015.57534    -87.37
2015.57808    -87.42
2015.58082    -87.47
2015.58356    -87.52
2015.58630    -87.58
2015.58904    -87.63
2015.59178    -87.68
2015.59452    -87.73
2015.59726    -87.78
2015.60000    -87.83
2015.60274    -87.88
2015.60548    -87.93
2015.60822    -87.98
2015.61096    -88.03
2015.61370    -88.08
2015.61644    -88.12
2015.61918    -88.17
2015.62192    -88.22
2015.62466    -88.26
2015.62740    -88.31
2015.63014    -88.36
2015.63288    -88.40
2015.63562    -88.45
2015.63836    -88.49
2015.64110    -88.54
2015.64384    -88.58
2015.64658    -88.63
2015.65205    -88.71
2015.65479    -88.76
2015.65753    -88.80
2015.66027    -88.84
2015.66301    -88.88
2015.66575    -88.92
2015.66849    -88.96
2015.67123    -89.01
2015.67397    -89.05
2015.67671    -89.09
2015.67945    -89.13
2015.68219    -89.16
2015.68493    -89.20
2015.68767    -89.24
2015.69041    -89.28
2015.69315    -89.32
2015.69589    -89.36
2015.69863    -89.39
2015.70137    -89.43
2015.70411    -89.47
2015.70685    -89.51
2015.70959    -89.54
2015.71233    -89.58
2015.71507    -89.61
2015.71781    -89.65
2015.72055    -89.69
2015.72329    -89.72
2015.72603    -89.76
2015.72877    -89.79
2015.73151    -89.83
2015.73425    -89.86
2015.73699    -89.89
2015.73973    -89.93
2015.74247    -89.96
2015.74521    -90.00
2015.74795    -90.03
2015.75068    -90.06
2015.75342    -90.10
2015.75616    -90.13
2015.75890    -90.16
2015.76164    -90.20
2015.76438    -90.23
2015.76712    -90.26
2015.76986    -90.30
2015.77260    -90.33
2015.77534    -90.36
2015.77808    -90.39
2015.78082    -90.43
2015.78356    -90.46
2015.78630    -90.49
2015.78904    -90.52
2015.79178    -90.56
2015.79452    -90.59
2015.79726    -90.62
2015.80000    -90.66
2015.80274    -90.69
2015.80548    -90.72
2015.80822    -90.75
2015.81096    -90.79
2015.81370    -90.82
2015.81644    -90.85
2015.81918    -90.89
2015.82192    -90.92
2015.82466    -90.95
2015.82740    -90.98
2015.83288    -91.05
2015.83562    -91.08
2015.83836    -91.12
2015.84110    -91.15
2015.84384    -91.19
2015.84658    -91.22
2015.84932    -91.25
2015.85205    -91.29
2015.85479    -91.32
2015.85753    -91.36
2015.86027    -91.39
2015.86301    -91.42
2015.86575    -91.46
2015.87123    -91.53
2015.87397    -91.56
2015.87671    -91.60
2015.87945    -91.63
2015.88219    -91.67
2015.88493    -91.70
2015.88767    -91.74
2015.89041    -91.78
2015.89315    -91.81
2015.89589    -91.85
2015.89863    -91.88
2015.90137    -91.92
2015.90411    -91.96
2015.90685    -91.99
2015.90959    -92.03
2015.91233    -92.06
2015.91507    -92.10
2015.91781    -92.14
2015.92055    -92.17
2015.92329    -92.21
2015.92603    -92.25
2015.92877    -92.28
2015.93151    -92.32
2015.93425    -92.36
2015.93699    -92.39
2015.93973    -92.43
2015.94247    -92.47
2015.94795    -92.54
2015.95068    -92.58
2015.95342    -92.61
2015.95616    -92.65
2015.95890    -92.69
2015.96164    -92.73
2015.96438    -92.76
2015.96712    -92.80
2015.96986    -92.84
2015.97260    -92.87
2015.97534    -92.91
2015.97808    -92.95
2015.98082    -92.98
2015.98356    -93.02
2015.98630    -93.05
2015.98904    -93.09
2015.99178    -93.13
2015.99452    -93.16
2015.99726    -93.20
2016.00000    -93.23
2016.00273    -93.27
2016.00546    -93.31
2016.00820    -93.34
2016.01093    -93.38
2016.01366    -93.41
2016.01639    -93.45
2016.01913    -93.48
2016.02186    -93.51
2016.02459    -93.55
2016.02732    -93.58
2016.03005    -93.62
2016.03279    -93.65
2016.03552    -93.68
2016.03825    -93.72
2016.04098    -93.75
2016.04372    -93.78
2016.04645    -93.81
2016.04918    -93.85
2016.05191    -93.88
2016.05464    -93.91
2016.05738    -93.94
2016.06011    -93.97
2016.06284    -94.00
2016.06557    -94.03
2016.06831    -94.06
2016.07104    -94.10
2016.07377    -94.13
2016.07650    -94.15
2016.07923    -94.18
2016.08197    -94.21
2016.08470    -94.24
2016.08743    -94.27
2016.09016    -94.30
2016.09290    -94.33
2016.09563    -94.36
2016.10383    -99.25
2016.10656   -100.69
2016.10929   -101.81
2016.11202   -102.73
2016.11475   -103.51
2016.12022   -104.80
2016.12295   -105.34
2016.12568   -105.84
2016.12842   -106.29
2016.13115   -106.71
2016.13388   -107.09
2016.13661   -107.46
2016.13934   -107.80
2016.14208   -108.12
2016.14481   -108.43
2016.14754   -108.71
2016.15027   -108.99
2016.15301   -109.25
2016.15574   -109.50
2016.15847   -109.74
2016.16120   -109.98
2016.16393   -110.20
2016.16667   -110.41
2016.16940   -110.62
2016.17213   -110.82
2016.17486   -111.02
2016.17760   -111.21
2016.18033   -111.39
2016.18306   -111.57
2016.18579   -111.74
2016.18852   -111.91
2016.19126   -112.07
2016.19399   -112.23
2016.19672   -112.39
2016.19945   -112.54
2016.20219   -112.69
2016.20492   -112.84
2016.20765   -112.98
2016.21038   -113.12
2016.21311   -113.26
2016.21585   -113.39
2016.21858   -113.53
2016.22131   -113.66
2016.22404   -113.78
2016.22678   -113.91
2016.22951   -114.03
2016.23224   -114.15
2016.23497   -114.27
2016.23770   -114.39
2016.24044   -114.51
2016.24317   -114.63
2016.24590   -114.74
2016.24863   -114.85
2016.25137   -114.96
2016.25683   -115.18
2016.25956   -115.29
2016.26230   -115.39
2016.26503   -115.50
2016.26776   -115.60
2016.27049   -115.71
2016.27322   -115.81
2016.27596   -115.91
2016.27869   -116.01
2016.28142   -116.11
2016.28415   -116.21
2016.28689   -116.31
2016.28962   -116.41
2016.29235   -116.51
2016.29508   -116.60
2016.29781   -116.70
2016.30055   -116.80
2016.30328   -116.89
2016.30601   -116.99
2016.30874   -117.08
2016.31148   -117.18
2016.31421   -117.27
2016.31694   -117.36
2016.31967   -117.46
2016.32240   -117.55
2016.32514   -117.64
2016.32787   -117.74
2016.33060   -117.83
2016.33333   -117.92
2016.33607   -118.01
2016.33880   -118.10
2016.34153   -118.20
2016.34426   -118.29
2016.34699   -118.38
2016.34973   -118.47
2016.35246   -118.56
2016.35519   -118.65
2016.35792   -118.74
2016.36066   -118.84
2016.36339   -118.93
2016.36612   -119.02
2016.36885   -119.11
2016.37158   -119.20
2016.37432   -119.29
2016.37705   -119.38
2016.37978   -119.47
2016.38251   -119.56
2016.38525   -119.66
2016.38798   -119.75
2016.39071   -119.84
2016.39344   -119.93
2016.39617   -120.02
2016.39891   -120.11
2016.40164   -120.20
2016.40437   -120.29
2016.40710   -120.39
2016.40984   -120.48
2016.41257   -120.57
2016.41530   -120.66
2016.41803   -120.75
2016.42077   -120.84
2016.42350   -120.94
2016.42623   -121.03
2016.42896   -121.12
2016.43169   -121.21
2016.43443   -121.30
2016.43716   -121.39
2016.43989   -121.49
2016.44262   -121.58
2016.44536   -121.67
2016.44809   -121.76
2016.45082   -121.85
2016.45355   -121.94
2016.45628   -122.04
2016.45902   -122.13
2016.46175   -122.22
2016.46448   -122.31
2016.46721   -122.40
2016.46995   -122.49
2016.47268   -122.58
2016.47541   -122.67
2016.47814   -122.76
2016.48087   -122.86
2016.48361   -122.95
2016.48634   -123.04
2016.48907   -123.13
2016.49180   -123.22
2016.49454   -123.31
2016.49727   -123.40
2016.50000   -123.49
2016.50273   -123.58
2016.50546   -123.67
2016.50820   -123.75
2016.51093   -123.84
2016.51366   -123.93
2016.51639   -124.02
2016.51913   -124.11
2016.52186   -124.20
2016.52459   -124.28
2016.52732   -124.37
2016.53005   -124.46
2016.53279   -124.54
2016.53552   -124.63
2016.53825   -124.72
2016.54098   -124.80
2016.54372   -124.89
2016.54918   -125.06
2016.55191   -125.14
2016.55464   -125.22
2016.55738   -125.31
2016.56011   -125.39
2016.56284   -125.47
2016.56557   -125.55
2016.56831   -125.64
2016.57104   -125.72
2016.57377   -125.80
2016.57650   -125.88
2016.57923   -125.96
2016.58197   -126.04
2016.58470   -126.12
2016.58743   -126.19
2016.59016   -126.27
2016.59290   -126.35
2016.59563   -126.43
2016.59836   -126.50
2016.60109   -126.58
2016.60383   -126.66
2016.60656   -126.73
2016.60929   -126.81
2016.61202   -126.88
2016.61475   -126.95
2016.61749   -127.03
2016.62022   -127.10
2016.62295   -127.17
2016.62568   -127.24
2016.62842   -127.31
2016.63115   -127.39
2016.63388   -127.46
2016.63661   -127.52
2016.63934   -127.59
2016.64208   -127.66
2016.64481   -127.73
2016.64754   -127.80
2016.65027   -127.87
2016.65301   -127.93
2016.65574   -128.00
2016.65847   -128.07
2016.66120   -128.13
2016.66393   -128.20
2016.66667   -128.26
2016.66940   -128.32
2016.67213   -128.39
2016.67486   -128.45
2016.67760   -128.51
2016.68033   -128.58
2016.68306   -128.64
2016.68579   -128.70
2016.68852   -128.76
2016.69126   -128.82
2016.69399   -128.88
2016.69672   -128.94
2016.69945   -129.00
2016.70219   -129.06
2016.70492   -129.12
2016.71585   -129.35
2016.71858   -129.40
2016.72131   -129.46
2016.72404   -129.52
2016.72678   -129.57
2016.72951   -129.63
2016.73224   -129.68
2016.73497   -129.74
2016.73770   -129.79
2016.74044   -129.85
2016.74317   -129.90
2016.74590   -129.96
2016.74863   -130.01
2016.75137   -130.06
2016.75410   -130.12
2016.75683   -130.17
2016.76230   -130.28
2016.76503   -130.33
2016.76776   -130.38
2016.77049   -130.44
2016.77322   -130.49
2016.77596   -130.54
2016.77869   -130.59
2016.78142   -130.64
2016.78415   -130.70
2016.78689   -130.75
2016.78962   -130.80
2016.79235   -130.85
2016.79508   -130.90
2016.79781   -130.95
2016.80328   -131.06
2016.80601   -131.11
2016.80874   -131.16
2016.81148   -131.21
2016.81421   -131.26
2016.81694   -131.31
2016.81967   -131.36
2016.82240   -131.42
2016.82514   -131.47
2016.82787   -131.52
2016.83060   -131.57
2016.83333   -131.62
2016.83607   -131.67
2016.83880   -131.72
2016.84153   -131.77
2016.84426   -131.83
2016.84699   -131.88
2016.84973   -131.93
2016.85246   -131.98
2016.85519   -132.03
2016.85792   -132.08
2016.86066   -132.13
2016.86339   -132.19
2016.86612   -132.24
2016.86885   -132.29
2016.87158   -132.34
2016.87432   -132.39
2016.87705   -132.44
2016.87978   -132.50
2016.88251   -132.55
2016.88525   -132.60
2016.88798   -132.65
2016.89071   -132.70
2016.89344   -132.76
2016.89617   -132.81
2016.89891   -132.86
2016.90164   -132.91
2016.90437   -132.97
2016.90710   -133.02
2016.90984   -133.07
2016.91257   -133.12
2016.91530   -133.18
2016.91803   -133.23
2016.92077   -133.28
2016.92350   -133.33
2016.92623   -133.39
2016.92896   -133.44
2016.93169   -133.49
2016.93443   -133.54
2016.93716   -133.60
2016.93989   -133.65
2016.94262   -133.70
2016.94536   -133.75
2016.94809   -133.80
2016.95082   -133.86
2016.95355   -133.91
2016.95628   -133.96
2016.95902   -134.01
2016.96175   -134.07
2016.96448   -134.12
2016.96721   -134.17
2016.96995   -134.22
2016.97268   -134.27
2016.97541   -134.32
2016.97814   -134.38
2016.98087   -134.43
2016.98361   -134.48
2016.98634   -134.53
2016.98907   -134.58
2016.99180   -134.63
2016.99454   -134.68
2016.99727   -134.73
2017.00000   -134.78
2017.00274   -134.83
2017.00548   -134.88
2017.00822   -134.93
2017.01096   -134.98
2017.01370   -135.03
2017.01644   -135.08
2017.01918   -135.13
2017.02192   -135.18
2017.02466   -135.23
2017.02740   -135.27
2017.03014   -135.32
2017.03288   -135.37
2017.03562   -135.42
2017.03836   -135.46
2017.04110   -135.51
2017.04384   -135.56
2017.04658   -135.60
2017.04932   -135.65
2017.05205   -135.70
2017.05479   -135.74
2017.05753   -135.79
2017.06027   -135.83
2017.06301   -135.88
2017.06575   -135.92
2017.06849   -135.97
2017.07123   -136.01
2017.07397   -136.05
2017.07671   -136.10
2017.07945   -136.14
2017.08219   -136.18
2017.08493   -136.22
2017.08767   -136.27
2017.09041   -136.31
2017.09315   -136.35
2017.09589   -136.39
2017.09863   -136.43
2017.10137   -136.47
2017.10411   -136.51
2017.10685   -136.55
2017.10959   -136.59
2017.11233   -136.63
2017.11507   -136.67
2017.11781   -136.71
2017.12055   -136.75
2017.12329   -136.79
2017.12603   -136.82
2017.12877   -136.86
2017.13151   -136.90
2017.13425   -136.94
2017.13699   -136.97
2017.13973   -137.01
2017.14247   -137.05
2017.14521   -137.08
2017.14795   -137.12
2017.15068   -137.15
2017.15616   -137.23
2017.15890   -137.26
2017.16164   -137.30
2017.16438   -137.33
2017.16712   -137.37
2017.16986   -137.40
2017.17260   -137.44
2017.17534   -137.47
2017.17808   -137.51
2017.18082   -137.54
2017.18356   -137.57
2017.18630   -137.61
2017.18904   -137.64
2017.19178   -137.68
2017.19452   -137.71
2017.19726   -137.74
2017.20000   -137.78
2017.20274   -137.81
2017.20548   -137.85
2017.20822   -137.88
2017.21096   -137.91
2017.21370   -137.95
2017.21644   -137.98
2017.21918   -138.02
2017.22192   -138.05
2017.22466   -138.08
2017.22740   -138.12
2017.23014   -138.15
2017.23288   -138.19
2017.23562   -138.22
2017.23836   -138.26
2017.24110   -138.29
2017.24384   -138.33
2017.24658   -138.36
2017.24932   -138.40
2017.25205   -138.43
2017.25479   -138.47
2017.25753   -138.51
2017.26027   -138.54
2017.26301   -138.58
2017.26575   -138.62
2017.26849   -138.65
2017.27123   -138.69
2017.27397   -138.73
2017.27671   -138.77
2017.27945   -138.81
2017.28219   -138.85
2017.28493   -138.88
2017.28767   -138.92
2017.29041   -138.96
2017.29315   -139.00
2017.29589   -139.04
2017.29863   -139.09
2017.30137   -139.13
2017.30411   -139.17
2017.30685   -139.21
2017.30959   -139.25
2017.31233   -139.30
2017.31507   -139.34
2017.31781   -139.38
2017.32055   -139.43
2017.32329   -139.47
2017.32603   -139.52
2017.32877   -139.56
2017.33151   -139.61
2017.33425   -139.66
2017.33699   -139.70
2017.33973   -139.75
2017.34247   -139.80
2017.34521   -139.85
2017.34795   -139.90
2017.35068   -139.95
2017.35342   -139.99
2017.35616   -140.05
2017.35890   -140.10
2017.36164   -140.15
2017.36438   -140.20
2017.36712   -140.25
2017.36986   -140.30
2017.37260   -140.36
2017.37534   -140.41
2017.37808   -140.46
2017.38082   -140.52
2017.38356   -140.57
2017.38630   -140.63
2017.38904   -140.68
2017.39178   -140.74
2017.39452   -140.80
2017.39726   -140.85
2017.40000   -140.91
2017.40274   -140.97
2017.40548   -141.03
2017.40822   -141.09
2017.41096   -141.15
2017.41370   -141.21
2017.41644   -141.27
2017.41918   -141.33
2017.42192   -141.39
2017.42466   -141.45
2017.42740   -141.51
2017.43014   -141.57
2017.43288   -141.63
2017.43562   -141.69
2017.43836   -141.76
2017.44110   -141.82
2017.44384   -141.88
2017.44658   -141.95
2017.44932   -142.01
2017.45205   -142.07
2017.45479   -142.14
2017.45753   -142.20
2017.46027   -142.27
2017.46301   -142.33
2017.46575   -142.40
2017.46849   -142.46
2017.47123   -142.53
2017.47397   -142.59
2017.47671   -142.66
2017.47945   -142.72
2017.48219   -142.79
2017.48493   -142.85
2017.48767   -142.92
2017.49041   -142.99
2017.49315   -143.05
2017.49589   -143.12
2017.49863   -143.18
2017.50411   -143.32
2017.50685   -143.38
2017.50959   -143.45
2017.51233   -143.51
2017.51507   -143.58
2017.51781   -143.65
2017.52055   -143.71
2017.52603   -143.84
2017.52877   -143.91
2017.53151   -143.97
2017.53425   -144.04
2017.53699   -144.10
2017.53973   -144.17
2017.54247   -144.23
2017.54521   -144.30
2017.54795   -144.36
2017.55068   -144.43
2017.55616   -144.55
2017.55890   -144.62
2017.56164   -144.68
2017.56438   -144.74
2017.56712   -144.81
2017.56986   -144.87
2017.57260   -144.93
2017.57534   -144.99
2017.57808   -145.05
2017.58082   -145.11
2017.58356   -145.17
2017.58630   -145.24
2017.58904   -145.30
2017.59178   -145.36
2017.59452   -145.41
2017.59726   -145.47
2017.60000   -145.53
2017.60274   -145.59
2017.60548   -145.65
2017.60822   -145.71
2017.61096   -145.76
2017.61370   -145.82
2017.61644   -145.88
2017.61918   -145.93
2017.62466   -146.04
2017.62740   -146.10
2017.63014   -146.15
2017.63288   -146.21
2017.63562   -146.26
2017.63836   -146.32
2017.64110   -146.37
2017.64384   -146.42
2017.64658   -146.47
2017.64932   -146.53
2017.65205   -146.58
2017.65479   -146.63
2017.65753   -146.68
2017.66027   -146.73
2017.66301   -146.78
2017.66575   -146.83
2017.66849   -146.88
2017.67123   -146.93
2017.67397   -146.98
2017.67671   -147.02
2017.67945   -147.07
2017.68219   -147.12
2017.68493   -147.17
2017.68767   -147.21
2017.69041   -147.26
2017.69315   -147.31
2017.69589   -147.35
2017.69863   -147.40
2017.70137   -147.44
2017.70411   -147.49
2017.70685   -147.53
2017.70959   -147.58
2017.71233   -147.62
2017.71507   -147.67
2017.71781   -147.71
2017.72055   -147.75
2017.72329   -147.80
2017.72603   -147.84
2017.72877   -147.88
2017.73151   -147.93
2017.73425   -147.97
2017.73699   -148.01
2017.73973   -148.05
2017.74247   -148.09
2017.74521   -148.14
2017.74795   -148.18
2017.75068   -148.22
2017.75342   -148.26
2017.75616   -148.30
2017.75890   -148.34
2017.76164   -148.38
2017.76438   -148.42
2017.76712   -148.46
2017.76986   -148.51
2017.77260   -148.55
2017.77534   -148.59
2017.77808   -148.63
2017.78082   -148.67
2017.78356   -148.71
2017.78630   -148.75
2017.78904   -148.79
2017.79178   -148.83
2017.79452   -148.87
2017.79726   -148.91
2017.80000   -148.95
2017.80274   -148.99
2017.80548   -149.03
2017.80822   -149.07
2017.81096   -149.11
2017.81370   -149.15
2017.81644   -149.19
2017.81918   -149.23
2017.82192   -149.27
2017.82466   -149.31
2017.82740   -149.35
2017.83014   -149.40
2017.83288   -149.44
2017.83562   -149.48
2017.83836   -149.52
2017.84110   -149.56
2017.84384   -149.60
2017.84658   -149.64
2017.84932   -149.68
2017.85205   -149.72
2017.85479   -149.77
2017.85753   -149.81
2017.86301   -149.89
2017.86575   -149.93
2017.86849   -149.97
2017.87123   -150.02
2017.87397   -150.06
2017.87671   -150.10
2017.87945   -150.14
2017.88219   -150.19
2017.88493   -150.23
2017.88767   -150.27
2017.89041   -150.31
2017.89315   -150.36
2017.89589   -150.40
2017.89863   -150.44
2017.90137   -150.49
2017.90411   -150.53
2017.90685   -150.57
2017.90959   -150.62
2017.91233   -150.66
2017.91507   -150.70
2017.91781   -150.75
2017.92055   -150.79
2017.92329   -150.83
2017.92603   -150.88
2017.92877   -150.92
2017.93151   -150.97
2017.93425   -151.01
2017.93699   -151.05
2017.93973   -151.10
2017.94247   -151.14
2017.94521   -151.19
2017.94795   -151.23
2017.95068   -151.27
2017.95342   -151.32
2017.95616   -151.36
2017.95890   -151.40
2017.96164   -151.45
2017.96438   -151.49
2017.96712   -151.54
2017.96986   -151.58
2017.97260   -151.62
2017.97534   -151.67
2017.97808   -151.71
2017.98082   -151.75
2017.98356   -151.80
2017.98630   -151.84
2017.98904   -151.88
2017.99178   -151.93
2017.99452   -151.97
2018.00548   -152.14
2018.00822   -152.18
2018.01096   -152.22
2018.01370   -152.26
2018.01644   -152.30
2018.01918   -152.35
2018.02192   -152.39
2018.02466   -152.43
2018.02740   -152.47
2018.03014   -152.51
2018.03288   -152.55
2018.03562   -152.59
2018.03836   -152.63
2018.04110   -152.67
2018.04384   -152.71
2018.04658   -152.75
2018.04932   -152.79
2018.05205   -152.83
2018.05479   -152.86
2018.05753   -152.90
2018.06027   -152.94
2018.06301   -152.98
2018.06575   -153.01
2018.06849   -153.05
2018.07123   -153.09
2018.07397   -153.13
2018.07671   -153.16
2018.07945   -153.20
2018.08219   -153.23
2018.08493   -153.27
2018.08767   -153.30
2018.09041   -153.34
2018.09315   -153.37
2018.09589   -153.41
2018.09863   -153.44
2018.10137   -153.48
2018.10411   -153.51
2018.10685   -153.54
2018.10959   -153.58
2018.11233   -153.61
2018.11507   -153.64
2018.11781   -153.67
2018.12055   -153.71
2018.12329   -153.74
2018.12603   -153.77
2018.12877   -153.80
2018.13151   -153.83
2018.13425   -153.86
2018.13699   -153.89
2018.13973   -153.92
2018.14247   -153.95
2018.14521   -153.98
2018.14795   -154.01
2018.15068   -154.04
2018.15342   -154.07
2018.15616   -154.10
2018.15890   -154.13
2018.16164   -154.16
