2012.00000    -25.69      2.29
2012.00273    -26.41      2.37
2012.00546    -26.92      2.26
2012.00820    -25.92      2.30
2012.01093    -27.70      2.38
2012.01366    -27.17      2.31
2012.01639    -27.65      2.28
2012.01913    -29.41      2.27
2012.02186    -28.02      2.41
2012.02459    -28.79      2.44
2012.02732    -29.20      2.45
2012.03005    -29.35      2.71
2012.03279    -27.89      2.36
2012.03552    -29.18      2.33
2012.03825    -29.99      2.29
2012.04098    -28.67      2.45
2012.04372    -29.60      2.74
2012.04645    -28.53      2.54
2012.04918    -27.66      2.40
2012.05191    -27.22      2.56
2012.05464    -25.35      3.10
2012.08197    -28.89      2.68
2012.08470    -26.41      2.28
2012.08743    -25.70      2.36
2012.09016    -26.82      2.40
2012.09290    -28.35      2.36
2012.09563    -28.05      2.55
2012.09836    -31.40      2.72
2012.10109    -27.22      3.10
2012.10383    -26.20      2.69
2012.10656    -28.52      2.37
2012.10929    -29.32      2.24
2012.11202    -27.88      2.31
2012.11475    -28.38      2.40
2012.11749    -28.76      2.42
2012.12022    -28.72      2.75
2012.12295    -29.98      2.64
2012.12568    -26.96      3.28
2012.12842    -29.03      2.59
2012.13115    -26.53      2.30
2012.13388    -27.57      2.63
2012.13661    -27.44      2.67
2012.13934    -30.15      2.61
2012.14208    -27.33      2.91
2012.14481    -28.39      2.96
2012.14754    -33.22      4.49
2012.16393    -28.92      2.60
2012.16667    -28.11      3.11
2012.16940    -26.22      2.73
2012.17213    -27.76      2.55
2012.17486    -27.49      2.74
2012.17760    -27.27      2.87
2012.18033    -30.08      2.94
2012.18306    -28.98      2.78
2012.18579    -23.69      2.83
2012.18852    -24.75      2.77
2012.19126    -23.93      2.64
2012.19399    -28.48      2.79
2012.19672    -29.35      3.07
2012.19945    -28.04      2.66
2012.20219    -26.53      2.63
2012.20492    -29.21      2.64
2012.20765    -26.82      3.15
2012.21038    -24.59      2.92
2012.21311    -29.07      2.79
2012.21585    -28.39      2.70
2012.21858    -27.01      2.75
2012.22131    -28.94      2.69
2012.22404    -28.51      2.67
2012.22678    -25.44      3.34
2012.22951    -28.47      2.67
2012.23224    -27.67      2.67
2012.23497    -29.13      3.06
2012.23770    -25.19      2.75
2012.24044    -28.92      3.11
2012.24317    -28.60      2.84
2012.24590    -27.71      2.67
2012.24863    -26.75      2.72
2012.25137    -28.96      2.63
2012.25410    -27.84      2.77
2012.25683    -26.81      2.74
2012.25956    -28.00      2.63
2012.26230    -29.62      2.52
2012.26503    -25.87      2.92
2012.26776    -25.01      2.78
2012.27049    -26.53      2.62
2012.27322    -25.51      2.75
2012.27596    -29.65      2.60
2012.27869    -30.54      2.67
2012.28142    -27.64      2.93
2012.28415    -24.54      3.01
2012.28689    -26.50      2.50
2012.28962    -26.66      2.56
2012.29235    -24.87      2.93
2012.29508    -25.93      2.93
2012.29781    -28.33      2.63
2012.30055    -26.53      2.73
2012.30328    -27.98      3.27
2012.30601    -28.46      3.01
2012.30874    -26.95      2.62
2012.31148    -28.80      3.14
2012.31421    -28.08      2.85
2012.31694    -29.01      5.57
2012.31967    -26.42      3.30
2012.32240    -27.15      3.20
2012.32514    -27.44      2.66
2012.32787    -27.57      3.45
2012.33060    -29.09      3.19
2012.33333    -29.47      3.60
2012.33607    -23.82      4.18
2012.33880    -26.13      3.35
2012.34153    -27.78      2.87
2012.34426    -28.49      2.56
2012.34699    -26.29      2.33
2012.34973    -25.38      2.79
2012.35246    -27.78      2.62
2012.35519    -29.01      2.81
2012.35792    -28.41      3.74
2012.36066    -27.76      2.61
2012.36339    -27.74      2.59
2012.36612    -29.07      2.72
2012.36885    -29.62      2.70
2012.37158    -29.23      2.88
2012.37432    -27.41      2.68
2012.37705    -29.91      3.04
2012.37978    -28.81      2.57
2012.38251    -30.04      3.52
2012.38525    -30.51      2.99
2012.38798    -29.60      2.67
2012.39071    -31.64      2.64
2012.39344    -27.64      2.82
2012.39617    -29.70      2.66
2012.39891    -29.23      2.64
2012.40164    -28.93      2.99
2012.40437    -28.06      3.56
2012.40710    -29.34      3.28
2012.40984    -30.77      3.21
2012.41257    -30.19      3.20
2012.41530    -29.90      2.80
2012.41803    -29.25      2.58
2012.42077    -30.10      2.57
2012.42350    -30.17      3.00
2012.42623    -30.75      2.78
2012.42896    -27.01      2.60
2012.43169    -32.23      2.84
2012.43443    -32.46      2.88
2012.43716    -32.93      3.59
2012.43989    -30.94      4.17
2012.44262    -27.26      4.61
2012.44536    -29.46      5.45
2012.44809    -32.35      3.75
2012.45082    -32.37      3.90
2012.45355    -31.48      3.40
2012.45628    -29.99      3.06
2012.45902    -30.71      3.24
2012.46175    -29.90      3.78
2012.46448    -33.02      3.31
2012.46721    -32.34      4.99
2012.46995    -31.38      4.12
2012.47268    -31.77      3.10
2012.47541    -34.29      3.64
2012.47814    -33.29      4.77
2012.48087    -32.51      2.82
2012.48361    -33.22      3.14
2012.48634    -32.66      2.61
2012.48907    -31.24      3.47
2012.49180    -33.30      3.40
2012.49454    -32.20      2.94
2012.49727    -33.95      3.14
2012.50000    -32.37      3.32
2012.50273    -32.56      2.99
2012.50546    -30.84      2.93
2012.50820    -30.46      3.17
2012.51093    -33.44      3.36
2012.51366    -31.30      3.14
2012.51639    -31.68      2.85
2012.51913    -30.62      3.39
2012.52186    -31.66      3.27
2012.52459    -31.26      2.69
2012.52732    -30.88      2.81
2012.53005    -33.53      3.25
2012.53279    -30.61      2.98
2012.53552    -28.86      3.76
2012.53825    -33.23      3.36
2012.54098    -34.76      3.02
2012.54372    -30.09      3.50
2012.54645    -30.49      2.65
2012.54918    -31.63      3.82
2012.55191    -32.13      2.99
2012.55464    -30.95      3.25
2012.55738    -32.65      3.07
2012.56011    -32.98      2.74
2012.56284    -31.91      3.00
2012.56557    -35.67      3.17
2012.56831    -33.87      3.26
2012.57104    -31.44      3.15
2012.57377    -31.15      2.71
2012.57650    -31.57      3.65
2012.57923    -32.55      2.79
2012.58197    -32.80      3.10
2012.58470    -31.74      3.29
2012.58743    -34.65      3.20
2012.59290    -31.89      4.94
2012.59563    -29.40      4.15
2012.59836    -32.71      3.24
2012.60109    -31.09      4.26
2012.60383    -27.24      3.93
2012.60656    -31.55      3.50
2012.60929    -34.62      3.86
2012.61202    -29.81      3.17
2012.61475    -32.50      2.75
2012.61749    -31.82      2.79
2012.62022    -31.19      3.08
2012.62295    -29.16      3.19
2012.62568    -32.41      3.04
2012.62842    -33.87      3.06
2012.63115    -31.82      3.15
2012.63388    -31.00      4.22
2012.63661    -34.11      3.54
2012.63934    -31.20      3.79
2012.64208    -32.55      3.03
2012.64481    -33.72      3.58
2012.64754    -33.72      3.89
2012.65027    -32.62      3.39
2012.65301    -32.51      3.26
2012.65574    -31.82      3.48
2012.65847    -33.17      3.75
2012.66120    -30.31      3.71
2012.66393    -33.53      3.78
2012.66667    -33.96      3.56
2012.66940    -32.44      3.63
2012.67213    -34.34      3.63
2012.67486    -33.41      3.44
2012.67760    -34.93      3.04
2012.68033    -34.03      2.91
2012.68306    -29.60      2.93
2012.68579    -32.88      3.23
2012.68852    -35.99      5.09
2012.69399    -33.34      3.45
2012.69672    -33.31      3.18
2012.69945    -31.79      3.07
2012.70219    -33.99      4.35
2012.70492    -28.85      3.80
2012.70765    -30.98      2.83
2012.71038    -30.08      2.97
2012.71311    -31.89      2.94
2012.71585    -32.68      2.91
2012.71858    -31.48      2.74
2012.72131    -33.29      2.66
2012.72404    -33.11      2.82
2012.72678    -31.49      2.67
2012.73224    -34.14      3.25
2012.73497    -33.19      3.34
2012.73770    -33.49      3.87
2012.74044    -33.79      3.34
2012.74317    -34.09      3.08
2012.74590    -34.29      2.88
2012.74863    -32.38      2.64
2012.75137    -31.14      2.89
2012.75410    -32.04      3.00
2012.75683    -30.02      4.27
2012.75956    -33.06      2.80
2012.76230    -34.42      2.58
2012.76503    -31.50      2.89
2012.76776    -34.81      2.60
2012.77049    -33.91      2.48
2012.77322    -35.93      2.46
2012.77596    -32.36      2.55
2012.77869    -31.30      2.76
2012.78142    -33.74      2.77
2012.78415    -33.71      2.52
2012.78689    -33.23      2.50
2012.78962    -32.15      2.54
2012.79235    -34.51      2.64
2012.79508    -32.36      2.77
2012.79781    -33.36      2.67
2012.80055    -34.76      2.74
2012.80328    -34.94      2.51
2012.80601    -32.16      2.58
2012.80874    -36.14      2.53
2012.81148    -33.22      2.67
2012.81421    -35.59      2.46
2012.81694    -34.35      2.84
2012.81967    -33.37      2.99
2012.82240    -36.79      3.20
2012.82514    -36.06      2.58
2012.82787    -33.89      2.97
2012.83060    -34.65      2.78
2012.83333    -37.12      2.67
2012.83607    -36.23      3.84
2012.83880    -38.67      3.83
2012.84153    -39.08      4.01
2012.84426    -36.33      3.89
2012.84699    -41.49      3.64
2012.84973    -35.49      3.52
2012.85246    -36.96      3.66
2012.85519    -36.31      3.45
2012.85792    -35.30      3.46
2012.86066    -38.32      3.74
2012.86339    -35.30      3.88
2012.86612    -35.27      3.44
2012.86885    -36.22      3.62
2012.87158    -36.58      2.56
2012.87432    -37.15      3.89
2012.87705    -36.55      3.88
2012.87978    -36.71      3.63
2012.88251    -37.98      3.42
2012.88525    -37.45      3.67
2012.88798    -39.55      3.54
2012.89071    -39.07      4.03
2012.89344    -36.74      4.12
2012.89617    -40.94      3.77
2012.89891    -40.32      2.32
2012.90164    -39.07      2.41
2012.90437    -37.48      2.71
2012.90710    -39.13      2.43
2012.90984    -37.31      2.53
2012.91257    -38.56      2.42
2012.91530    -39.65      2.55
2012.91803    -39.53      3.65
2012.92077    -37.12      3.69
2012.92350    -38.99      3.45
2012.92623    -38.94      3.45
2012.92896    -35.70      4.33
2012.93169    -40.66      3.33
2012.93443    -39.94      3.46
2012.93716    -39.87      3.69
2012.93989    -39.15      3.50
2012.94262    -43.26      3.38
2012.94536    -39.23      3.21
2012.94809    -39.36      3.20
2012.95082    -40.99      3.51
2012.95355    -39.22      2.30
2012.95628    -38.76      2.55
2012.95902    -38.16      2.50
2012.96175    -38.27      2.42
2012.96448    -38.67      2.35
2012.96721    -39.90      2.24
2012.96995    -39.82      2.37
2012.97268    -39.53      2.33
2012.97541    -38.98      2.37
2012.97814    -40.44      2.39
2012.98087    -41.21      2.27
2012.98361    -41.27      2.27
2012.98634    -41.39      2.30
2012.98907    -42.27      2.52
2012.99180    -40.90      2.43
2012.99454    -41.63      3.16
2012.99727    -39.60      2.51
2013.00000    -43.29      2.45
2013.00274    -38.37      2.63
2013.00548    -40.72      2.64
2013.00822    -40.40      2.39
2013.01096    -39.33      2.27
2013.01370    -38.94      2.46
2013.01644    -39.21      2.68
2013.01918    -38.48      2.68
2013.02192    -40.32      2.48
2013.02466    -41.02      2.51
2013.02740    -39.02      2.49
2013.03014    -42.33      2.54
2013.03288    -39.90      3.12
2013.03562    -39.76      2.94
2013.03836    -41.02      2.20
2013.04110    -41.49      2.26
2013.04384    -40.66      2.39
2013.04658    -38.33      2.42
2013.04932    -40.95      2.30
2013.05205    -42.22      2.26
2013.05479    -39.10      2.38
2013.05753    -40.62      2.11
2013.06027    -39.99      2.21
2013.06301    -40.85      2.25
2013.06575    -42.70      2.29
2013.06849    -41.45      2.17
2013.07123    -41.53      2.11
2013.07397    -42.27      2.25
2013.07671    -41.27      2.13
2013.07945    -40.09      2.21
2013.08219    -42.55      2.53
2013.08493    -42.85      2.48
2013.08767    -42.90      2.66
2013.09041    -40.64      2.43
2013.09315    -41.88      2.38
2013.09589    -41.05      2.38
2013.09863    -41.13      2.67
2013.10137    -41.67      2.48
2013.10411    -41.38      2.27
2013.10685    -41.85      2.19
2013.10959    -39.97      2.50
2013.11233    -41.41      2.87
2013.11507    -39.38      2.35
2013.11781    -40.72      2.26
2013.12055    -43.87      2.52
2013.12329    -41.35      2.35
2013.12603    -39.41      2.57
2013.12877    -42.06      2.27
2013.13151    -41.61      2.27
2013.13425    -41.95      2.35
2013.13699    -38.81      2.47
2013.13973    -41.69      2.60
2013.14247    -43.20      2.36
2013.14521    -41.03      2.90
2013.14795    -43.62      2.77
2013.15342    -41.33      2.37
2013.15616    -42.97      2.48
2013.15890    -42.96      2.38
2013.16164    -41.99      2.30
2013.16438    -44.02      2.65
2013.16712    -40.58      2.38
2013.16986    -42.93      2.31
2013.17260    -41.97      2.31
2013.17534    -41.95      2.88
2013.17808    -42.26      2.58
2013.18082    -46.18      2.78
2013.18356    -43.78      2.42
2013.18630    -45.91      2.52
2013.18904    -41.24      2.72
2013.19178    -43.55      2.70
2013.19452    -41.25      2.61
2013.19726    -42.75      2.83
2013.20000    -44.90      2.49
2013.20274    -44.24      2.36
2013.20548    -43.14      2.60
2013.20822    -44.28      2.77
2013.21096    -43.49      2.57
2013.21370    -44.75      2.78
2013.21644    -46.06      2.91
2013.21918    -43.75      2.95
2013.22192    -43.33      2.72
2013.22466    -44.71      3.51
2013.22740    -41.99      3.58
2013.23014    -42.33      2.48
2013.23288    -45.15      3.04
2013.23562    -43.25      2.58
2013.23836    -42.61      2.96
2013.24110    -44.50      2.75
2013.24384    -43.48      2.55
2013.24658    -44.57      2.65
2013.24932    -46.42      2.65
2013.25205    -46.52      2.93
2013.25479    -45.25      3.19
2013.25753    -46.85      3.23
2013.26027    -47.46      3.86
2013.26301    -45.97      2.85
2013.26575    -45.25      2.55
2013.26849    -47.28      2.77
2013.27123    -45.28      3.23
2013.27397    -46.48      2.98
2013.27671    -45.85      2.72
2013.27945    -45.36      2.72
2013.28219    -46.80      2.75
2013.28493    -46.37      2.67
2013.28767    -47.64      2.84
2013.29041    -47.86      3.00
2013.29315    -46.59      2.97
2013.29589    -44.87      3.13
2013.29863    -44.16      2.89
2013.30137    -46.32      3.08
2013.30411    -43.85      2.56
2013.30685    -44.20      2.59
2013.31233    -46.24      2.78
2013.31507    -47.21      3.01
2013.31781    -45.24      2.99
2013.32055    -48.09      3.26
2013.32329    -48.91      2.91
2013.32603    -48.38      2.61
2013.32877    -45.93      3.12
2013.33151    -47.00      2.63
2013.33425    -47.49      2.77
2013.33699    -46.39      2.73
2013.33973    -45.04      2.64
2013.34247    -48.60      2.78
2013.34521    -48.12      2.69
2013.34795    -46.68      2.66
2013.35068    -47.42      2.58
2013.35342    -47.47      2.83
2013.35616    -44.98      3.38
2013.35890    -48.17      3.08
2013.36164    -47.08      3.03
2013.36438    -46.58      3.17
2013.36712    -46.88      3.50
2013.36986    -46.69      2.95
2013.37260    -47.37      4.42
2013.37534    -48.78      3.72
2013.37808    -47.30      4.21
2013.38082    -47.39      3.93
2013.38630    -47.55      2.81
2013.38904    -51.18      3.20
2013.39178    -50.32      3.41
2013.39452    -47.62      3.43
2013.39726    -46.90      4.05
2013.40000    -50.54      2.98
2013.40274    -49.61      3.06
2013.40548    -47.96      2.93
2013.40822    -49.89      2.96
2013.41096    -49.53      3.50
2013.41370    -49.60      4.90
2013.41644    -51.07      3.36
2013.41918    -48.58      3.04
2013.42192    -50.94      3.26
2013.42466    -49.14      3.21
2013.42740    -51.75      3.05
2013.43014    -49.39      3.23
2013.43288    -49.67      5.42
2013.43562    -51.10      3.49
2013.43836    -49.89      3.66
2013.44110    -52.28      3.39
2013.44384    -49.34      4.09
2013.44658    -50.27      4.37
2013.44932    -55.57      3.71
2013.45205    -53.83      3.20
2013.45479    -51.32      3.32
2013.45753    -53.54      3.95
2013.46301    -52.26      3.51
2013.46575    -54.61      3.58
2013.47397    -54.23      3.29
2013.47671    -54.73      3.80
2013.47945    -54.00      3.81
2013.48219    -54.99      3.52
2013.48493    -55.99      3.12
2013.48767    -52.54      2.94
2013.49041    -53.57      3.03
2013.49315    -54.80      4.38
2013.49589    -51.35      3.19
2013.49863    -53.81      3.91
2013.50137    -55.74      3.57
2013.50411    -51.90      3.74
2013.50685    -53.62      4.73
2013.50959    -55.59      4.00
2013.51233    -55.01      3.82
2013.51507    -54.92      3.58
2013.51781    -53.50      3.54
2013.52055    -55.28      3.11
2013.52329    -55.31      3.68
2013.52603    -54.41      3.23
2013.52877    -55.69      4.59
2013.53151    -55.01      5.72
2013.53425    -54.08      3.44
2013.53699    -52.52      3.20
2013.53973    -50.25      3.51
2013.54247    -51.76      3.53
2013.54521    -55.46      3.07
2013.54795    -54.67      3.19
2013.55342    -51.32      4.70
2013.55616    -53.60      3.72
2013.55890    -53.42      3.60
2013.56164    -55.78      4.06
2013.56438    -53.16      4.81
2013.56712    -51.97      4.05
2013.56986    -51.27      3.70
2013.57260    -50.63      3.97
2013.57534    -56.92      3.61
2013.57808    -54.05      3.35
2013.58082    -57.01      3.96
2013.58356    -55.38      3.21
2013.58630    -53.57      6.07
2013.58904    -59.25      3.62
2013.59178    -54.44      3.63
2013.59452    -55.76      3.26
2013.59726    -53.32      3.25
2013.60000    -55.08      4.05
2013.60274    -52.02      2.93
2013.60548    -51.28      3.89
2013.60822    -55.49      4.56
2013.61096    -50.33      3.56
2013.61370    -53.75      3.42
2013.61644    -55.60      3.43
2013.61918    -56.76      3.15
2013.62192    -54.52      3.30
2013.62466    -54.06      4.73
2013.62740    -54.61      3.87
2013.63014    -53.47      3.85
2013.63288    -52.02      4.27
2013.63562    -55.30      3.61
2013.63836    -54.21      4.23
2013.64110    -58.82      6.05
2013.64384    -56.66      3.98
2013.64658    -53.30      4.52
2013.65479    -50.79      3.76
2013.65753    -55.48      4.14
2013.66027    -58.40      5.67
2013.66301    -57.40      5.07
2013.66575    -58.51      3.89
2013.66849    -54.13      4.33
2013.67123    -52.61      3.22
2013.67671    -55.04      3.50
2013.68219    -51.72      2.90
2013.68493    -56.18      3.05
2013.68767    -55.39      3.21
2013.69041    -55.44      4.27
2013.69315    -50.77      3.48
2013.69589    -54.86      3.38
2013.69863    -54.28      3.26
2013.70137    -57.91      3.29
2013.70411    -57.53      3.33
2013.70685    -48.81      4.01
2013.70959    -54.25      4.66
2013.71233    -55.75      3.36
2013.71507    -52.55      3.68
2013.71781    -55.02      3.81
2013.72055    -54.81      3.59
2013.72329    -56.15      4.29
2013.72603    -54.33      3.49
2013.72877    -55.48      3.74
2013.73151    -52.09      3.34
2013.73425    -56.10      3.47
2013.73699    -58.40      3.15
2013.73973    -53.44      3.06
2013.74247    -53.76      2.86
2013.74521    -52.98      3.22
2013.74795    -55.27      3.40
2013.75342    -56.39      3.20
2013.75616    -54.08      3.03
2013.75890    -53.46      2.95
2013.76164    -53.51      3.06
2013.76438    -56.73      3.67
2013.76712    -53.26      2.88
2013.76986    -53.03      2.79
2013.77260    -56.31      3.52
2013.77534    -57.03      4.37
2013.77808    -53.92      3.33
2013.78356    -54.04      3.31
2013.78630    -56.26      3.25
2013.78904    -55.16      3.08
2013.79178    -55.12      2.63
2013.79452    -51.63      2.65
2013.79726    -52.81      2.91
2013.80000    -56.21      2.89
2013.80274    -53.69      2.73
2013.80548    -57.58      2.61
2013.80822    -54.65      2.83
2013.81096    -55.79      2.64
2013.81370    -56.95      2.55
2013.81644    -53.51      2.82
2013.81918    -56.58      2.79
2013.82192    -57.05      2.86
2013.82466    -54.36      2.70
2013.82740    -56.53      2.83
2013.83014    -55.32      3.01
2013.83288    -59.33      3.58
2013.83562    -57.62      3.49
2013.83836    -57.14      3.02
2013.84110    -57.26      3.08
2013.84384    -60.69      3.18
2013.84658    -57.04      2.94
2013.84932    -59.20      2.66
2013.85205    -57.72      2.78
2013.85479    -58.18      2.96
2013.85753    -58.26      3.19
2013.86027    -56.80      3.07
2013.86301    -58.45      3.03
2013.86575    -57.22      3.01
2013.86849    -59.62      2.84
2013.87123    -59.63      2.88
2013.87397    -58.57      2.67
2013.87671    -57.25      2.88
2013.87945    -56.39      2.75
2013.88219    -58.66      2.63
2013.88493    -57.65      2.71
2013.88767    -58.33      2.82
2013.89041    -59.44      2.61
2013.89315    -61.26      2.72
2013.89589    -59.69      2.74
2013.89863    -58.78      3.40
2013.90137    -57.58      2.77
2013.90411    -61.41      2.65
2013.90685    -59.71      2.63
2013.90959    -59.75      2.55
2013.91233    -60.07      2.49
2013.91507    -60.01      2.57
2013.91781    -59.54      2.55
2013.92055    -60.02      2.37
2013.92329    -61.95      2.33
2013.92603    -59.13      2.44
2013.92877    -59.96      2.35
2013.93151    -57.86      2.43
2013.93425    -57.48      2.38
2013.93699    -59.93      2.73
2013.93973    -57.87      2.71
2013.94247    -59.05      2.48
2013.94521    -59.77      2.66
2013.94795    -58.67      2.56
2013.95068    -59.03      2.79
2013.95342    -61.08      2.69
2013.95616    -58.99      2.83
2013.95890    -60.86      3.04
2013.96164    -59.71      2.87
2013.96438    -60.58      2.70
2013.96712    -62.54      2.77
2013.96986    -61.62      2.53
2013.97260    -60.64      2.40
2013.97534    -58.58      2.60
2013.97808    -59.05      2.50
2013.98082    -60.15      2.77
2013.98356    -60.63      2.55
2013.98630    -61.71      2.44
2013.98904    -60.81      2.38
2013.99178    -61.69      2.56
2013.99452    -58.95      2.42
2013.99726    -61.69      2.43
2014.00000    -61.92      2.56
2014.00274    -60.57      3.09
2014.00548    -59.06      2.61
2014.00822    -61.98      2.68
2014.01096    -62.19      2.59
2014.01370    -60.10      2.48
2014.01644    -58.27      2.37
2014.01918    -62.56      2.57
2014.02192    -60.43      2.62
2014.02466    -59.36      2.56
2014.02740    -59.79      2.52
2014.03014    -61.84      2.40
2014.03288    -62.70      2.39
2014.03562    -62.03      2.57
2014.03836    -63.11      2.58
2014.04110    -63.44      2.39
2014.04384    -61.77      2.46
2014.04658    -61.75      2.43
2014.04932    -61.13      2.31
2014.05205    -62.15      2.39
2014.05479    -63.33      2.75
2014.05753    -61.61      2.61
2014.06027    -64.12      2.90
2014.06301    -61.72      2.44
2014.06575    -63.46      2.43
2014.06849    -62.94      2.63
2014.07123    -62.53      2.59
2014.07671    -64.06      3.15
2014.07945    -62.44      3.61
2014.08219    -64.69      2.67
2014.08493    -67.23      2.64
2014.08767    -65.36      2.88
2014.09041    -65.32      3.24
2014.09315    -64.26      2.87
2014.09589    -64.91      2.79
2014.09863    -65.12      2.80
2014.10137    -63.98      3.11
2014.10411    -63.51      2.62
2014.10685    -63.00      2.62
2014.10959    -62.99      2.82
2014.11233    -62.37      2.94
2014.11507    -62.91      2.51
2014.11781    -62.82      2.49
2014.12055    -65.35      2.72
2014.12329    -66.69      2.53
2014.12603    -64.76      2.63
2014.12877    -64.59      2.63
2014.13151    -65.01      2.77
2014.13425    -64.56      3.09
2014.13699    -64.07      2.67
2014.13973    -62.88      2.56
2014.14247    -62.84      2.73
2014.14521    -61.95      2.67
2014.14795    -63.31      2.72
2014.15068    -62.91      2.55
2014.15342    -64.99      2.71
2014.15616    -59.74      2.75
2014.15890    -63.97      2.98
2014.16164    -61.78      3.33
2014.16438    -61.79      3.33
2014.16712    -63.75      2.53
2014.17260    -64.67      2.63
2014.17534    -67.97      5.42
2014.17808    -62.84      2.63
2014.18082    -59.96      3.03
2014.18356    -59.62      3.08
2014.18630    -62.50      2.99
2014.18904    -64.85      2.68
2014.19178    -65.23      2.91
2014.19452    -61.73      3.26
2014.19726    -59.54      2.98
2014.20000    -61.44      2.88
2014.20274    -65.76      3.05
2014.20548    -62.32      2.61
2014.20822    -65.82      2.76
2014.21096    -65.07      2.52
2014.21370    -60.95      2.72
2014.21644    -63.13      2.73
2014.21918    -63.01      2.50
2014.22192    -63.72      2.49
2014.22466    -61.45      2.40
2014.22740    -66.40      2.73
2014.23014    -64.89      2.65
2014.23288    -64.10      2.93
2014.23562    -63.62      2.86
2014.23836    -63.88      2.89
2014.24110    -69.46      3.71
2014.24384    -61.19      2.96
2014.24658    -68.67      5.22
2014.24932    -68.98      2.91
2014.25205    -63.81      3.09
2014.25479    -65.17      3.91
2014.26027    -65.31      2.70
2014.26301    -64.32      2.72
2014.26575    -66.67      2.57
2014.26849    -65.91      3.06
2014.27123    -66.27      2.86
2014.27397    -62.40      3.79
2014.27671    -62.10      2.79
2014.27945    -67.28      3.01
2014.28219    -63.01      2.88
2014.28493    -65.15      2.64
2014.28767    -65.77      2.89
2014.29041    -68.07      2.60
2014.29315    -68.14      2.91
2014.29589    -64.68      2.78
2014.30411    -66.42      2.50
2014.30685    -67.13      2.75
2014.30959    -66.47      2.66
2014.31233    -65.72      2.78
2014.31507    -67.20      2.69
2014.31781    -66.35      2.93
2014.32055    -62.80      3.02
2014.32329    -67.62      2.67
2014.32603    -70.12      2.72
2014.32877    -70.61      3.14
2014.33151    -64.91      3.54
2014.33425    -66.22      2.68
2014.33699    -68.83      2.91
2014.33973    -70.81      2.70
2014.34247    -69.65      2.76
2014.34521    -67.68      2.73
2014.34795    -70.34      2.80
2014.35068    -68.95      2.71
2014.35342    -67.76      2.97
2014.35616    -69.12      2.72
2014.35890    -71.78      2.97
2014.36164    -67.29      3.34
2014.36438    -66.52      3.75
2014.36712    -72.14      3.39
2014.36986    -71.48      4.06
2014.37260    -71.11      3.60
2014.37534    -67.95      3.24
2014.37808    -68.15      4.19
2014.38082    -69.44      4.14
2014.38356    -75.63      4.94
2014.38630    -66.64      3.49
2014.40000    -71.90      3.93
2014.40274    -71.30      3.84
2014.40548    -69.54      3.89
2014.40822    -71.63      3.73
2014.41096    -72.46      3.43
2014.41370    -71.00      3.13
2014.41644    -70.90      3.51
2014.41918    -72.28      3.61
2014.42192    -71.31      3.82
2014.42466    -68.07      3.93
2014.42740    -73.66      3.72
2014.43014    -70.61      3.13
2014.43288    -71.06      3.87
2014.43562    -70.50      3.73
2014.43836    -68.89      3.51
2014.44110    -72.51      3.36
2014.44384    -72.98      3.34
2014.44658    -71.99      3.58
2014.44932    -71.35      3.10
2014.45205    -70.68      3.10
2014.45479    -71.89      3.15
2014.45753    -71.02      3.45
2014.46027    -69.65      3.35
2014.46301    -76.19      4.23
2014.46575    -72.64      3.20
2014.46849    -71.85      3.51
2014.47123    -68.93      3.22
2014.47397    -71.33      3.57
2014.47671    -70.58      3.97
2014.47945    -72.19      3.59
2014.48493    -73.74      3.71
2014.48767    -72.14      3.08
2014.49041    -68.90      4.24
2014.49315    -72.00      3.52
2014.49589    -69.27      3.32
2014.49863    -72.93      4.14
2014.50137    -70.78      3.24
2014.50411    -70.46      3.79
2014.50685    -70.82      3.54
2014.50959    -72.00      3.74
2014.51233    -69.13      3.60
2014.51507    -73.50      3.77
2014.51781    -73.75      3.84
2014.52055    -64.57      4.37
2014.52329    -74.42      3.55
2014.52603    -71.87      3.39
2014.52877    -72.43      3.42
2014.53151    -69.88      3.10
2014.53425    -71.97      3.37
2014.53699    -72.04      3.93
2014.53973    -70.54      3.74
2014.54247    -71.45      4.38
2014.54521    -71.34      4.18
2014.54795    -65.45      6.02
2014.55068    -68.41      3.77
2014.55342    -70.92      3.88
2014.55616    -72.61      4.31
2014.55890    -74.66      5.07
2014.56164    -71.62      4.97
2014.56438    -75.65      3.65
2014.56712    -72.63      4.17
2014.56986    -71.39      3.39
2014.57260    -65.36      5.41
2014.57534    -70.44      4.00
2014.57808    -70.75      3.79
2014.58082    -72.03      4.57
2014.58356    -73.30      4.55
2014.58904    -69.44      4.59
2014.59178    -67.64      3.59
2014.59726    -77.13      4.76
2014.60000    -67.47      5.81
2014.60274    -68.82      4.54
2014.60548    -69.73      4.10
2014.60822    -68.38      4.29
2014.61096    -70.74      3.49
2014.61370    -72.53      4.01
2014.61644    -69.50      3.80
2014.61918    -71.84      3.44
2014.62192    -70.99      3.48
2014.62466    -69.93      3.83
2014.62740    -71.81      3.62
2014.63014    -70.15      3.42
2014.63288    -70.69      4.11
2014.63562    -72.08      4.17
2014.63836    -69.25      3.69
2014.64110    -71.47      5.09
2014.64384    -73.05      3.60
2014.64658    -70.36      3.96
2014.64932    -71.74      4.14
2014.65205    -72.03      3.63
2014.65479    -74.64      4.04
2014.65753    -71.31      4.01
2014.66027    -68.19      3.28
2014.66301    -69.65      3.44
2014.66575    -68.15      3.67
2014.66849    -69.87      4.32
2014.67123    -67.85      3.96
2014.67397    -72.62      3.59
2014.67671    -70.79      4.01
2014.67945    -72.66      3.44
2014.68219    -70.68      3.56
2014.68493    -71.69      3.78
2014.68767    -74.09      3.86
2014.69041    -73.69      4.47
2014.69315    -72.67      4.05
2014.69589    -72.64      3.55
2014.70137    -71.86      3.79
2014.70411    -74.18      4.31
2014.70685    -68.71      4.40
2014.70959    -72.90      3.59
2014.71233    -72.26      3.29
2014.71507    -74.70      3.47
2014.71781    -72.44      3.54
2014.72055    -71.79      5.22
2014.72329    -69.96      3.74
2014.72603    -68.65      4.08
2014.72877    -70.23      3.37
2014.73151    -72.11      3.27
2014.73425    -71.63      4.46
2014.73699    -72.69      3.05
2014.73973    -69.60      3.07
2014.74247    -68.42      3.34
2014.74521    -72.15      3.21
2014.74795    -74.93      4.57
2014.75068    -71.62      3.97
2014.75342    -70.12      3.65
2014.75616    -71.94      3.65
2014.75890    -73.68      4.06
2014.76164    -72.47      3.19
2014.76438    -73.09      3.10
2014.76712    -72.11      2.95
2014.76986    -71.06      3.06
2014.77260    -71.76      2.97
2014.77534    -72.08      3.23
2014.77808    -72.47      3.20
2014.78082    -71.57      3.38
2014.78356    -70.96      3.51
2014.78630    -71.99      3.39
2014.78904    -71.62      3.45
2014.79178    -72.27      3.20
2014.79452    -72.97      3.13
2014.79726    -71.74      3.11
2014.80000    -70.11      3.37
2014.80274    -70.05      3.40
2014.80548    -71.57      3.09
2014.80822    -72.64      3.24
2014.81096    -70.11      3.11
2014.81370    -69.94      2.96
2014.81644    -73.50      3.94
2014.81918    -69.77      3.56
2014.82192    -72.56      3.49
2014.82466    -70.80      3.16
2014.82740    -69.69      3.23
2014.83014    -70.88      3.36
2014.83288    -71.57      3.26
2014.83562    -70.30      3.36
2014.83836    -72.04      3.72
2014.84110    -69.97      3.22
2014.84384    -71.09      3.09
2014.84658    -70.50      3.01
2014.84932    -70.40      3.13
2014.85479    -72.38      3.55
2014.85753    -72.47      2.87
2014.86027    -72.96      2.87
2014.86301    -72.51      3.00
2014.86575    -74.53      2.77
2014.86849    -72.38      2.48
2014.87123    -70.81      2.67
2014.87397    -71.03      2.60
2014.87671    -74.40      2.94
2014.87945    -74.52      2.87
2014.88219    -71.83      2.58
2014.88493    -74.26      2.81
2014.88767    -71.28      2.64
2014.89041    -74.76      3.01
2014.89315    -71.09      2.49
2014.89589    -73.85      2.74
2014.89863    -73.40      2.68
2014.90137    -73.12      2.75
2014.90411    -72.30      2.82
2014.90685    -73.48      2.91
2014.90959    -72.45      3.09
2014.91233    -76.63      3.13
2014.91507    -74.48      3.15
2014.91781    -75.78      2.90
2014.92055    -71.62      2.72
2014.92329    -72.20      2.62
2014.92603    -71.34      2.82
2014.92877    -72.35      2.62
2014.93151    -73.57      2.57
2014.93425    -73.69      2.82
2014.93699    -73.71      2.72
2014.93973    -74.21      2.56
2014.94247    -74.96      2.65
2014.94521    -74.12      2.45
2014.94795    -73.21      2.68
2014.95068    -74.08      2.44
2014.95342    -75.01      2.36
2014.95616    -72.80      2.55
2014.95890    -72.33      2.64
2014.96164    -71.37      2.62
2014.96438    -73.18      2.71
2014.96712    -71.96      3.05
2014.96986    -71.49      2.87
2014.97260    -72.35      2.44
2014.97534    -73.81      2.44
2014.97808    -75.58      2.56
2014.98082    -74.70      2.87
2014.98356    -73.70      3.04
2014.98630    -75.92      2.82
2014.98904    -71.58      2.87
2014.99178    -72.79      2.61
2014.99452    -72.67      2.38
2014.99726    -74.24      2.43
2015.00000    -73.88      2.50
2015.00274    -76.29      2.51
2015.00548    -72.02      2.59
2015.00822    -75.54      2.53
2015.01096    -75.42      2.51
2015.01370    -75.41      2.57
2015.01644    -76.50      2.71
2015.01918    -76.39      2.71
2015.02192    -73.57      2.87
2015.02466    -78.05      2.52
2015.02740    -76.79      2.59
2015.03288    -75.42      2.43
2015.03562    -78.11      2.86
2015.03836    -76.10      2.48
2015.04110    -76.91      2.46
2015.04384    -78.21      2.43
2015.04658    -78.39      2.50
2015.04932    -78.19      2.49
2015.05205    -76.90      2.97
2015.05479    -76.43      2.67
2015.05753    -76.66      2.84
2015.06027    -77.06      2.57
2015.06301    -77.82      3.15
2015.06575    -77.77      2.64
2015.06849    -77.32      2.51
2015.07123    -77.30      2.53
2015.07397    -78.88      2.47
2015.07671    -78.96      2.28
2015.07945    -78.44      2.69
2015.08219    -76.78      2.48
2015.08493    -78.43      2.57
2015.08767    -76.85      2.41
2015.09041    -77.91      2.46
2015.09315    -75.51      2.58
2015.09589    -75.74      2.51
2015.09863    -75.60      2.44
2015.10137    -74.66      2.30
2015.10411    -79.11      2.62
2015.10685    -76.57      2.30
2015.10959    -75.89      2.34
2015.11233    -77.20      2.48
2015.11507    -77.38      2.70
2015.11781    -77.88      2.55
2015.12055    -79.30      2.75
2015.12329    -81.65      2.78
2015.12603    -77.92      3.47
2015.12877    -77.96      3.12
2015.13151    -79.83      2.60
2015.13425    -79.65      2.55
2015.13699    -80.15      2.71
2015.13973    -79.26      2.64
2015.14247    -76.58      3.41
2015.14521    -80.32      2.82
2015.14795    -78.55      3.18
2015.15068    -77.97      2.86
2015.15342    -79.00      3.18
2015.15616    -81.46      3.14
2015.15890    -77.84      3.05
2015.16164    -78.03      3.09
2015.16438    -78.76      2.68
2015.16712    -77.66      2.90
2015.16986    -79.43      2.98
2015.17260    -79.29      3.44
2015.17534    -79.86      2.84
2015.17808    -78.37      3.04
2015.18082    -81.71      2.47
2015.18356    -80.64      3.07
2015.18630    -80.07      3.16
2015.18904    -80.08      2.89
2015.19178    -79.18      3.06
2015.19452    -80.86      2.85
2015.19726    -82.13      2.90
2015.20000    -83.42      3.41
2015.20274    -82.36      2.93
2015.20548    -83.16      2.94
2015.20822    -82.82      2.99
2015.21096    -79.28      3.00
2015.21370    -78.64      3.16
2015.21644    -81.88      2.67
2015.21918    -78.86      2.95
2015.22192    -80.94      2.90
2015.22466    -79.80      3.50
2015.22740    -79.01      3.19
2015.23014    -82.15      3.09
2015.23288    -80.35      3.12
2015.23562    -82.69      2.90
2015.23836    -84.22      3.15
2015.24110    -83.69      3.07
2015.24384    -81.75      2.90
2015.24658    -82.53      2.93
2015.24932    -80.18      3.28
2015.25205    -82.68      3.33
2015.25479    -82.96      3.48
2015.25753    -81.83      3.86
2015.26027    -78.58      3.80
2015.26301    -81.58      4.05
2015.26575    -87.64      3.42
2015.26849    -83.43      2.90
2015.27123    -87.17      2.93
2015.27397    -81.92      3.13
2015.27671    -77.43      3.42
2015.27945    -81.72      3.42
2015.28219    -83.29      3.26
2015.28493    -81.96      2.86
2015.28767    -82.98      3.75
2015.29041    -81.70      3.81
2015.29315    -85.72      4.05
2015.29589    -87.09      3.65
2015.29863    -84.77      3.85
2015.30137    -81.22      3.95
2015.30411    -77.94      6.43
2015.30685    -84.01      3.61
2015.30959    -83.58      3.44
2015.31233    -84.73      3.35
2015.31507    -85.47      3.02
2015.31781    -83.97      3.28
2015.32055    -85.83      3.27
2015.32329    -85.09      3.62
2015.32603    -82.03      3.50
2015.32877    -84.70      3.18
2015.33151    -81.44      3.46
2015.33425    -82.97      3.60
2015.33699    -86.38      3.63
2015.33973    -87.59      3.76
2015.34247    -87.23      3.54
2015.34521    -87.35      3.31
2015.34795    -85.86      3.41
2015.35068    -88.50      3.56
2015.35342    -81.79      3.62
2015.35616    -85.48      3.90
2015.35890    -87.30      3.73
2015.36164    -80.63      4.39
2015.36438    -84.87      3.10
2015.36712    -86.61      3.57
2015.36986    -85.08      3.86
2015.37260    -85.16      3.52
2015.37534    -88.33      4.11
2015.37808    -87.95      3.49
2015.38082    -85.42      3.67
2015.38356    -89.72      3.76
2015.38630    -88.27      3.23
2015.38904    -84.77      3.55
2015.39178    -83.97      3.64
2015.39452    -85.90      3.50
2015.39726    -85.70      3.44
2015.40000    -82.05      3.26
2015.40274    -87.06      3.06
2015.40548    -89.17      3.47
2015.40822    -86.37      3.09
2015.41096    -86.20      4.07
2015.41370    -86.38      4.06
2015.41644    -91.04      3.74
2015.41918    -92.57      4.19
2015.42192    -90.84      3.90
2015.42466    -88.97      3.63
2015.42740    -89.87      3.93
2015.43014    -85.25      3.79
2015.43288    -89.79      3.86
2015.43562    -89.85      3.80
2015.43836    -94.12      3.63
2015.44110    -92.01      3.64
2015.44384    -89.14      4.26
2015.44658    -91.73      3.59
2015.44932    -89.99      3.94
2015.45205    -88.90      4.16
2015.45479    -91.51      3.93
2015.45753    -90.17      3.90
2015.46027    -92.13      3.65
2015.46301    -88.88      3.70
2015.46575    -84.69      3.95
2015.46849    -86.48      5.14
2015.47123    -93.22      4.11
2015.47397    -89.11      3.91
2015.47671    -86.40      3.61
2015.47945    -90.31      4.48
2015.48219    -89.89      3.97
2015.48493    -89.90      3.98
2015.48767    -89.11      3.84
2015.49041    -90.76      3.87
2015.49315    -91.70      4.71
2015.49589    -90.23      3.92
2015.49863    -91.50      4.45
2015.50137    -90.54      4.34
2015.50411    -89.08      3.77
2015.50685    -90.67      4.41
2015.50959    -84.54      4.32
2015.51233    -85.65      3.78
2015.51507    -88.00      3.71
2015.51781    -88.95      3.78
2015.52055    -89.63      4.03
2015.52329    -84.47      4.16
2015.52603    -90.75      3.67
2015.52877    -86.95      6.58
2015.53151    -87.45      5.72
2015.53699    -88.71      4.62
2015.53973    -91.93      3.64
2015.54247    -88.42      4.22
2015.54521    -88.71      4.47
2015.54795    -83.58      4.06
2015.55068    -90.20      3.48
2015.55342    -88.70      3.91
2015.55616    -86.94      3.82
2015.55890    -86.51      3.46
2015.56164    -95.54      4.33
2015.56438    -92.15      4.18
2015.56712    -88.45      4.09
2015.56986    -91.88      4.82
2015.57260    -92.38      4.58
2015.57534    -86.74      3.77
2015.57808    -92.49      3.98
2015.58082    -91.77      4.84
2015.58356    -88.99      4.80
2015.58630    -90.19      4.48
2015.58904    -91.69      3.65
2015.59178    -94.21      3.99
2015.59452    -91.55      4.29
2015.59726    -91.79      4.13
2015.60000    -90.60      4.25
2015.60274    -87.90      4.20
2015.60548    -88.15      5.01
2015.60822    -90.83      4.06
2015.61096    -91.78      3.98
2015.61370    -88.37      4.25
2015.61644    -90.25      3.80
2015.61918    -87.95      3.76
2015.62192    -88.88      3.89
2015.62466    -86.75      3.84
2015.62740    -85.14      3.58
2015.63014    -86.52      3.68
2015.63288    -87.11      4.45
2015.63562    -88.60      3.76
2015.63836    -90.00      4.35
2015.64110    -86.39      3.71
2015.64384    -89.36      4.09
2015.64658    -88.79      4.88
2015.64932    -84.92      4.56
2015.65205    -85.59      4.48
2015.65479    -85.89      3.31
2015.65753    -87.44      3.61
2015.66027    -84.43      3.36
2015.66301    -85.12      3.32
2015.66575    -85.33      3.41
2015.66849    -85.77      3.48
2015.67123    -89.24      3.65
2015.67397    -88.67      3.24
2015.67671    -89.26      3.51
2015.67945    -89.71      3.42
2015.68219    -88.77      3.79
2015.68493    -86.54      3.61
2015.68767    -89.93      3.55
2015.69041    -91.33      3.74
2015.69315    -90.85      3.36
2015.69589    -85.82      3.64
2015.69863    -88.77      3.67
2015.70137    -91.62      3.49
2015.70411    -89.11      3.78
2015.70685    -89.00      3.41
2015.70959    -89.81      3.87
2015.71233    -90.35      3.30
2015.71507    -95.79      3.71
2015.71781    -90.96      3.58
2015.72055    -88.51      3.04
2015.72329    -92.36      3.20
2015.72603    -91.77      3.32
2015.72877    -94.11      3.34
2015.73151    -91.84      3.46
2015.73425    -91.37      3.55
2015.73699    -90.73      3.26
2015.73973    -89.34      3.47
2015.74247    -88.94      4.45
2015.74521    -89.84      3.86
2015.74795    -92.34      3.72
2015.75068    -93.90      4.15
2015.75342    -95.11      3.55
2015.75616    -95.42      3.45
2015.75890    -90.98      3.63
2015.76164    -92.13      3.43
2015.76438    -94.22      3.48
2015.76712    -92.50      3.29
2015.76986    -95.14      3.80
2015.77260    -91.06      3.22
2015.77534    -91.10      3.48
2015.77808    -91.55      3.16
2015.78082    -91.29      3.06
2015.78356    -90.62      3.30
2015.78630    -91.37      3.24
2015.78904    -91.23      2.94
2015.79178    -90.51      3.22
2015.79452    -88.70      3.75
2015.79726    -89.59      3.43
2015.80000    -88.77      3.81
2015.80274    -88.70      3.20
2015.80548    -86.27      3.37
2015.80822    -88.81      3.33
2015.81096    -88.64      3.22
2015.81370    -91.48      3.88
2015.81644    -90.94      3.43
2015.81918    -91.23      3.01
2015.82192    -92.00      3.23
2015.82466    -90.21      3.15
2015.82740    -90.30      3.21
2015.83288    -88.39      4.39
2015.83562    -95.53      3.24
2015.83836    -93.34      3.50
2015.84110    -99.56      3.89
2015.84384    -96.46      3.48
2015.84658    -94.97      3.00
2015.84932    -98.51      3.42
2015.85205    -98.93      3.83
2015.85479    -97.66      3.32
2015.85753    -95.24      3.90
2015.86027    -95.11      3.12
2015.86301    -96.92      3.25
2015.86575   -100.25      2.91
2015.86849   -100.21      3.04
2015.87123    -93.12      3.14
2015.87397    -99.83      3.12
2015.87671    -98.29      2.94
2015.87945    -98.25      2.92
2015.88219    -96.65      3.16
2015.88493    -95.34      4.30
2015.88767    -95.58      4.11
2015.89041    -99.48      3.43
2015.89315    -98.18      2.74
2015.89589    -96.29      3.25
2015.89863    -98.61      5.91
2015.90137    -95.23      3.43
2015.90411    -90.56      2.85
2015.90685    -92.75      2.85
2015.90959    -95.62      2.90
2015.91233    -90.30      2.72
2015.91507    -90.91      2.83
2015.91781    -91.01      3.12
2015.92055    -91.74      2.94
2015.92329    -88.66      2.80
2015.92603    -90.65      3.00
2015.92877    -92.17      3.47
2015.93151    -89.48      2.91
2015.93425    -88.47      3.01
2015.93699    -92.65      2.65
2015.93973    -91.61      3.40
2015.94247    -88.09      3.15
2015.94795    -89.28      3.25
2015.95068    -91.27      2.80
2015.95342    -89.69      2.84
2015.95616    -91.60      2.37
2015.95890    -89.48      2.45
2015.96164    -87.35      2.54
2015.96438    -88.63      2.26
2015.96712    -89.75      2.51
2015.96986    -92.10      2.78
2015.97260    -92.69      2.83
2015.97534    -92.57      2.48
2015.97808    -92.41      2.50
2015.98082    -92.95      2.78
2015.98356    -91.95      2.59
2015.98630    -91.55      2.34
2015.98904    -90.62      2.94
2015.99178    -89.87      2.44
2015.99452    -92.31      2.34
2015.99726    -92.87      2.38
2016.00000    -92.31      2.33
2016.00273    -93.80      2.39
2016.00546    -94.51      3.08
2016.00820    -94.56      3.08
2016.01093    -94.43      2.74
2016.01366    -97.48      3.04
2016.01639    -94.98      2.83
2016.01913    -95.10      2.69
2016.02186    -92.63      2.38
2016.02459    -94.30      2.46
2016.02732    -93.14      2.53
2016.03005    -92.24      2.74
2016.03279    -92.16      2.87
2016.03552    -92.74      2.83
2016.03825    -93.09      2.52
2016.04098    -93.20      2.80
2016.04372    -97.30      2.95
2016.04645    -95.12      3.38
2016.04918    -92.55      2.45
2016.05191    -93.72      2.67
2016.05464    -94.17      2.48
2016.05738    -94.89      2.35
2016.06011    -92.79      2.42
2016.06284    -93.95      2.61
2016.06557    -90.60      2.75
2016.06831    -91.61      2.40
2016.07104    -95.17      2.58
2016.07377    -93.67      2.48
2016.07650    -93.32      2.69
2016.07923    -92.27      3.57
2016.08197    -92.97      2.57
2016.08470    -90.32      2.39
2016.08743    -91.53      2.82
2016.09016    -90.93      2.32
2016.09290    -91.60      2.32
2016.09563    -94.53      2.94
2016.10383   -106.62      2.61
2016.10656   -108.50      2.50
2016.10929   -111.05      2.49
2016.11202   -110.44      2.46
2016.11475   -112.73      3.29
2016.12022   -112.44      2.94
2016.12295   -110.96      2.93
2016.12568   -108.71      2.54
2016.12842   -110.21      2.50
2016.13115   -110.67      2.47
2016.13388   -110.98      2.39
2016.13661   -111.85      2.59
2016.13934   -111.79      2.45
2016.14208   -111.21      2.56
2016.14481   -113.60      2.47
2016.14754   -112.11      2.46
2016.15027   -111.09      2.62
2016.15301   -114.60      2.42
2016.15574   -113.69      2.57
2016.15847   -112.55      2.81
2016.16120   -115.34      2.84
2016.16393   -113.02      2.85
2016.16667   -114.14      2.70
2016.16940   -116.66      4.42
2016.17213   -115.69      3.14
2016.17486   -114.31      2.94
2016.17760   -113.55      3.16
2016.18033   -116.06      2.62
2016.18306   -115.55      2.87
2016.18579   -116.51      3.63
2016.18852   -115.41      3.30
2016.19126   -116.07      3.31
2016.19399   -112.45      2.54
2016.19672   -116.82      2.94
2016.19945   -116.00      3.66
2016.20219   -115.49      3.17
2016.20492   -120.02      3.24
2016.20765   -119.05      2.81
2016.21038   -119.90      3.05
2016.21311   -120.71      2.95
2016.21585   -119.17      3.12
2016.21858   -118.06      2.78
2016.22131   -115.99      2.75
2016.22404   -120.67      2.85
2016.22678   -116.94      3.73
2016.22951   -115.92      2.45
2016.23224   -115.38      2.62
2016.23497   -117.83      2.47
2016.23770   -119.16      2.81
2016.24044   -118.70      3.07
2016.24317   -121.09      2.73
2016.24590   -122.16      3.04
2016.24863   -120.59      3.20
2016.25137   -120.91      3.05
2016.25683   -115.24      5.98
2016.25956   -119.81      2.89
2016.26230   -123.55      2.97
2016.26503   -120.07      3.08
2016.26776   -125.98      2.98
2016.27049   -122.88      3.07
2016.27322   -123.91      3.16
2016.27596   -121.56      4.00
2016.27869   -123.17      3.26
2016.28142   -127.94      3.20
2016.28415   -123.28      4.39
2016.28689   -119.86      4.84
2016.28962   -126.01      3.46
2016.29235   -128.23      3.52
2016.29508   -129.91      3.52
2016.29781   -124.56      3.69
2016.30055   -125.00      3.05
2016.30328   -128.80      3.14
2016.30601   -127.98      3.14
2016.30874   -130.25      3.05
2016.31148   -129.12      3.18
2016.31421   -128.38      3.16
2016.31694   -128.34      2.96
2016.31967   -127.57      3.36
2016.32240   -125.82      3.33
2016.32514   -126.10      3.46
2016.32787   -126.47      2.99
2016.33060   -129.48      2.81
2016.33333   -129.13      3.06
2016.33607   -125.69      3.39
2016.33880   -127.93      3.30
2016.34153   -127.75      3.00
2016.34426   -132.17      3.08
2016.34699   -129.81      3.25
2016.34973   -129.54      3.55
2016.35246   -130.90      3.53
2016.35519   -133.01      3.45
2016.35792   -129.08      4.06
2016.36066   -129.35      3.72
2016.36339   -130.44      3.66
2016.36612   -131.41      4.04
2016.36885   -130.75      3.86
2016.37158   -131.20      3.58
2016.37432   -130.98      3.14
2016.37705   -132.56      2.85
2016.37978   -131.93      3.06
2016.38251   -133.06      3.05
2016.38525   -130.52      2.96
2016.38798   -126.29      3.10
2016.39071   -128.10      4.01
2016.39344   -131.25      3.84
2016.39617   -132.82      4.14
2016.39891   -135.96      3.88
2016.40164   -133.28      3.11
2016.40437   -134.33      3.08
2016.40710   -135.65      3.24
2016.40984   -130.81      3.34
2016.41257   -132.58      3.84
2016.41530   -132.58      3.30
2016.41803   -130.67      3.33
2016.42077   -130.57      3.48
2016.42350   -133.91      3.31
2016.42623   -133.46      3.57
2016.42896   -130.39      4.41
2016.43169   -132.70      4.02
2016.43443   -137.23      5.56
2016.43716   -131.92      3.90
2016.43989   -129.24      3.27
2016.44262   -129.39      3.64
2016.44536   -127.40      3.44
2016.44809   -129.62      4.09
2016.45082   -133.73      4.32
2016.45355   -131.53      4.40
2016.45628   -137.73      3.79
2016.45902   -136.30      3.59
2016.46175   -136.68      3.66
2016.46448   -137.98      4.67
2016.46721   -132.92      4.08
2016.46995   -135.62      3.65
2016.47268   -134.79      3.72
2016.47541   -136.39      3.62
2016.47814   -130.94      4.02
2016.48087   -134.27      3.98
2016.48361   -134.60      3.96
2016.48634   -137.84      4.87
2016.48907   -137.42      3.70
2016.49180   -132.58      4.02
2016.49454   -136.03      4.32
2016.49727   -133.21      4.22
2016.50000   -136.49      3.67
2016.50273   -134.31      3.72
2016.50546   -133.72      3.96
2016.50820   -135.77      3.71
2016.51093   -134.21      3.84
2016.51366   -130.66      4.17
2016.51639   -130.82      3.80
2016.51913   -127.42      4.67
2016.52186   -131.74      4.72
2016.52459   -129.15      4.10
2016.52732   -128.99      4.73
2016.53005   -132.41      4.81
2016.53279   -134.53      3.45
2016.53552   -134.66      3.54
2016.53825   -139.86      3.52
2016.54098   -138.82      4.01
2016.54372   -133.03      4.24
2016.54645   -137.08      4.08
2016.54918   -132.05      3.25
2016.55191   -135.82      3.95
2016.55464   -138.94      3.38
2016.55738   -137.99      3.85
2016.56011   -130.65      3.99
2016.56284   -131.77      4.20
2016.56557   -136.36      3.28
2016.56831   -134.97      3.54
2016.57104   -133.01      3.96
2016.57377   -132.71      4.34
2016.57650   -135.14      4.34
2016.57923   -133.92      4.01
2016.58197   -134.46      4.20
2016.58470   -129.22      4.15
2016.58743   -133.69      3.37
2016.59016   -136.35      3.30
2016.59290   -135.45      3.47
2016.59563   -133.67      3.39
2016.59836   -132.08      4.02
2016.60109   -137.38      5.11
2016.60383   -136.20      4.58
2016.60656   -134.34      4.35
2016.60929   -134.21      4.34
2016.61202   -133.29      3.85
2016.61475   -132.88      2.99
2016.61749   -132.27      3.14
2016.62022   -137.83      3.41
2016.62295   -134.78      3.79
2016.62568   -132.21      3.60
2016.62842   -133.98      3.64
2016.63115   -134.83      4.39
2016.63388   -134.58      4.39
2016.63661   -141.35      4.30
2016.63934   -141.08      5.05
2016.64208   -137.47      4.60
2016.64481   -137.40      4.11
2016.64754   -135.28      4.19
2016.65027   -135.34      4.03
2016.65301   -138.08      4.86
2016.65574   -133.99      5.01
2016.65847   -133.39      4.30
2016.66120   -126.67      5.00
2016.66393   -132.22      3.61
2016.66667   -137.11      3.65
2016.66940   -136.75      3.64
2016.67213   -132.12      4.82
2016.67486   -131.60      3.69
2016.67760   -136.84      4.16
2016.68033   -135.72      4.38
2016.68306   -129.71      4.03
2016.68579   -133.84      3.51
2016.68852   -131.22      3.44
2016.69126   -137.97      3.82
2016.69399   -136.19      3.41
2016.69672   -133.71      4.23
2016.69945   -134.95      3.88
2016.70219   -135.03      3.77
2016.70492   -137.16      6.93
2016.71585   -136.69      3.27
2016.71858   -135.22      4.36
2016.72131   -136.62      4.14
2016.72404   -133.81      3.96
2016.72678   -130.55      5.06
2016.72951   -134.96      4.65
2016.73224   -137.73      3.77
2016.73497   -131.17      4.20
2016.73770   -136.76      3.90
2016.74044   -132.82      5.31
2016.74317   -137.49      6.74
2016.74590   -134.80      4.48
2016.74863   -132.72      3.94
2016.75137   -133.95      3.91
2016.75410   -138.23      3.96
2016.75683   -133.60      3.85
2016.75956   -141.97      5.16
2016.76230   -139.19      4.61
2016.76503   -132.73      4.22
2016.76776   -134.93      3.99
2016.77049   -131.91      3.67
2016.77322   -133.83      3.84
2016.77596   -135.72      3.78
2016.77869   -134.05      4.25
2016.78142   -139.12      4.03
2016.78415   -136.60      4.03
2016.78689   -136.85      3.94
2016.78962   -138.87      4.44
2016.79235   -136.26      4.22
2016.79508   -135.70      4.05
2016.79781   -140.51      3.63
2016.80328   -136.50      6.01
2016.80601   -137.89      3.98
2016.80874   -139.23      3.73
2016.81148   -139.18      3.76
2016.81421   -138.37      3.74
2016.81694   -140.26      3.79
2016.81967   -137.63      3.58
2016.82240   -138.36      3.24
2016.82514   -138.96      3.55
2016.82787   -136.36      3.68
2016.83060   -138.12      3.57
2016.83333   -136.45      3.51
2016.83607   -138.06      3.47
2016.83880   -136.86      3.71
2016.84153   -137.14      3.38
2016.84426   -141.22      5.21
2016.84699   -136.94      3.56
2016.84973   -136.94      3.64
2016.85246   -138.46      3.43
2016.85519   -134.84      2.82
2016.85792   -136.48      2.85
2016.86066   -134.84      3.12
2016.86339   -137.08      2.73
2016.86612   -139.20      2.91
2016.86885   -140.34      2.91
2016.87158   -137.13      2.91
2016.87432   -137.67      2.99
2016.87705   -137.70      2.93
2016.87978   -136.31      3.45
2016.88251   -136.67      2.89
2016.88525   -139.49      3.52
2016.88798   -138.32      3.20
2016.89071   -139.90      3.22
2016.89344   -136.95      3.01
2016.89617   -134.72      3.24
2016.89891   -138.31      3.03
2016.90164   -138.92      2.86
2016.90437   -135.68      3.21
2016.90710   -131.57      3.70
2016.90984   -133.96      3.52
2016.91257   -137.00      3.11
2016.91530   -136.28      3.39
2016.91803   -136.18      3.37
2016.92077   -138.00      3.15
2016.92350   -139.03      3.09
2016.92623   -138.75      3.33
2016.92896   -138.80      2.97
2016.93169   -136.32      2.77
2016.93443   -136.53      2.99
2016.93716   -136.59      3.19
2016.93989   -136.16      3.25
2016.94262   -137.74      2.97
2016.94536   -135.14      3.02
2016.94809   -137.81      3.18
2016.95082   -134.75      3.04
2016.95355   -134.88      2.95
2016.95628   -136.52      2.61
2016.95902   -132.81      2.99
2016.96175   -134.11      2.83
2016.96448   -136.39      2.93
2016.96721   -140.64      3.34
2016.96995   -139.97      3.16
2016.97268   -141.86      2.96
2016.97541   -139.43      2.78
2016.97814   -138.75      2.89
2016.98087   -140.42      2.51
2016.98361   -142.44      2.74
2016.98634   -137.24      3.06
2016.98907   -137.27      3.17
2016.99180   -137.92      2.74
2016.99454   -135.39      2.79
2016.99727   -136.02      2.77
2017.00000   -135.38      2.95
2017.00274   -138.14      2.86
2017.00548   -135.95      2.77
2017.00822   -140.28      2.59
2017.01096   -140.46      2.76
2017.01370   -137.55      2.79
2017.01644   -140.72      2.67
2017.01918   -137.20      2.92
2017.02192   -136.96      2.93
2017.02466   -137.03      3.15
2017.02740   -136.04      3.58
2017.03014   -133.74      3.09
2017.03288   -136.98      2.92
2017.03562   -135.68      2.67
2017.03836   -137.06      2.34
2017.04110   -134.06      2.61
2017.04384   -135.49      2.62
2017.04658   -135.53      3.03
2017.04932   -138.68      2.97
2017.05205   -138.43      2.82
2017.05479   -136.35      2.67
2017.05753   -136.86      2.83
2017.06027   -137.84      2.75
2017.06301   -137.25      2.67
2017.06575   -135.46      2.53
2017.06849   -135.45      3.34
2017.07123   -137.71      2.73
2017.07397   -134.40      2.91
2017.07671   -138.15      2.95
2017.07945   -138.55      2.92
2017.08219   -135.95      3.14
2017.08493   -135.21      2.85
2017.08767   -137.16      2.81
2017.09041   -135.45      2.62
2017.09589   -135.27      3.81
2017.09863   -135.45      3.03
2017.10137   -137.37      2.85
2017.10411   -138.51      2.90
2017.10685   -135.10      3.25
2017.10959   -138.29      2.27
2017.11233   -135.80      2.42
2017.11507   -133.37      2.73
2017.11781   -135.65      2.79
2017.12055   -138.10      2.60
2017.12329   -139.88      2.71
2017.12603   -137.45      2.65
2017.12877   -139.91      2.50
2017.13151   -140.79      2.70
2017.13425   -141.60      3.02
2017.13699   -141.75      3.07
2017.13973   -139.73      3.01
2017.14247   -144.35      3.07
2017.14521   -143.43      3.17
2017.14795   -143.11      2.93
2017.15068   -136.25      2.88
2017.15616   -140.51      2.64
2017.15890   -141.51      2.64
2017.16164   -141.85      2.64
2017.16438   -141.92      2.76
2017.16712   -143.41      2.81
2017.16986   -143.82      2.45
2017.17260   -142.73      2.74
2017.17534   -145.17      2.91
2017.17808   -144.19      2.66
2017.18082   -140.87      2.35
2017.18356   -139.98      2.67
2017.18630   -140.19      2.72
2017.18904   -145.86      2.79
2017.19178   -139.82      2.55
2017.19452   -146.97      2.50
2017.19726   -149.11      2.81
2017.20000   -147.98      2.62
2017.20274   -139.22      3.65
2017.20548   -141.53      3.89
2017.20822   -146.90      2.51
2017.21096   -147.06      2.91
2017.21370   -144.85      3.15
2017.21644   -148.87      2.86
2017.21918   -144.25      3.57
2017.22192   -144.49      4.35
2017.22466   -148.22      3.31
2017.22740   -146.99      3.55
2017.23014   -147.85      3.04
2017.23288   -139.87      3.17
2017.23562   -146.99      3.58
2017.23836   -147.14      3.40
2017.24110   -148.45      3.33
2017.24384   -149.30      3.09
2017.24658   -150.53      4.53
2017.24932   -142.64      3.54
2017.25205   -145.11      4.27
2017.25479   -146.16      3.99
2017.25753   -143.31      4.03
2017.26027   -146.19      3.30
2017.26301   -149.46      3.57
2017.26575   -149.66      3.32
2017.26849   -139.41      6.58
2017.27123   -140.65      5.55
2017.27397   -145.28      3.77
2017.27671   -146.81      4.73
2017.27945   -151.49      4.07
2017.28219   -140.91      4.51
2017.28493   -147.46      3.39
2017.28767   -148.85      4.33
2017.29041   -147.28      4.31
2017.29315   -150.64      3.65
2017.29589   -153.15      3.41
2017.29863   -153.38      4.31
2017.30137   -144.69      4.70
2017.30411   -143.92      4.27
2017.30685   -145.99      3.15
2017.30959   -147.32      2.79
2017.31233   -141.96      2.86
2017.31507   -145.21      3.12
2017.31781   -147.47      3.14
2017.32055   -145.70      3.43
2017.32329   -143.15      3.63
2017.32603   -146.39      3.37
2017.32877   -148.36      3.03
2017.33151   -153.26      2.97
2017.33425   -150.47      3.08
2017.33699   -147.09      3.19
2017.33973   -150.36      3.29
2017.34247   -152.40      3.43
2017.34521   -146.29      3.69
2017.34795   -148.83      3.12
2017.35068   -146.53      3.36
2017.35342   -149.74      3.42
2017.35616   -150.63      3.81
2017.35890   -148.54      3.32
2017.36164   -148.81      3.27
2017.36438   -148.37      3.40
2017.36712   -150.48      3.35
2017.36986   -147.69      3.33
2017.37260   -142.47      2.98
2017.37534   -149.49      2.93
2017.37808   -145.86      3.53
2017.38082   -145.73      3.33
2017.38356   -145.28      3.06
2017.38630   -149.96      3.11
2017.38904   -151.01      3.15
2017.39178   -151.09      3.14
2017.39452   -147.74      4.15
2017.39726   -144.39      3.75
2017.40000   -146.65      2.90
2017.40274   -145.38      2.82
2017.40548   -146.86      3.72
2017.40822   -146.58      3.77
2017.41096   -144.79      4.47
2017.41370   -150.59      3.92
2017.41644   -145.98      4.90
2017.41918   -146.36      4.53
2017.42192   -148.98      4.34
2017.42466   -146.40      3.89
2017.42740   -153.76      3.35
2017.43014   -153.15      3.51
2017.43288   -145.72      3.93
2017.43562   -152.24      4.40
2017.43836   -152.21      4.36
2017.44110   -149.94      3.45
2017.44384   -154.21      3.24
2017.44658   -148.83      4.14
2017.44932   -150.82      4.07
2017.45205   -147.89      4.54
2017.45479   -145.21      4.10
2017.45753   -152.65      5.11
2017.46027   -148.90      5.36
2017.46301   -147.68      4.30
2017.46575   -149.13      3.70
2017.46849   -148.88      4.08
2017.47123   -151.13      3.54
2017.47397   -151.66      3.39
2017.47671   -148.61      3.72
2017.47945   -152.18      3.98
2017.48219   -150.68      3.47
2017.48493   -151.64      3.31
2017.48767   -149.95      3.55
2017.49041   -148.92      3.97
2017.49315   -151.42      3.95
2017.49589   -148.52      3.65
2017.49863   -150.28      3.56
2017.50411   -154.45      4.28
2017.50685   -148.60      3.64
2017.50959   -156.59      3.74
2017.51233   -153.47      3.82
2017.51507   -152.69      3.89
2017.51781   -153.75      3.81
2017.52055   -151.73      3.43
2017.52603   -149.54      4.61
2017.52877   -149.81      4.36
2017.53151   -152.89      4.03
2017.53425   -150.87      4.11
2017.53699   -150.55      4.42
2017.53973   -149.89      4.24
2017.54247   -151.46      3.06
2017.54521   -155.00      3.73
2017.54795   -154.19      3.60
2017.55068   -154.37      3.38
2017.55616   -150.05      3.28
2017.55890   -153.43      3.51
2017.56164   -152.42      4.23
2017.56438   -151.53      3.97
2017.56712   -153.54      4.35
2017.56986   -151.46      3.67
2017.57260   -152.80      3.83
2017.57534   -147.46      4.62
2017.57808   -149.76      5.33
2017.58082   -147.88      5.85
2017.58356   -150.76      4.71
2017.58630   -151.34      3.62
2017.58904   -154.84      4.71
2017.59178   -153.04      3.90
2017.59452   -154.53      3.72
2017.59726   -154.82      3.75
2017.60000   -155.46      4.02
2017.60274   -157.63      4.05
2017.60548   -153.13      3.94
2017.60822   -152.47      4.73
2017.61096   -148.82      3.87
2017.61370   -152.68      3.53
2017.61644   -149.72      3.40
2017.61918   -152.14      3.31
2017.62466   -151.42      3.77
2017.62740   -153.64      3.66
2017.63014   -153.97      4.22
2017.63288   -153.96      4.81
2017.63562   -151.36      4.26
2017.63836   -150.75      4.58
2017.64110   -152.73      4.30
2017.64384   -153.76      3.28
2017.64658   -150.16      3.34
2017.64932   -154.76      3.73
2017.65205   -155.92      4.00
2017.65479   -153.34      3.61
2017.65753   -152.71      3.89
2017.66027   -157.53      4.25
2017.66301   -153.90      4.08
2017.66575   -153.61      3.86
2017.66849   -152.06      5.41
2017.67123   -150.54      3.54
2017.67397   -153.12      3.94
2017.67671   -155.82      4.37
2017.67945   -154.41      3.75
2017.68219   -156.18      3.48
2017.68493   -153.33      3.67
2017.68767   -156.74      3.47
2017.69041   -154.65      3.45
2017.69315   -158.08      3.59
2017.69589   -159.18      3.79
2017.69863   -158.21      3.72
2017.70137   -156.54      3.84
2017.70411   -154.91      3.58
2017.70685   -156.53      3.13
2017.70959   -154.37      3.67
2017.71233   -156.68      3.50
2017.71507   -156.19      3.57
2017.71781   -153.51      3.96
2017.72055   -156.99      3.32
2017.72329   -156.92      3.17
2017.72603   -153.54      4.17
2017.72877   -155.60      3.43
2017.73151   -156.04      3.56
2017.73425   -159.38      4.03
2017.73699   -156.56      3.44
2017.73973   -155.82      3.30
2017.74247   -158.24      3.84
2017.74521   -156.97      5.01
2017.74795   -154.23      3.54
2017.75342   -157.21      3.61
2017.75616   -151.53      4.15
2017.75890   -154.91      4.80
2017.76164   -157.02      3.64
2017.76438   -159.40      4.29
2017.76712   -155.02      3.96
2017.76986   -156.30      4.88
2017.77260   -151.53      4.76
2017.77808   -159.87      4.25
2017.78082   -156.01      4.41
2017.78356   -159.21      3.46
2017.78630   -158.05      4.12
2017.78904   -156.25      4.33
2017.79178   -157.12      4.50
2017.79452   -150.63      3.95
2017.79726   -156.47      3.56
2017.80000   -153.69      3.67
2017.80274   -155.08      2.93
2017.80548   -149.98      2.77
2017.80822   -153.83      2.92
2017.81096   -153.45      3.03
2017.81370   -152.20      3.06
2017.81644   -155.63      3.21
2017.81918   -150.57      3.12
2017.82192   -154.89      2.99
2017.82466   -155.05      3.03
2017.82740   -155.57      3.20
2017.83014   -148.90      3.33
2017.83288   -152.68      3.01
2017.83562   -152.88      3.22
2017.83836   -152.08      3.24
2017.84110   -152.92      3.42
2017.84384   -153.25      3.06
2017.84658   -154.92      2.70
2017.84932   -153.85      3.12
2017.85205   -156.59      3.61
2017.85479   -153.76      3.39
2017.85753   -153.05      2.94
2017.86301   -154.29      3.24
2017.86575   -153.71      2.74
2017.86849   -154.32      2.75
2017.87123   -155.19      3.27
2017.87397   -155.16      3.09
2017.87671   -158.56      3.10
2017.87945   -156.84      3.00
2017.88219   -156.21      3.20
2017.88493   -157.02      2.71
2017.88767   -155.02      2.85
2017.89041   -155.48      3.01
2017.89315   -153.75      2.94
2017.89589   -155.81      3.01
2017.89863   -152.60      2.81
2017.90137   -154.75      2.83
2017.90411   -152.66      2.84
2017.90685   -158.48      3.06
2017.90959   -155.98      2.81
2017.91233   -154.53      2.97
2017.91507   -154.34      3.13
2017.91781   -156.40      3.24
2017.92055   -154.32      3.16
2017.92329   -154.06      3.04
2017.92603   -156.45      2.94
2017.92877   -152.82      2.70
2017.93151   -154.11      2.91
2017.93425   -152.28      2.96
2017.93699   -155.24      2.60
2017.93973   -150.90      2.79
2017.94247   -151.64      2.80
2017.94521   -153.35      2.78
2017.94795   -153.38      2.86
2017.95068   -157.96      2.48
2017.95342   -151.86      2.79
2017.95616   -154.63      2.85
2017.95890   -150.47      3.01
2017.96164   -150.47      3.09
2017.96438   -153.13      3.06
2017.96712   -152.30      3.35
2017.96986   -150.59      3.52
2017.97260   -151.42      2.86
2017.97534   -154.22      2.72
2017.97808   -153.92      2.92
2017.98082   -155.75      2.91
2017.98356   -153.69      2.58
2017.98630   -157.24      2.76
2017.98904   -154.35      2.76
2017.99178   -156.24      2.98
2017.99452   -155.21      3.65
2018.00548   -152.36      2.94
2018.00822   -154.34      2.79
2018.01096   -152.29      3.15
2018.01370   -153.50      2.93
2018.01644   -152.54      2.84
2018.01918   -155.06      2.68
2018.02192   -153.45      3.04
2018.02466   -152.40      2.98
2018.02740   -152.67      2.69
2018.03014   -151.64      2.80
2018.03288   -153.58      2.68
2018.03562   -154.47      2.65
2018.03836   -152.87      3.06
2018.04110   -155.40      2.90
2018.04384   -153.53      2.94
2018.04658   -158.22      3.09
2018.04932   -156.19      3.07
2018.05205   -154.71      3.15
2018.05479   -157.40      2.86
2018.05753   -158.58      3.21
2018.06027   -155.75      3.18
2018.06301   -156.46      2.97
2018.06575   -155.06      2.94
2018.06849   -153.18      3.16
2018.07123   -155.94      3.02
2018.07397   -156.37      3.12
2018.07671   -152.28      3.62
2018.07945   -154.59      2.67
2018.08219   -154.16      3.06
2018.08493   -157.75      2.75
2018.08767   -153.27      2.68
2018.09041   -157.20      2.81
2018.09315   -152.81      2.49
2018.09589   -152.65      2.49
2018.09863   -154.91      2.73
2018.10137   -155.94      2.85
2018.10411   -156.95      2.86
2018.10685   -155.35      2.73
2018.10959   -160.39      2.84
2018.11233   -158.82      2.94
2018.11507   -154.47      2.58
2018.11781   -156.91      2.59
2018.12055   -156.92      2.85
2018.12329   -161.07      2.90
2018.12603   -159.97      3.16
2018.12877   -160.42      3.45
2018.13151   -159.83      2.92
2018.13425   -162.71      3.10
2018.13699   -159.53      2.98
2018.13973   -160.91      3.19
2018.14247   -160.74      3.06
2018.14521   -160.11      3.15
2018.14795   -162.20      3.06
2018.15068   -162.78      3.11
2018.15342   -161.44      3.08
2018.15616   -160.15      2.92
2018.15890   -162.42      3.47
2018.16164   -166.74      3.56
