2012.00000	 -25.690	   2.290
2012.00273	 -26.410	   2.370
2012.00546	 -26.920	   2.260
2012.00820	 -25.920	   2.300
2012.01093	 -27.700	   2.380
2012.01366	 -27.170	   2.310
2012.01639	 -27.650	   2.280
2012.01913	 -29.410	   2.270
2012.02186	 -28.020	   2.410
2012.02459	 -28.790	   2.440
2012.02732	 -29.200	   2.450
2012.03005	 -29.350	   2.710
2012.03279	 -27.890	   2.360
2012.03552	 -29.180	   2.330
2012.03825	 -29.990	   2.290
2012.04098	 -28.670	   2.450
2012.04372	 -29.600	   2.740
2012.04645	 -28.530	   2.540
2012.04918	 -27.660	   2.400
2012.05191	 -27.220	   2.560
2012.05464	 -25.350	   3.100
2012.08197	 -28.890	   2.680
2012.08470	 -26.410	   2.280
2012.08743	 -25.700	   2.360
2012.09016	 -26.820	   2.400
2012.09290	 -28.350	   2.360
2012.09563	 -28.050	   2.550
2012.09836	 -31.400	   2.720
2012.10109	 -27.220	   3.100
2012.10383	 -26.200	   2.690
2012.10656	 -28.520	   2.370
2012.10929	 -29.320	   2.240
2012.11202	 -27.880	   2.310
2012.11475	 -28.380	   2.400
2012.11749	 -28.760	   2.420
2012.12022	 -28.720	   2.750
2012.12295	 -29.980	   2.640
2012.12568	 -26.960	   3.280
2012.12842	 -29.030	   2.590
2012.13115	 -26.530	   2.300
2012.13388	 -27.570	   2.630
2012.13661	 -27.440	   2.670
2012.13934	 -30.150	   2.610
2012.14208	 -27.330	   2.910
2012.14481	 -28.390	   2.960
2012.14754	 -33.220	   4.490
2012.16393	 -28.920	   2.600
2012.16667	 -28.110	   3.110
2012.16940	 -26.220	   2.730
2012.17213	 -27.760	   2.550
2012.17486	 -27.490	   2.740
2012.17760	 -27.270	   2.870
2012.18033	 -30.080	   2.940
2012.18306	 -28.980	   2.780
2012.18579	 -23.690	   2.830
2012.18852	 -24.750	   2.770
2012.19126	 -23.930	   2.640
2012.19399	 -28.480	   2.790
2012.19672	 -29.350	   3.070
2012.19945	 -28.040	   2.660
2012.20219	 -26.530	   2.630
2012.20492	 -29.210	   2.640
2012.20765	 -26.820	   3.150
2012.21038	 -24.590	   2.920
2012.21311	 -29.070	   2.790
2012.21585	 -28.390	   2.700
2012.21858	 -27.010	   2.750
2012.22131	 -28.940	   2.690
2012.22404	 -28.510	   2.670
2012.22678	 -25.440	   3.340
2012.22951	 -28.470	   2.670
2012.23224	 -27.670	   2.670
2012.23497	 -29.130	   3.060
2012.23770	 -25.190	   2.750
2012.24044	 -28.920	   3.110
2012.24317	 -28.600	   2.840
2012.24590	 -27.710	   2.670
2012.24863	 -26.750	   2.720
2012.25137	 -28.960	   2.630
2012.25410	 -27.840	   2.770
2012.25683	 -26.810	   2.740
2012.25956	 -28.000	   2.630
2012.26230	 -29.620	   2.520
2012.26503	 -25.870	   2.920
2012.26776	 -25.010	   2.780
2012.27049	 -26.530	   2.620
2012.27322	 -25.510	   2.750
2012.27596	 -29.650	   2.600
2012.27869	 -30.540	   2.670
2012.28142	 -27.640	   2.930
2012.28415	 -24.540	   3.010
2012.28689	 -26.500	   2.500
2012.28962	 -26.660	   2.560
2012.29235	 -24.870	   2.930
2012.29508	 -25.930	   2.930
2012.29781	 -28.330	   2.630
2012.30055	 -26.530	   2.730
2012.30328	 -27.980	   3.270
2012.30601	 -28.460	   3.010
2012.30874	 -26.950	   2.620
2012.31148	 -28.800	   3.140
2012.31421	 -28.080	   2.850
2012.31694	 -29.010	   5.570
2012.31967	 -26.420	   3.300
2012.32240	 -27.150	   3.200
2012.32514	 -27.440	   2.660
2012.32787	 -27.570	   3.450
2012.33060	 -29.090	   3.190
2012.33333	 -29.470	   3.600
2012.33607	 -23.820	   4.180
2012.33880	 -26.130	   3.350
2012.34153	 -27.780	   2.870
2012.34426	 -28.490	   2.560
2012.34699	 -26.290	   2.330
2012.34973	 -25.380	   2.790
2012.35246	 -27.780	   2.620
2012.35519	 -29.010	   2.810
2012.35792	 -28.410	   3.740
2012.36066	 -27.760	   2.610
2012.36339	 -27.740	   2.590
2012.36612	 -29.070	   2.720
2012.36885	 -29.620	   2.700
2012.37158	 -29.230	   2.880
2012.37432	 -27.410	   2.680
2012.37705	 -29.910	   3.040
2012.37978	 -28.810	   2.570
2012.38251	 -30.040	   3.520
2012.38525	 -30.510	   2.990
2012.38798	 -29.600	   2.670
2012.39071	 -31.640	   2.640
2012.39344	 -27.640	   2.820
2012.39617	 -29.700	   2.660
2012.39891	 -29.230	   2.640
2012.40164	 -28.930	   2.990
2012.40437	 -28.060	   3.560
2012.40710	 -29.340	   3.280
2012.40984	 -30.770	   3.210
2012.41257	 -30.190	   3.200
2012.41530	 -29.900	   2.800
2012.41803	 -29.250	   2.580
2012.42077	 -30.100	   2.570
2012.42350	 -30.170	   3.000
2012.42623	 -30.750	   2.780
2012.42896	 -27.010	   2.600
2012.43169	 -32.230	   2.840
2012.43443	 -32.460	   2.880
2012.43716	 -32.930	   3.590
2012.43989	 -30.940	   4.170
2012.44262	 -27.260	   4.610
2012.44536	 -29.460	   5.450
2012.44809	 -32.350	   3.750
2012.45082	 -32.370	   3.900
2012.45355	 -31.480	   3.400
2012.45628	 -29.990	   3.060
2012.45902	 -30.710	   3.240
2012.46175	 -29.900	   3.780
2012.46448	 -33.020	   3.310
2012.46721	 -32.340	   4.990
2012.46995	 -31.380	   4.120
2012.47268	 -31.770	   3.100
2012.47541	 -34.290	   3.640
2012.47814	 -33.290	   4.770
2012.48087	 -32.510	   2.820
2012.48361	 -33.220	   3.140
2012.48634	 -32.660	   2.610
2012.48907	 -31.240	   3.470
2012.49180	 -33.300	   3.400
2012.49454	 -32.200	   2.940
2012.49727	 -33.950	   3.140
2012.50000	 -32.370	   3.320
2012.50273	 -32.560	   2.990
2012.50546	 -30.840	   2.930
2012.50820	 -30.460	   3.170
2012.51093	 -33.440	   3.360
2012.51366	 -31.300	   3.140
2012.51639	 -31.680	   2.850
2012.51913	 -30.620	   3.390
2012.52186	 -31.660	   3.270
2012.52459	 -31.260	   2.690
2012.52732	 -30.880	   2.810
2012.53005	 -33.530	   3.250
2012.53279	 -30.610	   2.980
2012.53552	 -28.860	   3.760
2012.53825	 -33.230	   3.360
2012.54098	 -34.760	   3.020
2012.54372	 -30.090	   3.500
2012.54645	 -30.490	   2.650
2012.54918	 -31.630	   3.820
2012.55191	 -32.130	   2.990
2012.55464	 -30.950	   3.250
2012.55738	 -32.650	   3.070
2012.56011	 -32.980	   2.740
2012.56284	 -31.910	   3.000
2012.56557	 -35.670	   3.170
2012.56831	 -33.870	   3.260
2012.57104	 -31.440	   3.150
2012.57377	 -31.150	   2.710
2012.57650	 -31.570	   3.650
2012.57923	 -32.550	   2.790
2012.58197	 -32.800	   3.100
2012.58470	 -31.740	   3.290
2012.58743	 -34.650	   3.200
2012.59016	 -26.590	   5.250
2012.59290	 -31.890	   4.940
2012.59563	 -29.400	   4.150
2012.59836	 -32.710	   3.240
2012.60109	 -31.090	   4.260
2012.60383	 -27.240	   3.930
2012.60656	 -31.550	   3.500
2012.60929	 -34.620	   3.860
2012.61202	 -29.810	   3.170
2012.61475	 -32.500	   2.750
2012.61749	 -31.820	   2.790
2012.62022	 -31.190	   3.080
2012.62295	 -29.160	   3.190
2012.62568	 -32.410	   3.040
2012.62842	 -33.870	   3.060
2012.63115	 -31.820	   3.150
2012.63388	 -31.000	   4.220
2012.63661	 -34.110	   3.540
2012.63934	 -31.200	   3.790
2012.64208	 -32.550	   3.030
2012.64481	 -33.720	   3.580
2012.64754	 -33.720	   3.890
2012.65027	 -32.620	   3.390
2012.65301	 -32.510	   3.260
2012.65574	 -31.820	   3.480
2012.65847	 -33.170	   3.750
2012.66120	 -30.310	   3.710
2012.66393	 -33.530	   3.780
2012.66667	 -33.960	   3.560
2012.66940	 -32.440	   3.630
2012.67213	 -34.340	   3.630
2012.67486	 -33.410	   3.440
2012.67760	 -34.930	   3.040
2012.68033	 -34.030	   2.910
2012.68306	 -29.600	   2.930
2012.68579	 -32.880	   3.230
2012.68852	 -35.990	   5.090
2012.69399	 -33.340	   3.450
2012.69672	 -33.310	   3.180
2012.69945	 -31.790	   3.070
2012.70219	 -33.990	   4.350
2012.70492	 -28.850	   3.800
2012.70765	 -30.980	   2.830
2012.71038	 -30.080	   2.970
2012.71311	 -31.890	   2.940
2012.71585	 -32.680	   2.910
2012.71858	 -31.480	   2.740
2012.72131	 -33.290	   2.660
2012.72404	 -33.110	   2.820
2012.72678	 -31.490	   2.670
2012.73224	 -34.140	   3.250
2012.73497	 -33.190	   3.340
2012.73770	 -33.490	   3.870
2012.74044	 -33.790	   3.340
2012.74317	 -34.090	   3.080
2012.74590	 -34.290	   2.880
2012.74863	 -32.380	   2.640
2012.75137	 -31.140	   2.890
2012.75410	 -32.040	   3.000
2012.75683	 -30.020	   4.270
2012.75956	 -33.060	   2.800
2012.76230	 -34.420	   2.580
2012.76503	 -31.500	   2.890
2012.76776	 -34.810	   2.600
2012.77049	 -33.910	   2.480
2012.77322	 -35.930	   2.460
2012.77596	 -32.360	   2.550
2012.77869	 -31.300	   2.760
2012.78142	 -33.740	   2.770
2012.78415	 -33.710	   2.520
2012.78689	 -33.230	   2.500
2012.78962	 -32.150	   2.540
2012.79235	 -34.510	   2.640
2012.79508	 -32.360	   2.770
2012.79781	 -33.360	   2.670
2012.80055	 -34.760	   2.740
2012.80328	 -34.940	   2.510
2012.80601	 -32.160	   2.580
2012.80874	 -36.140	   2.530
2012.81148	 -33.220	   2.670
2012.81421	 -35.590	   2.460
2012.81694	 -34.350	   2.840
2012.81967	 -33.370	   2.990
2012.82240	 -36.790	   3.200
2012.82514	 -36.060	   2.580
2012.82787	 -33.890	   2.970
2012.83060	 -34.650	   2.780
2012.83333	 -37.120	   2.670
2012.83607	 -36.230	   3.840
2012.83880	 -38.670	   3.830
2012.84153	 -39.080	   4.010
2012.84426	 -36.330	   3.890
2012.84699	 -41.490	   3.640
2012.84973	 -35.490	   3.520
2012.85246	 -36.960	   3.660
2012.85519	 -36.310	   3.450
2012.85792	 -35.300	   3.460
2012.86066	 -38.320	   3.740
2012.86339	 -35.300	   3.880
2012.86612	 -35.270	   3.440
2012.86885	 -36.220	   3.620
2012.87158	 -36.580	   2.560
2012.87432	 -37.150	   3.890
2012.87705	 -36.550	   3.880
2012.87978	 -36.710	   3.630
2012.88251	 -37.980	   3.420
2012.88525	 -37.450	   3.670
2012.88798	 -39.550	   3.540
2012.89071	 -39.070	   4.030
2012.89344	 -36.740	   4.120
2012.89617	 -40.940	   3.770
2012.89891	 -40.320	   2.320
2012.90164	 -39.070	   2.410
2012.90437	 -37.480	   2.710
2012.90710	 -39.130	   2.430
2012.90984	 -37.310	   2.530
2012.91257	 -38.560	   2.420
2012.91530	 -39.650	   2.550
2012.91803	 -39.530	   3.650
2012.92077	 -37.120	   3.690
2012.92350	 -38.990	   3.450
2012.92623	 -38.940	   3.450
2012.92896	 -35.700	   4.330
2012.93169	 -40.660	   3.330
2012.93443	 -39.940	   3.460
2012.93716	 -39.870	   3.690
2012.93989	 -39.150	   3.500
2012.94262	 -43.260	   3.380
2012.94536	 -39.230	   3.210
2012.94809	 -39.360	   3.200
2012.95082	 -40.990	   3.510
2012.95355	 -39.220	   2.300
2012.95628	 -38.760	   2.550
2012.95902	 -38.160	   2.500
2012.96175	 -38.270	   2.420
2012.96448	 -38.670	   2.350
2012.96721	 -39.900	   2.240
2012.96995	 -39.820	   2.370
2012.97268	 -39.530	   2.330
2012.97541	 -38.980	   2.370
2012.97814	 -40.440	   2.390
2012.98087	 -41.210	   2.270
2012.98361	 -41.270	   2.270
2012.98634	 -41.390	   2.300
2012.98907	 -42.270	   2.520
2012.99180	 -40.900	   2.430
2012.99454	 -41.630	   3.160
2012.99727	 -39.600	   2.510
2013.00000	 -43.290	   2.450
2013.00274	 -38.370	   2.630
2013.00548	 -40.720	   2.640
2013.00822	 -40.400	   2.390
2013.01096	 -39.330	   2.270
2013.01370	 -38.940	   2.460
2013.01644	 -39.210	   2.680
2013.01918	 -38.480	   2.680
2013.02192	 -40.320	   2.480
2013.02466	 -41.020	   2.510
2013.02740	 -39.020	   2.490
2013.03014	 -42.330	   2.540
2013.03288	 -39.900	   3.120
2013.03562	 -39.760	   2.940
2013.03836	 -41.020	   2.200
2013.04110	 -41.490	   2.260
2013.04384	 -40.660	   2.390
2013.04658	 -38.330	   2.420
2013.04932	 -40.950	   2.300
2013.05205	 -42.220	   2.260
2013.05479	 -39.100	   2.380
2013.05753	 -40.620	   2.110
2013.06027	 -39.990	   2.210
2013.06301	 -40.850	   2.250
2013.06575	 -42.700	   2.290
2013.06849	 -41.450	   2.170
2013.07123	 -41.530	   2.110
2013.07397	 -42.270	   2.250
2013.07671	 -41.270	   2.130
2013.07945	 -40.090	   2.210
2013.08219	 -42.550	   2.530
2013.08493	 -42.850	   2.480
2013.08767	 -42.900	   2.660
2013.09041	 -40.640	   2.430
2013.09315	 -41.880	   2.380
2013.09589	 -41.050	   2.380
2013.09863	 -41.130	   2.670
2013.10137	 -41.670	   2.480
2013.10411	 -41.380	   2.270
2013.10685	 -41.850	   2.190
2013.10959	 -39.970	   2.500
2013.11233	 -41.410	   2.870
2013.11507	 -39.380	   2.350
2013.11781	 -40.720	   2.260
2013.12055	 -43.870	   2.520
2013.12329	 -41.350	   2.350
2013.12603	 -39.410	   2.570
2013.12877	 -42.060	   2.270
2013.13151	 -41.610	   2.270
2013.13425	 -41.950	   2.350
2013.13699	 -38.810	   2.470
2013.13973	 -41.690	   2.600
2013.14247	 -43.200	   2.360
2013.14521	 -41.030	   2.900
2013.14795	 -43.620	   2.770
2013.15342	 -41.330	   2.370
2013.15616	 -42.970	   2.480
2013.15890	 -42.960	   2.380
2013.16164	 -41.990	   2.300
2013.16438	 -44.020	   2.650
2013.16712	 -40.580	   2.380
2013.16986	 -42.930	   2.310
2013.17260	 -41.970	   2.310
2013.17534	 -41.950	   2.880
2013.17808	 -42.260	   2.580
2013.18082	 -46.180	   2.780
2013.18356	 -43.780	   2.420
2013.18630	 -45.910	   2.520
2013.18904	 -41.240	   2.720
2013.19178	 -43.550	   2.700
2013.19452	 -41.250	   2.610
2013.19726	 -42.750	   2.830
2013.20000	 -44.900	   2.490
2013.20274	 -44.240	   2.360
2013.20548	 -43.140	   2.600
2013.20822	 -44.280	   2.770
2013.21096	 -43.490	   2.570
2013.21370	 -44.750	   2.780
2013.21644	 -46.060	   2.910
2013.21918	 -43.750	   2.950
2013.22192	 -43.330	   2.720
2013.22466	 -44.710	   3.510
2013.22740	 -41.990	   3.580
2013.23014	 -42.330	   2.480
2013.23288	 -45.150	   3.040
2013.23562	 -43.250	   2.580
2013.23836	 -42.610	   2.960
2013.24110	 -44.500	   2.750
2013.24384	 -43.480	   2.550
2013.24658	 -44.570	   2.650
2013.24932	 -46.420	   2.650
2013.25205	 -46.520	   2.930
2013.25479	 -45.250	   3.190
2013.25753	 -46.850	   3.230
2013.26027	 -47.460	   3.860
2013.26301	 -45.970	   2.850
2013.26575	 -45.250	   2.550
2013.26849	 -47.280	   2.770
2013.27123	 -45.280	   3.230
2013.27397	 -46.480	   2.980
2013.27671	 -45.850	   2.720
2013.27945	 -45.360	   2.720
2013.28219	 -46.800	   2.750
2013.28493	 -46.370	   2.670
2013.28767	 -47.640	   2.840
2013.29041	 -47.860	   3.000
2013.29315	 -46.590	   2.970
2013.29589	 -44.870	   3.130
2013.29863	 -44.160	   2.890
2013.30137	 -46.320	   3.080
2013.30411	 -43.850	   2.560
2013.30685	 -44.200	   2.590
2013.31233	 -46.240	   2.780
2013.31507	 -47.210	   3.010
2013.31781	 -45.240	   2.990
2013.32055	 -48.090	   3.260
2013.32329	 -48.910	   2.910
2013.32603	 -48.380	   2.610
2013.32877	 -45.930	   3.120
2013.33151	 -47.000	   2.630
2013.33425	 -47.490	   2.770
2013.33699	 -46.390	   2.730
2013.33973	 -45.040	   2.640
2013.34247	 -48.600	   2.780
2013.34521	 -48.120	   2.690
2013.34795	 -46.680	   2.660
2013.35068	 -47.420	   2.580
2013.35342	 -47.470	   2.830
2013.35616	 -44.980	   3.380
2013.35890	 -48.170	   3.080
2013.36164	 -47.080	   3.030
2013.36438	 -46.580	   3.170
2013.36712	 -46.880	   3.500
2013.36986	 -46.690	   2.950
2013.37260	 -47.370	   4.420
2013.37534	 -48.780	   3.720
2013.37808	 -47.300	   4.210
2013.38082	 -47.390	   3.930
2013.38630	 -47.550	   2.810
2013.38904	 -51.180	   3.200
2013.39178	 -50.320	   3.410
2013.39452	 -47.620	   3.430
2013.39726	 -46.900	   4.050
2013.40000	 -50.540	   2.980
2013.40274	 -49.610	   3.060
2013.40548	 -47.960	   2.930
2013.40822	 -49.890	   2.960
2013.41096	 -49.530	   3.500
2013.41370	 -49.600	   4.900
2013.41644	 -51.070	   3.360
2013.41918	 -48.580	   3.040
2013.42192	 -50.940	   3.260
2013.42466	 -49.140	   3.210
2013.42740	 -51.750	   3.050
2013.43014	 -49.390	   3.230
2013.43288	 -49.670	   5.420
2013.43562	 -51.100	   3.490
2013.43836	 -49.890	   3.660
2013.44110	 -52.280	   3.390
2013.44384	 -49.340	   4.090
2013.44658	 -50.270	   4.370
2013.44932	 -55.570	   3.710
2013.45205	 -53.830	   3.200
2013.45479	 -51.320	   3.320
2013.45753	 -53.540	   3.950
2013.46301	 -52.260	   3.510
2013.46575	 -54.610	   3.580
2013.47397	 -54.230	   3.290
2013.47671	 -54.730	   3.800
2013.47945	 -54.000	   3.810
2013.48219	 -54.990	   3.520
2013.48493	 -55.990	   3.120
2013.48767	 -52.540	   2.940
2013.49041	 -53.570	   3.030
2013.49315	 -54.800	   4.380
2013.49589	 -51.350	   3.190
2013.49863	 -53.810	   3.910
2013.50137	 -55.740	   3.570
2013.50411	 -51.900	   3.740
2013.50685	 -53.620	   4.730
2013.50959	 -55.590	   4.000
2013.51233	 -55.010	   3.820
2013.51507	 -54.920	   3.580
2013.51781	 -53.500	   3.540
2013.52055	 -55.280	   3.110
2013.52329	 -55.310	   3.680
2013.52603	 -54.410	   3.230
2013.52877	 -55.690	   4.590
2013.53151	 -55.010	   5.720
2013.53425	 -54.080	   3.440
2013.53699	 -52.520	   3.200
2013.53973	 -50.250	   3.510
2013.54247	 -51.760	   3.530
2013.54521	 -55.460	   3.070
2013.54795	 -54.670	   3.190
2013.55342	 -51.320	   4.700
2013.55616	 -53.600	   3.720
2013.55890	 -53.420	   3.600
2013.56164	 -55.780	   4.060
2013.56438	 -53.160	   4.810
2013.56712	 -51.970	   4.050
2013.56986	 -51.270	   3.700
2013.57260	 -50.630	   3.970
2013.57534	 -56.920	   3.610
2013.57808	 -54.050	   3.350
2013.58082	 -57.010	   3.960
2013.58356	 -55.380	   3.210
2013.58630	 -53.570	   6.070
2013.58904	 -59.250	   3.620
2013.59178	 -54.440	   3.630
2013.59452	 -55.760	   3.260
2013.59726	 -53.320	   3.250
2013.60000	 -55.080	   4.050
2013.60274	 -52.020	   2.930
2013.60548	 -51.280	   3.890
2013.60822	 -55.490	   4.560
2013.61096	 -50.330	   3.560
2013.61370	 -53.750	   3.420
2013.61644	 -55.600	   3.430
2013.61918	 -56.760	   3.150
2013.62192	 -54.520	   3.300
2013.62466	 -54.060	   4.730
2013.62740	 -54.610	   3.870
2013.63014	 -53.470	   3.850
2013.63288	 -52.020	   4.270
2013.63562	 -55.300	   3.610
2013.63836	 -54.210	   4.230
2013.64110	 -58.820	   6.050
2013.64384	 -56.660	   3.980
2013.64658	 -53.300	   4.520
2013.65479	 -50.790	   3.760
2013.65753	 -55.480	   4.140
2013.66027	 -58.400	   5.670
2013.66301	 -57.400	   5.070
2013.66575	 -58.510	   3.890
2013.66849	 -54.130	   4.330
2013.67123	 -52.610	   3.220
2013.67671	 -55.040	   3.500
2013.68219	 -51.720	   2.900
2013.68493	 -56.180	   3.050
2013.68767	 -55.390	   3.210
2013.69041	 -55.440	   4.270
2013.69315	 -50.770	   3.480
2013.69589	 -54.860	   3.380
2013.69863	 -54.280	   3.260
2013.70137	 -57.910	   3.290
2013.70411	 -57.530	   3.330
2013.70685	 -48.810	   4.010
2013.70959	 -54.250	   4.660
2013.71233	 -55.750	   3.360
2013.71507	 -52.550	   3.680
2013.71781	 -55.020	   3.810
2013.72055	 -54.810	   3.590
2013.72329	 -56.150	   4.290
2013.72603	 -54.330	   3.490
2013.72877	 -55.480	   3.740
2013.73151	 -52.090	   3.340
2013.73425	 -56.100	   3.470
2013.73699	 -58.400	   3.150
2013.73973	 -53.440	   3.060
2013.74247	 -53.760	   2.860
2013.74521	 -52.980	   3.220
2013.74795	 -55.270	   3.400
2013.75342	 -56.390	   3.200
2013.75616	 -54.080	   3.030
2013.75890	 -53.460	   2.950
2013.76164	 -53.510	   3.060
2013.76438	 -56.730	   3.670
2013.76712	 -53.260	   2.880
2013.76986	 -53.030	   2.790
2013.77260	 -56.310	   3.520
2013.77534	 -57.030	   4.370
2013.77808	 -53.920	   3.330
2013.78356	 -54.040	   3.310
2013.78630	 -56.260	   3.250
2013.78904	 -55.160	   3.080
2013.79178	 -55.120	   2.630
2013.79452	 -51.630	   2.650
2013.79726	 -52.810	   2.910
2013.80000	 -56.210	   2.890
2013.80274	 -53.690	   2.730
2013.80548	 -57.580	   2.610
2013.80822	 -54.650	   2.830
2013.81096	 -55.790	   2.640
2013.81370	 -56.950	   2.550
2013.81644	 -53.510	   2.820
2013.81918	 -56.580	   2.790
2013.82192	 -57.050	   2.860
2013.82466	 -54.360	   2.700
2013.82740	 -56.530	   2.830
2013.83014	 -55.320	   3.010
2013.83288	 -59.330	   3.580
2013.83562	 -57.620	   3.490
2013.83836	 -57.140	   3.020
2013.84110	 -57.260	   3.080
2013.84384	 -60.690	   3.180
2013.84658	 -57.040	   2.940
2013.84932	 -59.200	   2.660
2013.85205	 -57.720	   2.780
2013.85479	 -58.180	   2.960
2013.85753	 -58.260	   3.190
2013.86027	 -56.800	   3.070
2013.86301	 -58.450	   3.030
2013.86575	 -57.220	   3.010
2013.86849	 -59.620	   2.840
2013.87123	 -59.630	   2.880
2013.87397	 -58.570	   2.670
2013.87671	 -57.250	   2.880
2013.87945	 -56.390	   2.750
2013.88219	 -58.660	   2.630
2013.88493	 -57.650	   2.710
2013.88767	 -58.330	   2.820
2013.89041	 -59.440	   2.610
2013.89315	 -61.260	   2.720
2013.89589	 -59.690	   2.740
2013.89863	 -58.780	   3.400
2013.90137	 -57.580	   2.770
2013.90411	 -61.410	   2.650
2013.90685	 -59.710	   2.630
2013.90959	 -59.750	   2.550
2013.91233	 -60.070	   2.490
2013.91507	 -60.010	   2.570
2013.91781	 -59.540	   2.550
2013.92055	 -60.020	   2.370
2013.92329	 -61.950	   2.330
2013.92603	 -59.130	   2.440
2013.92877	 -59.960	   2.350
2013.93151	 -57.860	   2.430
2013.93425	 -57.480	   2.380
2013.93699	 -59.930	   2.730
2013.93973	 -57.870	   2.710
2013.94247	 -59.050	   2.480
2013.94521	 -59.770	   2.660
2013.94795	 -58.670	   2.560
2013.95068	 -59.030	   2.790
2013.95342	 -61.080	   2.690
2013.95616	 -58.990	   2.830
2013.95890	 -60.860	   3.040
2013.96164	 -59.710	   2.870
2013.96438	 -60.580	   2.700
2013.96712	 -62.540	   2.770
2013.96986	 -61.620	   2.530
2013.97260	 -60.640	   2.400
2013.97534	 -58.580	   2.600
2013.97808	 -59.050	   2.500
2013.98082	 -60.150	   2.770
2013.98356	 -60.630	   2.550
2013.98630	 -61.710	   2.440
2013.98904	 -60.810	   2.380
2013.99178	 -61.690	   2.560
2013.99452	 -58.950	   2.420
2013.99726	 -61.690	   2.430
2014.00000	 -61.920	   2.560
2014.00274	 -60.570	   3.090
2014.00548	 -59.060	   2.610
2014.00822	 -61.980	   2.680
2014.01096	 -62.190	   2.590
2014.01370	 -60.100	   2.480
2014.01644	 -58.270	   2.370
2014.01918	 -62.560	   2.570
2014.02192	 -60.430	   2.620
2014.02466	 -59.360	   2.560
2014.02740	 -59.790	   2.520
2014.03014	 -61.840	   2.400
2014.03288	 -62.700	   2.390
2014.03562	 -62.030	   2.570
2014.03836	 -63.110	   2.580
2014.04110	 -63.440	   2.390
2014.04384	 -61.770	   2.460
2014.04658	 -61.750	   2.430
2014.04932	 -61.130	   2.310
2014.05205	 -62.150	   2.390
2014.05479	 -63.330	   2.750
2014.05753	 -61.610	   2.610
2014.06027	 -64.120	   2.900
2014.06301	 -61.720	   2.440
2014.06575	 -63.460	   2.430
2014.06849	 -62.940	   2.630
2014.07123	 -62.530	   2.590
2014.07671	 -64.060	   3.150
2014.07945	 -62.440	   3.610
2014.08219	 -64.690	   2.670
2014.08493	 -67.230	   2.640
2014.08767	 -65.360	   2.880
2014.09041	 -65.320	   3.240
2014.09315	 -64.260	   2.870
2014.09589	 -64.910	   2.790
2014.09863	 -65.120	   2.800
2014.10137	 -63.980	   3.110
2014.10411	 -63.510	   2.620
2014.10685	 -63.000	   2.620
2014.10959	 -62.990	   2.820
2014.11233	 -62.370	   2.940
2014.11507	 -62.910	   2.510
2014.11781	 -62.820	   2.490
2014.12055	 -65.350	   2.720
2014.12329	 -66.690	   2.530
2014.12603	 -64.760	   2.630
2014.12877	 -64.590	   2.630
2014.13151	 -65.010	   2.770
2014.13425	 -64.560	   3.090
2014.13699	 -64.070	   2.670
2014.13973	 -62.880	   2.560
2014.14247	 -62.840	   2.730
2014.14521	 -61.950	   2.670
2014.14795	 -63.310	   2.720
2014.15068	 -62.910	   2.550
2014.15342	 -64.990	   2.710
2014.15616	 -59.740	   2.750
2014.15890	 -63.970	   2.980
2014.16164	 -61.780	   3.330
2014.16438	 -61.790	   3.330
2014.16712	 -63.750	   2.530
2014.17260	 -64.670	   2.630
2014.17534	 -67.970	   5.420
2014.17808	 -62.840	   2.630
2014.18082	 -59.960	   3.030
2014.18356	 -59.620	   3.080
2014.18630	 -62.500	   2.990
2014.18904	 -64.850	   2.680
2014.19178	 -65.230	   2.910
2014.19452	 -61.730	   3.260
2014.19726	 -59.540	   2.980
2014.20000	 -61.440	   2.880
2014.20274	 -65.760	   3.050
2014.20548	 -62.320	   2.610
2014.20822	 -65.820	   2.760
2014.21096	 -65.070	   2.520
2014.21370	 -60.950	   2.720
2014.21644	 -63.130	   2.730
2014.21918	 -63.010	   2.500
2014.22192	 -63.720	   2.490
2014.22466	 -61.450	   2.400
2014.22740	 -66.400	   2.730
2014.23014	 -64.890	   2.650
2014.23288	 -64.100	   2.930
2014.23562	 -63.620	   2.860
2014.23836	 -63.880	   2.890
2014.24110	 -69.460	   3.710
2014.24384	 -61.190	   2.960
2014.24658	 -68.670	   5.220
2014.24932	 -68.980	   2.910
2014.25205	 -63.810	   3.090
2014.25479	 -65.170	   3.910
2014.26027	 -65.310	   2.700
2014.26301	 -64.320	   2.720
2014.26575	 -66.670	   2.570
2014.26849	 -65.910	   3.060
2014.27123	 -66.270	   2.860
2014.27397	 -62.400	   3.790
2014.27671	 -62.100	   2.790
2014.27945	 -67.280	   3.010
2014.28219	 -63.010	   2.880
2014.28493	 -65.150	   2.640
2014.28767	 -65.770	   2.890
2014.29041	 -68.070	   2.600
2014.29315	 -68.140	   2.910
2014.29589	 -64.680	   2.780
2014.30411	 -66.420	   2.500
2014.30685	 -67.130	   2.750
2014.30959	 -66.470	   2.660
2014.31233	 -65.720	   2.780
2014.31507	 -67.200	   2.690
2014.31781	 -66.350	   2.930
2014.32055	 -62.800	   3.020
2014.32329	 -67.620	   2.670
2014.32603	 -70.120	   2.720
2014.32877	 -70.610	   3.140
2014.33151	 -64.910	   3.540
2014.33425	 -66.220	   2.680
2014.33699	 -68.830	   2.910
2014.33973	 -70.810	   2.700
2014.34247	 -69.650	   2.760
2014.34521	 -67.680	   2.730
2014.34795	 -70.340	   2.800
2014.35068	 -68.950	   2.710
2014.35342	 -67.760	   2.970
2014.35616	 -69.120	   2.720
2014.35890	 -71.780	   2.970
2014.36164	 -67.290	   3.340
2014.36438	 -66.520	   3.750
2014.36712	 -72.140	   3.390
2014.36986	 -71.480	   4.060
2014.37260	 -71.110	   3.600
2014.37534	 -67.950	   3.240
2014.37808	 -68.150	   4.190
2014.38082	 -69.440	   4.140
2014.38356	 -75.630	   4.940
2014.38630	 -66.640	   3.490
2014.40000	 -71.900	   3.930
2014.40274	 -71.300	   3.840
2014.40548	 -69.540	   3.890
2014.40822	 -71.630	   3.730
2014.41096	 -72.460	   3.430
2014.41370	 -71.000	   3.130
2014.41644	 -70.900	   3.510
2014.41918	 -72.280	   3.610
2014.42192	 -71.310	   3.820
2014.42466	 -68.070	   3.930
2014.42740	 -73.660	   3.720
2014.43014	 -70.610	   3.130
2014.43288	 -71.060	   3.870
2014.43562	 -70.500	   3.730
2014.43836	 -68.890	   3.510
2014.44110	 -72.510	   3.360
2014.44384	 -72.980	   3.340
2014.44658	 -71.990	   3.580
2014.44932	 -71.350	   3.100
2014.45205	 -70.680	   3.100
2014.45479	 -71.890	   3.150
2014.45753	 -71.020	   3.450
2014.46027	 -69.650	   3.350
2014.46301	 -76.190	   4.230
2014.46575	 -72.640	   3.200
2014.46849	 -71.850	   3.510
2014.47123	 -68.930	   3.220
2014.47397	 -71.330	   3.570
2014.47671	 -70.580	   3.970
2014.47945	 -72.190	   3.590
2014.48493	 -73.740	   3.710
2014.48767	 -72.140	   3.080
2014.49041	 -68.900	   4.240
2014.49315	 -72.000	   3.520
2014.49589	 -69.270	   3.320
2014.49863	 -72.930	   4.140
2014.50137	 -70.780	   3.240
2014.50411	 -70.460	   3.790
2014.50685	 -70.820	   3.540
2014.50959	 -72.000	   3.740
2014.51233	 -69.130	   3.600
2014.51507	 -73.500	   3.770
2014.51781	 -73.750	   3.840
2014.52055	 -64.570	   4.370
2014.52329	 -74.420	   3.550
2014.52603	 -71.870	   3.390
2014.52877	 -72.430	   3.420
2014.53151	 -69.880	   3.100
2014.53425	 -71.970	   3.370
2014.53699	 -72.040	   3.930
2014.53973	 -70.540	   3.740
2014.54247	 -71.450	   4.380
2014.54521	 -71.340	   4.180
2014.54795	 -65.450	   6.020
2014.55068	 -68.410	   3.770
2014.55342	 -70.920	   3.880
2014.55616	 -72.610	   4.310
2014.55890	 -74.660	   5.070
2014.56164	 -71.620	   4.970
2014.56438	 -75.650	   3.650
2014.56712	 -72.630	   4.170
2014.56986	 -71.390	   3.390
2014.57260	 -65.360	   5.410
2014.57534	 -70.440	   4.000
2014.57808	 -70.750	   3.790
2014.58082	 -72.030	   4.570
2014.58356	 -73.300	   4.550
2014.58904	 -69.440	   4.590
2014.59178	 -67.640	   3.590
2014.59726	 -77.130	   4.760
2014.60000	 -67.470	   5.810
2014.60274	 -68.820	   4.540
2014.60548	 -69.730	   4.100
2014.60822	 -68.380	   4.290
2014.61096	 -70.740	   3.490
2014.61370	 -72.530	   4.010
2014.61644	 -69.500	   3.800
2014.61918	 -71.840	   3.440
2014.62192	 -70.990	   3.480
2014.62466	 -69.930	   3.830
2014.62740	 -71.810	   3.620
2014.63014	 -70.150	   3.420
2014.63288	 -70.690	   4.110
2014.63562	 -72.080	   4.170
2014.63836	 -69.250	   3.690
2014.64110	 -71.470	   5.090
2014.64384	 -73.050	   3.600
2014.64658	 -70.360	   3.960
2014.64932	 -71.740	   4.140
2014.65205	 -72.030	   3.630
2014.65479	 -74.640	   4.040
2014.65753	 -71.310	   4.010
2014.66027	 -68.190	   3.280
2014.66301	 -69.650	   3.440
2014.66575	 -68.150	   3.670
2014.66849	 -69.870	   4.320
2014.67123	 -67.850	   3.960
2014.67397	 -72.620	   3.590
2014.67671	 -70.790	   4.010
2014.67945	 -72.660	   3.440
2014.68219	 -70.680	   3.560
2014.68493	 -71.690	   3.780
2014.68767	 -74.090	   3.860
2014.69041	 -73.690	   4.470
2014.69315	 -72.670	   4.050
2014.69589	 -72.640	   3.550
2014.70137	 -71.860	   3.790
2014.70411	 -74.180	   4.310
2014.70685	 -68.710	   4.400
2014.70959	 -72.900	   3.590
2014.71233	 -72.260	   3.290
2014.71507	 -74.700	   3.470
2014.71781	 -72.440	   3.540
2014.72055	 -71.790	   5.220
2014.72329	 -69.960	   3.740
2014.72603	 -68.650	   4.080
2014.72877	 -70.230	   3.370
2014.73151	 -72.110	   3.270
2014.73425	 -71.630	   4.460
2014.73699	 -72.690	   3.050
2014.73973	 -69.600	   3.070
2014.74247	 -68.420	   3.340
2014.74521	 -72.150	   3.210
2014.74795	 -74.930	   4.570
2014.75068	 -71.620	   3.970
2014.75342	 -70.120	   3.650
2014.75616	 -71.940	   3.650
2014.75890	 -73.680	   4.060
2014.76164	 -72.470	   3.190
2014.76438	 -73.090	   3.100
2014.76712	 -72.110	   2.950
2014.76986	 -71.060	   3.060
2014.77260	 -71.760	   2.970
2014.77534	 -72.080	   3.230
2014.77808	 -72.470	   3.200
2014.78082	 -71.570	   3.380
2014.78356	 -70.960	   3.510
2014.78630	 -71.990	   3.390
2014.78904	 -71.620	   3.450
2014.79178	 -72.270	   3.200
2014.79452	 -72.970	   3.130
2014.79726	 -71.740	   3.110
2014.80000	 -70.110	   3.370
2014.80274	 -70.050	   3.400
2014.80548	 -71.570	   3.090
2014.80822	 -72.640	   3.240
2014.81096	 -70.110	   3.110
2014.81370	 -69.940	   2.960
2014.81644	 -73.500	   3.940
2014.81918	 -69.770	   3.560
2014.82192	 -72.560	   3.490
2014.82466	 -70.800	   3.160
2014.82740	 -69.690	   3.230
2014.83014	 -70.880	   3.360
2014.83288	 -71.570	   3.260
2014.83562	 -70.300	   3.360
2014.83836	 -72.040	   3.720
2014.84110	 -69.970	   3.220
2014.84384	 -71.090	   3.090
2014.84658	 -70.500	   3.010
2014.84932	 -70.400	   3.130
2014.85479	 -72.380	   3.550
2014.85753	 -72.470	   2.870
2014.86027	 -72.960	   2.870
2014.86301	 -72.510	   3.000
2014.86575	 -74.530	   2.770
2014.86849	 -72.380	   2.480
2014.87123	 -70.810	   2.670
2014.87397	 -71.030	   2.600
2014.87671	 -74.400	   2.940
2014.87945	 -74.520	   2.870
2014.88219	 -71.830	   2.580
2014.88493	 -74.260	   2.810
2014.88767	 -71.280	   2.640
2014.89041	 -74.760	   3.010
2014.89315	 -71.090	   2.490
2014.89589	 -73.850	   2.740
2014.89863	 -73.400	   2.680
2014.90137	 -73.120	   2.750
2014.90411	 -72.300	   2.820
2014.90685	 -73.480	   2.910
2014.90959	 -72.450	   3.090
2014.91233	 -76.630	   3.130
2014.91507	 -74.480	   3.150
2014.91781	 -75.780	   2.900
2014.92055	 -71.620	   2.720
2014.92329	 -72.200	   2.620
2014.92603	 -71.340	   2.820
2014.92877	 -72.350	   2.620
2014.93151	 -73.570	   2.570
2014.93425	 -73.690	   2.820
2014.93699	 -73.710	   2.720
2014.93973	 -74.210	   2.560
2014.94247	 -74.960	   2.650
2014.94521	 -74.120	   2.450
2014.94795	 -73.210	   2.680
2014.95068	 -74.080	   2.440
2014.95342	 -75.010	   2.360
2014.95616	 -72.800	   2.550
2014.95890	 -72.330	   2.640
2014.96164	 -71.370	   2.620
2014.96438	 -73.180	   2.710
2014.96712	 -71.960	   3.050
2014.96986	 -71.490	   2.870
2014.97260	 -72.350	   2.440
2014.97534	 -73.810	   2.440
2014.97808	 -75.580	   2.560
2014.98082	 -74.700	   2.870
2014.98356	 -73.700	   3.040
2014.98630	 -75.920	   2.820
2014.98904	 -71.580	   2.870
2014.99178	 -72.790	   2.610
2014.99452	 -72.670	   2.380
2014.99726	 -74.240	   2.430
2015.00000	 -73.880	   2.500
2015.00274	 -76.290	   2.510
2015.00548	 -72.020	   2.590
2015.00822	 -75.540	   2.530
2015.01096	 -75.420	   2.510
2015.01370	 -75.410	   2.570
2015.01644	 -76.500	   2.710
2015.01918	 -76.390	   2.710
2015.02192	 -73.570	   2.870
2015.02466	 -78.050	   2.520
2015.02740	 -76.790	   2.590
2015.03288	 -75.420	   2.430
2015.03562	 -78.110	   2.860
2015.03836	 -76.100	   2.480
2015.04110	 -76.910	   2.460
2015.04384	 -78.210	   2.430
2015.04658	 -78.390	   2.500
2015.04932	 -78.190	   2.490
2015.05205	 -76.900	   2.970
2015.05479	 -76.430	   2.670
2015.05753	 -76.660	   2.840
2015.06027	 -77.060	   2.570
2015.06301	 -77.820	   3.150
2015.06575	 -77.770	   2.640
2015.06849	 -77.320	   2.510
2015.07123	 -77.300	   2.530
2015.07397	 -78.880	   2.470
2015.07671	 -78.960	   2.280
2015.07945	 -78.440	   2.690
2015.08219	 -76.780	   2.480
2015.08493	 -78.430	   2.570
2015.08767	 -76.850	   2.410
2015.09041	 -77.910	   2.460
2015.09315	 -75.510	   2.580
2015.09589	 -75.740	   2.510
2015.09863	 -75.600	   2.440
2015.10137	 -74.660	   2.300
2015.10411	 -79.110	   2.620
2015.10685	 -76.570	   2.300
2015.10959	 -75.890	   2.340
2015.11233	 -77.200	   2.480
2015.11507	 -77.380	   2.700
2015.11781	 -77.880	   2.550
2015.12055	 -79.300	   2.750
2015.12329	 -81.650	   2.780
2015.12603	 -77.920	   3.470
2015.12877	 -77.960	   3.120
2015.13151	 -79.830	   2.600
2015.13425	 -79.650	   2.550
2015.13699	 -80.150	   2.710
2015.13973	 -79.260	   2.640
2015.14247	 -76.580	   3.410
2015.14521	 -80.320	   2.820
2015.14795	 -78.550	   3.180
2015.15068	 -77.970	   2.860
2015.15342	 -79.000	   3.180
2015.15616	 -81.460	   3.140
2015.15890	 -77.840	   3.050
2015.16164	 -78.030	   3.090
2015.16438	 -78.760	   2.680
2015.16712	 -77.660	   2.900
2015.16986	 -79.430	   2.980
2015.17260	 -79.290	   3.440
2015.17534	 -79.860	   2.840
2015.17808	 -78.370	   3.040
2015.18082	 -81.710	   2.470
2015.18356	 -80.640	   3.070
2015.18630	 -80.070	   3.160
2015.18904	 -80.080	   2.890
2015.19178	 -79.180	   3.060
2015.19452	 -80.860	   2.850
2015.19726	 -82.130	   2.900
2015.20000	 -83.420	   3.410
2015.20274	 -82.360	   2.930
2015.20548	 -83.160	   2.940
2015.20822	 -82.820	   2.990
2015.21096	 -79.280	   3.000
2015.21370	 -78.640	   3.160
2015.21644	 -81.880	   2.670
2015.21918	 -78.860	   2.950
2015.22192	 -80.940	   2.900
2015.22466	 -79.800	   3.500
2015.22740	 -79.010	   3.190
2015.23014	 -82.150	   3.090
2015.23288	 -80.350	   3.120
2015.23562	 -82.690	   2.900
2015.23836	 -84.220	   3.150
2015.24110	 -83.690	   3.070
2015.24384	 -81.750	   2.900
2015.24658	 -82.530	   2.930
2015.24932	 -80.180	   3.280
2015.25205	 -82.680	   3.330
2015.25479	 -82.960	   3.480
2015.25753	 -81.830	   3.860
2015.26027	 -78.580	   3.800
2015.26301	 -81.580	   4.050
2015.26575	 -87.640	   3.420
2015.26849	 -83.430	   2.900
2015.27123	 -87.170	   2.930
2015.27397	 -81.920	   3.130
2015.27671	 -77.430	   3.420
2015.27945	 -81.720	   3.420
2015.28219	 -83.290	   3.260
2015.28493	 -81.960	   2.860
2015.28767	 -82.980	   3.750
2015.29041	 -81.700	   3.810
2015.29315	 -85.720	   4.050
2015.29589	 -87.090	   3.650
2015.29863	 -84.770	   3.850
2015.30137	 -81.220	   3.950
2015.30411	 -77.940	   6.430
2015.30685	 -84.010	   3.610
2015.30959	 -83.580	   3.440
2015.31233	 -84.730	   3.350
2015.31507	 -85.470	   3.020
2015.31781	 -83.970	   3.280
2015.32055	 -85.830	   3.270
2015.32329	 -85.090	   3.620
2015.32603	 -82.030	   3.500
2015.32877	 -84.700	   3.180
2015.33151	 -81.440	   3.460
2015.33425	 -82.970	   3.600
2015.33699	 -86.380	   3.630
2015.33973	 -87.590	   3.760
2015.34247	 -87.230	   3.540
2015.34521	 -87.350	   3.310
2015.34795	 -85.860	   3.410
2015.35068	 -88.500	   3.560
2015.35342	 -81.790	   3.620
2015.35616	 -85.480	   3.900
2015.35890	 -87.300	   3.730
2015.36164	 -80.630	   4.390
2015.36438	 -84.870	   3.100
2015.36712	 -86.610	   3.570
2015.36986	 -85.080	   3.860
2015.37260	 -85.160	   3.520
2015.37534	 -88.330	   4.110
2015.37808	 -87.950	   3.490
2015.38082	 -85.420	   3.670
2015.38356	 -89.720	   3.760
2015.38630	 -88.270	   3.230
2015.38904	 -84.770	   3.550
2015.39178	 -83.970	   3.640
2015.39452	 -85.900	   3.500
2015.39726	 -85.700	   3.440
2015.40000	 -82.050	   3.260
2015.40274	 -87.060	   3.060
2015.40548	 -89.170	   3.470
2015.40822	 -86.370	   3.090
2015.41096	 -86.200	   4.070
2015.41370	 -86.380	   4.060
2015.41644	 -91.040	   3.740
2015.41918	 -92.570	   4.190
2015.42192	 -90.840	   3.900
2015.42466	 -88.970	   3.630
2015.42740	 -89.870	   3.930
2015.43014	 -85.250	   3.790
2015.43288	 -89.790	   3.860
2015.43562	 -89.850	   3.800
2015.43836	 -94.120	   3.630
2015.44110	 -92.010	   3.640
2015.44384	 -89.140	   4.260
2015.44658	 -91.730	   3.590
2015.44932	 -89.990	   3.940
2015.45205	 -88.900	   4.160
2015.45479	 -91.510	   3.930
2015.45753	 -90.170	   3.900
2015.46027	 -92.130	   3.650
2015.46301	 -88.880	   3.700
2015.46575	 -84.690	   3.950
2015.46849	 -86.480	   5.140
2015.47123	 -93.220	   4.110
2015.47397	 -89.110	   3.910
2015.47671	 -86.400	   3.610
2015.47945	 -90.310	   4.480
2015.48219	 -89.890	   3.970
2015.48493	 -89.900	   3.980
2015.48767	 -89.110	   3.840
2015.49041	 -90.760	   3.870
2015.49315	 -91.700	   4.710
2015.49589	 -90.230	   3.920
2015.49863	 -91.500	   4.450
2015.50137	 -90.540	   4.340
2015.50411	 -89.080	   3.770
2015.50685	 -90.670	   4.410
2015.50959	 -84.540	   4.320
2015.51233	 -85.650	   3.780
2015.51507	 -88.000	   3.710
2015.51781	 -88.950	   3.780
2015.52055	 -89.630	   4.030
2015.52329	 -84.470	   4.160
2015.52603	 -90.750	   3.670
2015.52877	 -86.950	   6.580
2015.53151	 -87.450	   5.720
2015.53699	 -88.710	   4.620
2015.53973	 -91.930	   3.640
2015.54247	 -88.420	   4.220
2015.54521	 -88.710	   4.470
2015.54795	 -83.580	   4.060
2015.55068	 -90.200	   3.480
2015.55342	 -88.700	   3.910
2015.55616	 -86.940	   3.820
2015.55890	 -86.510	   3.460
2015.56164	 -95.540	   4.330
2015.56438	 -92.150	   4.180
2015.56712	 -88.450	   4.090
2015.56986	 -91.880	   4.820
2015.57260	 -92.380	   4.580
2015.57534	 -86.740	   3.770
2015.57808	 -92.490	   3.980
2015.58082	 -91.770	   4.840
2015.58356	 -88.990	   4.800
2015.58630	 -90.190	   4.480
2015.58904	 -91.690	   3.650
2015.59178	 -94.210	   3.990
2015.59452	 -91.550	   4.290
2015.59726	 -91.790	   4.130
2015.60000	 -90.600	   4.250
2015.60274	 -87.900	   4.200
2015.60548	 -88.150	   5.010
2015.60822	 -90.830	   4.060
2015.61096	 -91.780	   3.980
2015.61370	 -88.370	   4.250
2015.61644	 -90.250	   3.800
2015.61918	 -87.950	   3.760
2015.62192	 -88.880	   3.890
2015.62466	 -86.750	   3.840
2015.62740	 -85.140	   3.580
2015.63014	 -86.520	   3.680
2015.63288	 -87.110	   4.450
2015.63562	 -88.600	   3.760
2015.63836	 -90.000	   4.350
2015.64110	 -86.390	   3.710
2015.64384	 -89.360	   4.090
2015.64658	 -88.790	   4.880
2015.64932	 -84.920	   4.560
2015.65205	 -85.590	   4.480
2015.65479	 -85.890	   3.310
2015.65753	 -87.440	   3.610
2015.66027	 -84.430	   3.360
2015.66301	 -85.120	   3.320
2015.66575	 -85.330	   3.410
2015.66849	 -85.770	   3.480
2015.67123	 -89.240	   3.650
2015.67397	 -88.670	   3.240
2015.67671	 -89.260	   3.510
2015.67945	 -89.710	   3.420
2015.68219	 -88.770	   3.790
2015.68493	 -86.540	   3.610
2015.68767	 -89.930	   3.550
2015.69041	 -91.330	   3.740
2015.69315	 -90.850	   3.360
2015.69589	 -85.820	   3.640
2015.69863	 -88.770	   3.670
2015.70137	 -91.620	   3.490
2015.70411	 -89.110	   3.780
2015.70685	 -89.000	   3.410
2015.70959	 -89.810	   3.870
2015.71233	 -90.350	   3.300
2015.71507	 -95.790	   3.710
2015.71781	 -90.960	   3.580
2015.72055	 -88.510	   3.040
2015.72329	 -92.360	   3.200
2015.72603	 -91.770	   3.320
2015.72877	 -94.110	   3.340
2015.73151	 -91.840	   3.460
2015.73425	 -91.370	   3.550
2015.73699	 -90.730	   3.260
2015.73973	 -89.340	   3.470
2015.74247	 -88.940	   4.450
2015.74521	 -89.840	   3.860
2015.74795	 -92.340	   3.720
2015.75068	 -93.900	   4.150
2015.75342	 -95.110	   3.550
2015.75616	 -95.420	   3.450
2015.75890	 -90.980	   3.630
2015.76164	 -92.130	   3.430
2015.76438	 -94.220	   3.480
2015.76712	 -92.500	   3.290
2015.76986	 -95.140	   3.800
2015.77260	 -91.060	   3.220
2015.77534	 -91.100	   3.480
2015.77808	 -91.550	   3.160
2015.78082	 -91.290	   3.060
2015.78356	 -90.620	   3.300
2015.78630	 -91.370	   3.240
2015.78904	 -91.230	   2.940
2015.79178	 -90.510	   3.220
2015.79452	 -88.700	   3.750
2015.79726	 -89.590	   3.430
2015.80000	 -88.770	   3.810
2015.80274	 -88.700	   3.200
2015.80548	 -86.270	   3.370
2015.80822	 -88.810	   3.330
2015.81096	 -88.640	   3.220
2015.81370	 -91.480	   3.880
2015.81644	 -90.940	   3.430
2015.81918	 -91.230	   3.010
2015.82192	 -92.000	   3.230
2015.82466	 -90.210	   3.150
2015.82740	 -90.300	   3.210
2015.83288	 -88.390	   4.390
2015.83562	 -95.530	   3.240
2015.83836	 -93.340	   3.500
2015.84110	 -99.560	   3.890
2015.84384	 -96.460	   3.480
2015.84658	 -94.970	   3.000
2015.84932	 -98.510	   3.420
2015.85205	 -98.930	   3.830
2015.85479	 -97.660	   3.320
2015.85753	 -95.240	   3.900
2015.86027	 -95.110	   3.120
2015.86301	 -96.920	   3.250
2015.86575	-100.250	   2.910
2015.86849	-100.210	   3.040
2015.87123	 -93.120	   3.140
2015.87397	 -99.830	   3.120
2015.87671	 -98.290	   2.940
2015.87945	 -98.250	   2.920
2015.88219	 -96.650	   3.160
2015.88493	 -95.340	   4.300
2015.88767	 -95.580	   4.110
2015.89041	 -99.480	   3.430
2015.89315	 -98.180	   2.740
2015.89589	 -96.290	   3.250
2015.89863	 -98.610	   5.910
2015.90137	 -95.230	   3.430
2015.90411	 -90.560	   2.850
2015.90685	 -92.750	   2.850
2015.90959	 -95.620	   2.900
2015.91233	 -90.300	   2.720
2015.91507	 -90.910	   2.830
2015.91781	 -91.010	   3.120
2015.92055	 -91.740	   2.940
2015.92329	 -88.660	   2.800
2015.92603	 -90.650	   3.000
2015.92877	 -92.170	   3.470
2015.93151	 -89.480	   2.910
2015.93425	 -88.470	   3.010
2015.93699	 -92.650	   2.650
2015.93973	 -91.610	   3.400
2015.94247	 -88.090	   3.150
2015.94795	 -89.280	   3.250
2015.95068	 -91.270	   2.800
2015.95342	 -89.690	   2.840
2015.95616	 -91.600	   2.370
2015.95890	 -89.480	   2.450
2015.96164	 -87.350	   2.540
2015.96438	 -88.630	   2.260
2015.96712	 -89.750	   2.510
2015.96986	 -92.100	   2.780
2015.97260	 -92.690	   2.830
2015.97534	 -92.570	   2.480
2015.97808	 -92.410	   2.500
2015.98082	 -92.950	   2.780
2015.98356	 -91.950	   2.590
2015.98630	 -91.550	   2.340
2015.98904	 -90.620	   2.940
2015.99178	 -89.870	   2.440
2015.99452	 -92.310	   2.340
2015.99726	 -92.870	   2.380
2016.00000	 -92.310	   2.330
2016.00273	 -93.800	   2.390
2016.00546	 -94.510	   3.080
2016.00820	 -94.560	   3.080
2016.01093	 -94.430	   2.740
2016.01366	 -97.480	   3.040
2016.01639	 -94.980	   2.830
2016.01913	 -95.100	   2.690
2016.02186	 -92.630	   2.380
2016.02459	 -94.300	   2.460
2016.02732	 -93.140	   2.530
2016.03005	 -92.240	   2.740
2016.03279	 -92.160	   2.870
2016.03552	 -92.740	   2.830
2016.03825	 -93.090	   2.520
2016.04098	 -93.200	   2.800
2016.04372	 -97.300	   2.950
2016.04645	 -95.120	   3.380
2016.04918	 -92.550	   2.450
2016.05191	 -93.720	   2.670
2016.05464	 -94.170	   2.480
2016.05738	 -94.890	   2.350
2016.06011	 -92.790	   2.420
2016.06284	 -93.950	   2.610
2016.06557	 -90.600	   2.750
2016.06831	 -91.610	   2.400
2016.07104	 -95.170	   2.580
2016.07377	 -93.670	   2.480
2016.07650	 -93.320	   2.690
2016.07923	 -92.270	   3.570
2016.08197	 -92.970	   2.570
2016.08470	 -90.320	   2.390
2016.08743	 -91.530	   2.820
2016.09016	 -90.930	   2.320
2016.09290	 -91.600	   2.320
2016.09563	 -94.530	   2.940
2016.10383	-106.620	   2.610
2016.10656	-108.500	   2.500
2016.10929	-111.050	   2.490
2016.11202	-110.440	   2.460
2016.11475	-112.730	   3.290
2016.12022	-112.440	   2.940
2016.12295	-110.960	   2.930
2016.12568	-108.710	   2.540
2016.12842	-110.210	   2.500
2016.13115	-110.670	   2.470
2016.13388	-110.980	   2.390
2016.13661	-111.850	   2.590
2016.13934	-111.790	   2.450
2016.14208	-111.210	   2.560
2016.14481	-113.600	   2.470
2016.14754	-112.110	   2.460
2016.15027	-111.090	   2.620
2016.15301	-114.600	   2.420
2016.15574	-113.690	   2.570
2016.15847	-112.550	   2.810
2016.16120	-115.340	   2.840
2016.16393	-113.020	   2.850
2016.16667	-114.140	   2.700
2016.16940	-116.660	   4.420
2016.17213	-115.690	   3.140
2016.17486	-114.310	   2.940
2016.17760	-113.550	   3.160
2016.18033	-116.060	   2.620
2016.18306	-115.550	   2.870
2016.18579	-116.510	   3.630
2016.18852	-115.410	   3.300
2016.19126	-116.070	   3.310
2016.19399	-112.450	   2.540
2016.19672	-116.820	   2.940
2016.19945	-116.000	   3.660
2016.20219	-115.490	   3.170
2016.20492	-120.020	   3.240
2016.20765	-119.050	   2.810
2016.21038	-119.900	   3.050
2016.21311	-120.710	   2.950
2016.21585	-119.170	   3.120
2016.21858	-118.060	   2.780
2016.22131	-115.990	   2.750
2016.22404	-120.670	   2.850
2016.22678	-116.940	   3.730
2016.22951	-115.920	   2.450
2016.23224	-115.380	   2.620
2016.23497	-117.830	   2.470
2016.23770	-119.160	   2.810
2016.24044	-118.700	   3.070
2016.24317	-121.090	   2.730
2016.24590	-122.160	   3.040
2016.24863	-120.590	   3.200
2016.25137	-120.910	   3.050
2016.25683	-115.240	   5.980
2016.25956	-119.810	   2.890
2016.26230	-123.550	   2.970
2016.26503	-120.070	   3.080
2016.26776	-125.980	   2.980
2016.27049	-122.880	   3.070
2016.27322	-123.910	   3.160
2016.27596	-121.560	   4.000
2016.27869	-123.170	   3.260
2016.28142	-127.940	   3.200
2016.28415	-123.280	   4.390
2016.28689	-119.860	   4.840
2016.28962	-126.010	   3.460
2016.29235	-128.230	   3.520
2016.29508	-129.910	   3.520
2016.29781	-124.560	   3.690
2016.30055	-125.000	   3.050
2016.30328	-128.800	   3.140
2016.30601	-127.980	   3.140
2016.30874	-130.250	   3.050
2016.31148	-129.120	   3.180
2016.31421	-128.380	   3.160
2016.31694	-128.340	   2.960
2016.31967	-127.570	   3.360
2016.32240	-125.820	   3.330
2016.32514	-126.100	   3.460
2016.32787	-126.470	   2.990
2016.33060	-129.480	   2.810
2016.33333	-129.130	   3.060
2016.33607	-125.690	   3.390
2016.33880	-127.930	   3.300
2016.34153	-127.750	   3.000
2016.34426	-132.170	   3.080
2016.34699	-129.810	   3.250
2016.34973	-129.540	   3.550
2016.35246	-130.900	   3.530
2016.35519	-133.010	   3.450
2016.35792	-129.080	   4.060
2016.36066	-129.350	   3.720
2016.36339	-130.440	   3.660
2016.36612	-131.410	   4.040
2016.36885	-130.750	   3.860
2016.37158	-131.200	   3.580
2016.37432	-130.980	   3.140
2016.37705	-132.560	   2.850
2016.37978	-131.930	   3.060
2016.38251	-133.060	   3.050
2016.38525	-130.520	   2.960
2016.38798	-126.290	   3.100
2016.39071	-128.100	   4.010
2016.39344	-131.250	   3.840
2016.39617	-132.820	   4.140
2016.39891	-135.960	   3.880
2016.40164	-133.280	   3.110
2016.40437	-134.330	   3.080
2016.40710	-135.650	   3.240
2016.40984	-130.810	   3.340
2016.41257	-132.580	   3.840
2016.41530	-132.580	   3.300
2016.41803	-130.670	   3.330
2016.42077	-130.570	   3.480
2016.42350	-133.910	   3.310
2016.42623	-133.460	   3.570
2016.42896	-130.390	   4.410
2016.43169	-132.700	   4.020
2016.43443	-137.230	   5.560
2016.43716	-131.920	   3.900
2016.43989	-129.240	   3.270
2016.44262	-129.390	   3.640
2016.44536	-127.400	   3.440
2016.44809	-129.620	   4.090
2016.45082	-133.730	   4.320
2016.45355	-131.530	   4.400
2016.45628	-137.730	   3.790
2016.45902	-136.300	   3.590
2016.46175	-136.680	   3.660
2016.46448	-137.980	   4.670
2016.46721	-132.920	   4.080
2016.46995	-135.620	   3.650
2016.47268	-134.790	   3.720
2016.47541	-136.390	   3.620
2016.47814	-130.940	   4.020
2016.48087	-134.270	   3.980
2016.48361	-134.600	   3.960
2016.48634	-137.840	   4.870
2016.48907	-137.420	   3.700
2016.49180	-132.580	   4.020
2016.49454	-136.030	   4.320
2016.49727	-133.210	   4.220
2016.50000	-136.490	   3.670
2016.50273	-134.310	   3.720
2016.50546	-133.720	   3.960
2016.50820	-135.770	   3.710
2016.51093	-134.210	   3.840
2016.51366	-130.660	   4.170
2016.51639	-130.820	   3.800
2016.51913	-127.420	   4.670
2016.52186	-131.740	   4.720
2016.52459	-129.150	   4.100
2016.52732	-128.990	   4.730
2016.53005	-132.410	   4.810
2016.53279	-134.530	   3.450
2016.53552	-134.660	   3.540
2016.53825	-139.860	   3.520
2016.54098	-138.820	   4.010
2016.54372	-133.030	   4.240
2016.54645	-137.080	   4.080
2016.54918	-132.050	   3.250
2016.55191	-135.820	   3.950
2016.55464	-138.940	   3.380
2016.55738	-137.990	   3.850
2016.56011	-130.650	   3.990
2016.56284	-131.770	   4.200
2016.56557	-136.360	   3.280
2016.56831	-134.970	   3.540
2016.57104	-133.010	   3.960
2016.57377	-132.710	   4.340
2016.57650	-135.140	   4.340
2016.57923	-133.920	   4.010
2016.58197	-134.460	   4.200
2016.58470	-129.220	   4.150
2016.58743	-133.690	   3.370
2016.59016	-136.350	   3.300
2016.59290	-135.450	   3.470
2016.59563	-133.670	   3.390
2016.59836	-132.080	   4.020
2016.60109	-137.380	   5.110
2016.60383	-136.200	   4.580
2016.60656	-134.340	   4.350
2016.60929	-134.210	   4.340
2016.61202	-133.290	   3.850
2016.61475	-132.880	   2.990
2016.61749	-132.270	   3.140
2016.62022	-137.830	   3.410
2016.62295	-134.780	   3.790
2016.62568	-132.210	   3.600
2016.62842	-133.980	   3.640
2016.63115	-134.830	   4.390
2016.63388	-134.580	   4.390
2016.63661	-141.350	   4.300
2016.63934	-141.080	   5.050
2016.64208	-137.470	   4.600
2016.64481	-137.400	   4.110
2016.64754	-135.280	   4.190
2016.65027	-135.340	   4.030
2016.65301	-138.080	   4.860
2016.65574	-133.990	   5.010
2016.65847	-133.390	   4.300
2016.66120	-126.670	   5.000
2016.66393	-132.220	   3.610
2016.66667	-137.110	   3.650
2016.66940	-136.750	   3.640
2016.67213	-132.120	   4.820
2016.67486	-131.600	   3.690
2016.67760	-136.840	   4.160
2016.68033	-135.720	   4.380
2016.68306	-129.710	   4.030
2016.68579	-133.840	   3.510
2016.68852	-131.220	   3.440
2016.69126	-137.970	   3.820
2016.69399	-136.190	   3.410
2016.69672	-133.710	   4.230
2016.69945	-134.950	   3.880
2016.70219	-135.030	   3.770
2016.70492	-137.160	   6.930
2016.71585	-136.690	   3.270
2016.71858	-135.220	   4.360
2016.72131	-136.620	   4.140
2016.72404	-133.810	   3.960
2016.72678	-130.550	   5.060
2016.72951	-134.960	   4.650
2016.73224	-137.730	   3.770
2016.73497	-131.170	   4.200
2016.73770	-136.760	   3.900
2016.74044	-132.820	   5.310
2016.74317	-137.490	   6.740
2016.74590	-134.800	   4.480
2016.74863	-132.720	   3.940
2016.75137	-133.950	   3.910
2016.75410	-138.230	   3.960
2016.75683	-133.600	   3.850
2016.75956	-141.970	   5.160
2016.76230	-139.190	   4.610
2016.76503	-132.730	   4.220
2016.76776	-134.930	   3.990
2016.77049	-131.910	   3.670
2016.77322	-133.830	   3.840
2016.77596	-135.720	   3.780
2016.77869	-134.050	   4.250
2016.78142	-139.120	   4.030
2016.78415	-136.600	   4.030
2016.78689	-136.850	   3.940
2016.78962	-138.870	   4.440
2016.79235	-136.260	   4.220
2016.79508	-135.700	   4.050
2016.79781	-140.510	   3.630
2016.80328	-136.500	   6.010
2016.80601	-137.890	   3.980
2016.80874	-139.230	   3.730
2016.81148	-139.180	   3.760
2016.81421	-138.370	   3.740
2016.81694	-140.260	   3.790
2016.81967	-137.630	   3.580
2016.82240	-138.360	   3.240
2016.82514	-138.960	   3.550
2016.82787	-136.360	   3.680
2016.83060	-138.120	   3.570
2016.83333	-136.450	   3.510
2016.83607	-138.060	   3.470
2016.83880	-136.860	   3.710
2016.84153	-137.140	   3.380
2016.84426	-141.220	   5.210
2016.84699	-136.940	   3.560
2016.84973	-136.940	   3.640
2016.85246	-138.460	   3.430
2016.85519	-134.840	   2.820
2016.85792	-136.480	   2.850
2016.86066	-134.840	   3.120
2016.86339	-137.080	   2.730
2016.86612	-139.200	   2.910
2016.86885	-140.340	   2.910
2016.87158	-137.130	   2.910
2016.87432	-137.670	   2.990
2016.87705	-137.700	   2.930
2016.87978	-136.310	   3.450
2016.88251	-136.670	   2.890
2016.88525	-139.490	   3.520
2016.88798	-138.320	   3.200
2016.89071	-139.900	   3.220
2016.89344	-136.950	   3.010
2016.89617	-134.720	   3.240
2016.89891	-138.310	   3.030
2016.90164	-138.920	   2.860
2016.90437	-135.680	   3.210
2016.90710	-131.570	   3.700
2016.90984	-133.960	   3.520
2016.91257	-137.000	   3.110
2016.91530	-136.280	   3.390
2016.91803	-136.180	   3.370
2016.92077	-138.000	   3.150
2016.92350	-139.030	   3.090
2016.92623	-138.750	   3.330
2016.92896	-138.800	   2.970
2016.93169	-136.320	   2.770
2016.93443	-136.530	   2.990
2016.93716	-136.590	   3.190
2016.93989	-136.160	   3.250
2016.94262	-137.740	   2.970
2016.94536	-135.140	   3.020
2016.94809	-137.810	   3.180
2016.95082	-134.750	   3.040
2016.95355	-134.880	   2.950
2016.95628	-136.520	   2.610
2016.95902	-132.810	   2.990
2016.96175	-134.110	   2.830
2016.96448	-136.390	   2.930
2016.96721	-140.640	   3.340
2016.96995	-139.970	   3.160
2016.97268	-141.860	   2.960
2016.97541	-139.430	   2.780
2016.97814	-138.750	   2.890
2016.98087	-140.420	   2.510
2016.98361	-142.440	   2.740
2016.98634	-137.240	   3.060
2016.98907	-137.270	   3.170
2016.99180	-137.920	   2.740
2016.99454	-135.390	   2.790
2016.99727	-136.020	   2.770
2017.00000	-135.380	   2.950
2017.00274	-138.140	   2.860
2017.00548	-135.950	   2.770
2017.00822	-140.280	   2.590
2017.01096	-140.460	   2.760
2017.01370	-137.550	   2.790
2017.01644	-140.720	   2.670
2017.01918	-137.200	   2.920
2017.02192	-136.960	   2.930
2017.02466	-137.030	   3.150
2017.02740	-136.040	   3.580
2017.03014	-133.740	   3.090
2017.03288	-136.980	   2.920
2017.03562	-135.680	   2.670
2017.03836	-137.060	   2.340
2017.04110	-134.060	   2.610
2017.04384	-135.490	   2.620
2017.04658	-135.530	   3.030
2017.04932	-138.680	   2.970
2017.05205	-138.430	   2.820
2017.05479	-136.350	   2.670
2017.05753	-136.860	   2.830
2017.06027	-137.840	   2.750
2017.06301	-137.250	   2.670
2017.06575	-135.460	   2.530
2017.06849	-135.450	   3.340
2017.07123	-137.710	   2.730
2017.07397	-134.400	   2.910
2017.07671	-138.150	   2.950
2017.07945	-138.550	   2.920
2017.08219	-135.950	   3.140
2017.08493	-135.210	   2.850
2017.08767	-137.160	   2.810
2017.09041	-135.450	   2.620
2017.09315	-132.200	   3.700
2017.09589	-135.270	   3.810
2017.09863	-135.450	   3.030
2017.10137	-137.370	   2.850
2017.10411	-138.510	   2.900
2017.10685	-135.100	   3.250
2017.10959	-138.290	   2.270
2017.11233	-135.800	   2.420
2017.11507	-133.370	   2.730
2017.11781	-135.650	   2.790
2017.12055	-138.100	   2.600
2017.12329	-139.880	   2.710
2017.12603	-137.450	   2.650
2017.12877	-139.910	   2.500
2017.13151	-140.790	   2.700
2017.13425	-141.600	   3.020
2017.13699	-141.750	   3.070
2017.13973	-139.730	   3.010
2017.14247	-144.350	   3.070
2017.14521	-143.430	   3.170
2017.14795	-143.110	   2.930
2017.15068	-136.250	   2.880
2017.15616	-140.510	   2.640
2017.15890	-141.510	   2.640
2017.16164	-141.850	   2.640
2017.16438	-141.920	   2.760
2017.16712	-143.410	   2.810
2017.16986	-143.820	   2.450
2017.17260	-142.730	   2.740
2017.17534	-145.170	   2.910
2017.17808	-144.190	   2.660
2017.18082	-140.870	   2.350
2017.18356	-139.980	   2.670
2017.18630	-140.190	   2.720
2017.18904	-145.860	   2.790
2017.19178	-139.820	   2.550
2017.19452	-146.970	   2.500
2017.19726	-149.110	   2.810
2017.20000	-147.980	   2.620
2017.20274	-139.220	   3.650
2017.20548	-141.530	   3.890
2017.20822	-146.900	   2.510
2017.21096	-147.060	   2.910
2017.21370	-144.850	   3.150
2017.21644	-148.870	   2.860
2017.21918	-144.250	   3.570
2017.22192	-144.490	   4.350
2017.22466	-148.220	   3.310
2017.22740	-146.990	   3.550
2017.23014	-147.850	   3.040
2017.23288	-139.870	   3.170
2017.23562	-146.990	   3.580
2017.23836	-147.140	   3.400
2017.24110	-148.450	   3.330
2017.24384	-149.300	   3.090
2017.24658	-150.530	   4.530
2017.24932	-142.640	   3.540
2017.25205	-145.110	   4.270
2017.25479	-146.160	   3.990
2017.25753	-143.310	   4.030
2017.26027	-146.190	   3.300
2017.26301	-149.460	   3.570
2017.26575	-149.660	   3.320
2017.26849	-139.410	   6.580
2017.27123	-140.650	   5.550
2017.27397	-145.280	   3.770
2017.27671	-146.810	   4.730
2017.27945	-151.490	   4.070
2017.28219	-140.910	   4.510
2017.28493	-147.460	   3.390
2017.28767	-148.850	   4.330
2017.29041	-147.280	   4.310
2017.29315	-150.640	   3.650
2017.29589	-153.150	   3.410
2017.29863	-153.380	   4.310
2017.30137	-144.690	   4.700
2017.30411	-143.920	   4.270
2017.30685	-145.990	   3.150
2017.30959	-147.320	   2.790
2017.31233	-141.960	   2.860
2017.31507	-145.210	   3.120
2017.31781	-147.470	   3.140
2017.32055	-145.700	   3.430
2017.32329	-143.150	   3.630
2017.32603	-146.390	   3.370
2017.32877	-148.360	   3.030
2017.33151	-153.260	   2.970
2017.33425	-150.470	   3.080
2017.33699	-147.090	   3.190
2017.33973	-150.360	   3.290
2017.34247	-152.400	   3.430
2017.34521	-146.290	   3.690
2017.34795	-148.830	   3.120
2017.35068	-146.530	   3.360
2017.35342	-149.740	   3.420
2017.35616	-150.630	   3.810
2017.35890	-148.540	   3.320
2017.36164	-148.810	   3.270
2017.36438	-148.370	   3.400
2017.36712	-150.480	   3.350
2017.36986	-147.690	   3.330
2017.37260	-142.470	   2.980
2017.37534	-149.490	   2.930
2017.37808	-145.860	   3.530
2017.38082	-145.730	   3.330
2017.38356	-145.280	   3.060
2017.38630	-149.960	   3.110
2017.38904	-151.010	   3.150
2017.39178	-151.090	   3.140
2017.39452	-147.740	   4.150
2017.39726	-144.390	   3.750
2017.40000	-146.650	   2.900
2017.40274	-145.380	   2.820
2017.40548	-146.860	   3.720
2017.40822	-146.580	   3.770
2017.41096	-144.790	   4.470
2017.41370	-150.590	   3.920
2017.41644	-145.980	   4.900
2017.41918	-146.360	   4.530
2017.42192	-148.980	   4.340
2017.42466	-146.400	   3.890
2017.42740	-153.760	   3.350
2017.43014	-153.150	   3.510
2017.43288	-145.720	   3.930
2017.43562	-152.240	   4.400
2017.43836	-152.210	   4.360
2017.44110	-149.940	   3.450
2017.44384	-154.210	   3.240
2017.44658	-148.830	   4.140
2017.44932	-150.820	   4.070
2017.45205	-147.890	   4.540
2017.45479	-145.210	   4.100
2017.45753	-152.650	   5.110
2017.46027	-148.900	   5.360
2017.46301	-147.680	   4.300
2017.46575	-149.130	   3.700
2017.46849	-148.880	   4.080
2017.47123	-151.130	   3.540
2017.47397	-151.660	   3.390
2017.47671	-148.610	   3.720
2017.47945	-152.180	   3.980
2017.48219	-150.680	   3.470
2017.48493	-151.640	   3.310
2017.48767	-149.950	   3.550
2017.49041	-148.920	   3.970
2017.49315	-151.420	   3.950
2017.49589	-148.520	   3.650
2017.49863	-150.280	   3.560
2017.50411	-154.450	   4.280
2017.50685	-148.600	   3.640
2017.50959	-156.590	   3.740
2017.51233	-153.470	   3.820
2017.51507	-152.690	   3.890
2017.51781	-153.750	   3.810
2017.52055	-151.730	   3.430
2017.52603	-149.540	   4.610
2017.52877	-149.810	   4.360
2017.53151	-152.890	   4.030
2017.53425	-150.870	   4.110
2017.53699	-150.550	   4.420
2017.53973	-149.890	   4.240
2017.54247	-151.460	   3.060
2017.54521	-155.000	   3.730
2017.54795	-154.190	   3.600
2017.55068	-154.370	   3.380
2017.55616	-150.050	   3.280
2017.55890	-153.430	   3.510
2017.56164	-152.420	   4.230
2017.56438	-151.530	   3.970
2017.56712	-153.540	   4.350
2017.56986	-151.460	   3.670
2017.57260	-152.800	   3.830
2017.57534	-147.460	   4.620
2017.57808	-149.760	   5.330
2017.58082	-147.880	   5.850
2017.58356	-150.760	   4.710
2017.58630	-151.340	   3.620
2017.58904	-154.840	   4.710
2017.59178	-153.040	   3.900
2017.59452	-154.530	   3.720
2017.59726	-154.820	   3.750
2017.60000	-155.460	   4.020
2017.60274	-157.630	   4.050
2017.60548	-153.130	   3.940
2017.60822	-152.470	   4.730
2017.61096	-148.820	   3.870
2017.61370	-152.680	   3.530
2017.61644	-149.720	   3.400
2017.61918	-152.140	   3.310
2017.62466	-151.420	   3.770
2017.62740	-153.640	   3.660
2017.63014	-153.970	   4.220
2017.63288	-153.960	   4.810
2017.63562	-151.360	   4.260
2017.63836	-150.750	   4.580
2017.64110	-152.730	   4.300
2017.64384	-153.760	   3.280
2017.64658	-150.160	   3.340
2017.64932	-154.760	   3.730
2017.65205	-155.920	   4.000
2017.65479	-153.340	   3.610
2017.65753	-152.710	   3.890
2017.66027	-157.530	   4.250
2017.66301	-153.900	   4.080
2017.66575	-153.610	   3.860
2017.66849	-152.060	   5.410
2017.67123	-150.540	   3.540
2017.67397	-153.120	   3.940
2017.67671	-155.820	   4.370
2017.67945	-154.410	   3.750
2017.68219	-156.180	   3.480
2017.68493	-153.330	   3.670
2017.68767	-156.740	   3.470
2017.69041	-154.650	   3.450
2017.69315	-158.080	   3.590
2017.69589	-159.180	   3.790
2017.69863	-158.210	   3.720
2017.70137	-156.540	   3.840
2017.70411	-154.910	   3.580
2017.70685	-156.530	   3.130
2017.70959	-154.370	   3.670
2017.71233	-156.680	   3.500
2017.71507	-156.190	   3.570
2017.71781	-153.510	   3.960
2017.72055	-156.990	   3.320
2017.72329	-156.920	   3.170
2017.72603	-153.540	   4.170
2017.72877	-155.600	   3.430
2017.73151	-156.040	   3.560
2017.73425	-159.380	   4.030
2017.73699	-156.560	   3.440
2017.73973	-155.820	   3.300
2017.74247	-158.240	   3.840
2017.74521	-156.970	   5.010
2017.74795	-154.230	   3.540
2017.75068	-162.370	   3.590
2017.75342	-157.210	   3.610
2017.75616	-151.530	   4.150
2017.75890	-154.910	   4.800
2017.76164	-157.020	   3.640
2017.76438	-159.400	   4.290
2017.76712	-155.020	   3.960
2017.76986	-156.300	   4.880
2017.77260	-151.530	   4.760
2017.77534	-162.920	   4.810
2017.77808	-159.870	   4.250
2017.78082	-156.010	   4.410
2017.78356	-159.210	   3.460
2017.78630	-158.050	   4.120
2017.78904	-156.250	   4.330
2017.79178	-157.120	   4.500
2017.79452	-150.630	   3.950
2017.79726	-156.470	   3.560
2017.80000	-153.690	   3.670
2017.80274	-155.080	   2.930
2017.80548	-149.980	   2.770
2017.80822	-153.830	   2.920
2017.81096	-153.450	   3.030
2017.81370	-152.200	   3.060
2017.81644	-155.630	   3.210
2017.81918	-150.570	   3.120
2017.82192	-154.890	   2.990
2017.82466	-155.050	   3.030
2017.82740	-155.570	   3.200
2017.83014	-148.900	   3.330
2017.83288	-152.680	   3.010
2017.83562	-152.880	   3.220
2017.83836	-152.080	   3.240
2017.84110	-152.920	   3.420
2017.84384	-153.250	   3.060
2017.84658	-154.920	   2.700
2017.84932	-153.850	   3.120
2017.85205	-156.590	   3.610
2017.85479	-153.760	   3.390
2017.85753	-153.050	   2.940
2017.86301	-154.290	   3.240
2017.86575	-153.710	   2.740
2017.86849	-154.320	   2.750
2017.87123	-155.190	   3.270
2017.87397	-155.160	   3.090
2017.87671	-158.560	   3.100
2017.87945	-156.840	   3.000
2017.88219	-156.210	   3.200
2017.88493	-157.020	   2.710
2017.88767	-155.020	   2.850
2017.89041	-155.480	   3.010
2017.89315	-153.750	   2.940
2017.89589	-155.810	   3.010
2017.89863	-152.600	   2.810
2017.90137	-154.750	   2.830
2017.90411	-152.660	   2.840
2017.90685	-158.480	   3.060
2017.90959	-155.980	   2.810
2017.91233	-154.530	   2.970
2017.91507	-154.340	   3.130
2017.91781	-156.400	   3.240
2017.92055	-154.320	   3.160
2017.92329	-154.060	   3.040
2017.92603	-156.450	   2.940
2017.92877	-152.820	   2.700
2017.93151	-154.110	   2.910
2017.93425	-152.280	   2.960
2017.93699	-155.240	   2.600
2017.93973	-150.900	   2.790
2017.94247	-151.640	   2.800
2017.94521	-153.350	   2.780
2017.94795	-153.380	   2.860
2017.95068	-157.960	   2.480
2017.95342	-151.860	   2.790
2017.95616	-154.630	   2.850
2017.95890	-150.470	   3.010
2017.96164	-150.470	   3.090
2017.96438	-153.130	   3.060
2017.96712	-152.300	   3.350
2017.96986	-150.590	   3.520
2017.97260	-151.420	   2.860
2017.97534	-154.220	   2.720
2017.97808	-153.920	   2.920
2017.98082	-155.750	   2.910
2017.98356	-153.690	   2.580
2017.98630	-157.240	   2.760
2017.98904	-154.350	   2.760
2017.99178	-156.240	   2.980
2017.99452	-155.210	   3.650
2018.00548	-152.360	   2.940
2018.00822	-154.340	   2.790
2018.01096	-152.290	   3.150
2018.01370	-153.500	   2.930
2018.01644	-152.540	   2.840
2018.01918	-155.060	   2.680
2018.02192	-153.450	   3.040
2018.02466	-152.400	   2.980
2018.02740	-152.670	   2.690
2018.03014	-151.640	   2.800
2018.03288	-153.580	   2.680
2018.03562	-154.470	   2.650
2018.03836	-152.870	   3.060
2018.04110	-155.400	   2.900
2018.04384	-153.530	   2.940
2018.04658	-158.220	   3.090
2018.04932	-156.190	   3.070
2018.05205	-154.710	   3.150
2018.05479	-157.400	   2.860
2018.05753	-158.580	   3.210
2018.06027	-155.750	   3.180
2018.06301	-156.460	   2.970
2018.06575	-155.060	   2.940
2018.06849	-153.180	   3.160
2018.07123	-155.940	   3.020
2018.07397	-156.370	   3.120
2018.07671	-152.280	   3.620
2018.07945	-154.590	   2.670
2018.08219	-154.160	   3.060
2018.08493	-157.750	   2.750
2018.08767	-153.270	   2.680
2018.09041	-157.200	   2.810
2018.09315	-152.810	   2.490
2018.09589	-152.650	   2.490
2018.09863	-154.910	   2.730
2018.10137	-155.940	   2.850
2018.10411	-156.950	   2.860
2018.10685	-155.350	   2.730
2018.10959	-160.390	   2.840
2018.11233	-158.820	   2.940
2018.11507	-154.470	   2.580
2018.11781	-156.910	   2.590
2018.12055	-156.920	   2.850
2018.12329	-161.070	   2.900
2018.12603	-159.970	   3.160
2018.12877	-160.420	   3.450
2018.13151	-159.830	   2.920
2018.13425	-162.710	   3.100
2018.13699	-159.530	   2.980
2018.13973	-160.910	   3.190
2018.14247	-160.740	   3.060
2018.14521	-160.110	   3.150
2018.14795	-162.200	   3.060
2018.15068	-162.780	   3.110
2018.15342	-161.440	   3.080
2018.15616	-160.150	   2.920
2018.15890	-162.420	   3.470
2018.16164	-166.740	   3.560
