2012.00000	 -33.420	   2.670
2012.00273	 -31.360	   2.690
2012.00546	 -32.250	   2.570
2012.00820	 -31.580	   2.610
2012.01093	 -33.210	   2.660
2012.01366	 -31.210	   2.610
2012.01639	 -31.420	   2.650
2012.01913	 -33.870	   2.550
2012.02186	 -34.210	   2.770
2012.02459	 -33.350	   2.750
2012.02732	 -33.250	   2.810
2012.03005	 -32.100	   3.080
2012.03279	 -32.090	   2.620
2012.03552	 -34.250	   2.640
2012.03825	 -33.560	   2.590
2012.04098	 -31.600	   2.740
2012.04372	 -32.260	   3.110
2012.04645	 -34.800	   2.880
2012.04918	 -34.260	   2.770
2012.05191	 -34.090	   2.840
2012.05464	 -35.690	   3.620
2012.08197	 -32.210	   2.980
2012.08470	 -33.970	   2.660
2012.08743	 -33.930	   2.800
2012.09016	 -34.790	   2.790
2012.09290	 -34.680	   2.760
2012.09563	 -32.170	   2.910
2012.09836	 -32.950	   3.070
2012.10109	 -31.610	   3.540
2012.10383	 -33.320	   3.260
2012.10656	 -32.640	   2.690
2012.10929	 -31.670	   2.570
2012.11202	 -32.350	   2.650
2012.11475	 -30.480	   2.710
2012.11749	 -33.210	   2.830
2012.12022	 -31.670	   3.110
2012.12295	 -29.200	   2.980
2012.12568	 -34.320	   3.790
2012.12842	 -32.680	   2.850
2012.13115	 -35.590	   2.730
2012.13388	 -34.710	   3.060
2012.13661	 -33.450	   3.040
2012.13934	 -33.010	   3.010
2012.14208	 -31.580	   3.380
2012.14481	 -34.190	   3.410
2012.14754	 -34.380	   5.010
2012.16393	 -36.530	   3.030
2012.16667	 -38.900	   3.630
2012.16940	 -38.270	   3.230
2012.17213	 -37.660	   2.950
2012.17486	 -37.740	   3.260
2012.17760	 -35.730	   3.440
2012.18033	 -37.920	   3.450
2012.18306	 -37.160	   3.280
2012.18579	 -37.090	   3.410
2012.18852	 -34.990	   3.390
2012.19126	 -34.760	   3.250
2012.19399	 -35.310	   3.390
2012.19672	 -37.490	   3.730
2012.19945	 -36.510	   3.360
2012.20219	 -36.150	   3.350
2012.20492	 -40.120	   3.270
2012.20765	 -37.960	   3.700
2012.21038	 -34.740	   3.570
2012.21311	 -39.580	   3.300
2012.21585	 -41.490	   3.270
2012.21858	 -38.990	   3.300
2012.22131	 -39.730	   3.160
2012.22404	 -37.780	   3.320
2012.22678	 -36.330	   3.790
2012.22951	 -36.740	   3.140
2012.23224	 -42.330	   3.130
2012.23497	 -41.620	   3.580
2012.23770	 -38.360	   3.260
2012.24044	 -38.190	   3.580
2012.24317	 -38.320	   3.290
2012.24590	 -38.890	   3.120
2012.24863	 -39.080	   3.150
2012.25137	 -41.380	   3.170
2012.25410	 -38.270	   3.220
2012.25683	 -39.960	   3.210
2012.25956	 -36.580	   3.180
2012.26230	 -38.630	   2.980
2012.26503	 -37.650	   3.660
2012.26776	 -38.460	   3.210
2012.27049	 -39.680	   3.130
2012.27322	 -40.320	   3.390
2012.27596	 -36.400	   3.100
2012.27869	 -39.850	   3.190
2012.28142	 -38.580	   3.480
2012.28415	 -39.350	   3.540
2012.28689	 -40.640	   2.940
2012.28962	 -39.840	   2.950
2012.29235	 -38.510	   3.580
2012.29508	 -37.480	   3.510
2012.29781	 -38.350	   3.140
2012.30055	 -37.080	   3.240
2012.30328	 -37.930	   3.920
2012.30601	 -35.630	   3.410
2012.30874	 -35.310	   3.290
2012.31148	 -36.060	   3.920
2012.31421	 -37.320	   3.330
2012.31694	 -39.370	   6.320
2012.31967	 -37.730	   3.840
2012.32240	 -35.960	   3.930
2012.32514	 -37.700	   3.540
2012.32787	 -35.720	   4.470
2012.33060	 -34.530	   3.910
2012.33333	 -40.200	   4.210
2012.33607	 -39.180	   4.950
2012.33880	 -35.800	   3.910
2012.34153	 -36.320	   3.540
2012.34426	 -37.700	   3.130
2012.34699	 -38.110	   2.770
2012.34973	 -41.340	   3.320
2012.35246	 -39.760	   3.120
2012.35519	 -39.990	   3.270
2012.35792	 -46.020	   4.600
2012.36066	 -41.130	   3.130
2012.36339	 -38.290	   3.090
2012.36612	 -38.040	   3.190
2012.36885	 -40.420	   3.200
2012.37158	 -41.440	   3.380
2012.37432	 -38.730	   3.190
2012.37705	 -41.970	   3.590
2012.37978	 -39.400	   2.980
2012.38251	 -37.960	   4.200
2012.38525	 -38.290	   3.530
2012.38798	 -40.510	   3.210
2012.39071	 -41.440	   3.070
2012.39344	 -38.000	   3.360
2012.39617	 -40.210	   3.130
2012.39891	 -40.260	   3.070
2012.40164	 -39.090	   3.590
2012.40437	 -43.150	   4.100
2012.40710	 -42.330	   3.740
2012.40984	 -42.180	   3.690
2012.41257	 -38.880	   3.660
2012.41530	 -43.410	   3.250
2012.41803	 -40.250	   3.010
2012.42077	 -38.170	   3.030
2012.42350	 -36.730	   3.510
2012.42623	 -43.880	   3.320
2012.42896	 -41.350	   3.220
2012.43169	 -39.280	   3.310
2012.43443	 -41.990	   3.300
2012.43716	 -38.150	   4.180
2012.43989	 -38.170	   4.750
2012.44262	 -44.160	   5.190
2012.44536	 -42.430	   6.300
2012.44809	 -40.820	   4.440
2012.45082	 -39.790	   4.520
2012.45355	 -40.310	   3.900
2012.45628	 -41.490	   3.740
2012.45902	 -39.930	   3.860
2012.46175	 -40.400	   4.460
2012.46448	 -40.900	   3.970
2012.46721	 -47.250	   5.900
2012.46995	 -43.830	   4.870
2012.47268	 -44.490	   3.660
2012.47541	 -44.520	   4.290
2012.47814	 -43.890	   5.540
2012.48087	 -46.510	   3.220
2012.48361	 -43.250	   3.640
2012.48634	 -44.340	   3.090
2012.48907	 -41.750	   4.090
2012.49180	 -44.120	   3.950
2012.49454	 -43.990	   3.510
2012.49727	 -42.710	   3.810
2012.50000	 -48.170	   4.050
2012.50273	 -47.310	   3.530
2012.50546	 -43.440	   3.390
2012.50820	 -45.230	   3.820
2012.51093	 -44.780	   3.850
2012.51366	 -47.990	   3.690
2012.51639	 -42.860	   3.300
2012.51913	 -44.990	   3.970
2012.52186	 -45.710	   3.870
2012.52459	 -46.890	   3.160
2012.52732	 -47.520	   3.320
2012.53005	 -42.720	   3.760
2012.53279	 -45.160	   3.690
2012.53552	 -46.180	   4.420
2012.53825	 -45.850	   3.930
2012.54098	 -44.110	   3.510
2012.54372	 -43.480	   4.120
2012.54645	 -46.730	   3.180
2012.54918	 -45.520	   4.440
2012.55191	 -48.080	   3.500
2012.55464	 -47.320	   3.800
2012.55738	 -46.060	   3.600
2012.56011	 -45.000	   3.210
2012.56284	 -45.470	   3.480
2012.56557	 -45.350	   3.730
2012.56831	 -42.830	   3.810
2012.57104	 -43.820	   3.730
2012.57377	 -45.900	   3.230
2012.57650	 -41.440	   4.230
2012.57923	 -45.850	   3.280
2012.58197	 -46.790	   3.620
2012.58470	 -46.740	   3.810
2012.58743	 -43.960	   3.800
2012.59016	 -42.690	   6.080
2012.59290	 -48.510	   5.710
2012.59563	 -48.580	   4.970
2012.59836	 -51.770	   3.820
2012.60109	 -52.970	   4.950
2012.60383	 -46.040	   4.610
2012.60656	 -44.340	   4.060
2012.60929	 -47.520	   4.600
2012.61202	 -48.450	   3.630
2012.61475	 -47.220	   3.240
2012.61749	 -45.850	   3.270
2012.62022	 -49.090	   3.620
2012.62295	 -48.100	   3.700
2012.62568	 -51.430	   3.530
2012.62842	 -47.490	   3.570
2012.63115	 -47.340	   3.680
2012.63388	 -41.940	   4.930
2012.63661	 -43.120	   4.080
2012.63934	 -48.090	   4.360
2012.64208	 -45.830	   3.580
2012.64481	 -45.650	   4.050
2012.64754	 -50.770	   4.420
2012.65027	 -47.960	   3.870
2012.65301	 -44.000	   3.670
2012.65574	 -51.530	   4.030
2012.65847	 -48.780	   4.420
2012.66120	 -49.600	   4.250
2012.66393	 -48.580	   4.400
2012.66667	 -46.100	   4.350
2012.66940	 -51.020	   4.190
2012.67213	 -47.640	   4.120
2012.67486	 -49.570	   3.980
2012.67760	 -46.590	   3.590
2012.68033	 -46.570	   3.480
2012.68306	 -51.100	   3.470
2012.68579	 -50.720	   3.860
2012.68852	 -49.280	   6.530
2012.69399	 -45.340	   4.100
2012.69672	 -46.800	   3.770
2012.69945	 -49.510	   3.780
2012.70219	 -50.100	   5.370
2012.70492	 -52.870	   4.430
2012.70765	 -51.390	   3.340
2012.71038	 -49.580	   3.520
2012.71311	 -51.150	   3.440
2012.71585	 -51.160	   3.490
2012.71858	 -49.900	   3.340
2012.72131	 -53.580	   3.290
2012.72404	 -49.790	   3.610
2012.72678	 -49.530	   3.250
2012.73224	 -51.870	   3.850
2012.73497	 -50.770	   4.030
2012.73770	 -52.250	   4.490
2012.74044	 -50.290	   3.930
2012.74317	 -49.700	   3.900
2012.74590	 -49.600	   3.470
2012.74863	 -50.800	   3.290
2012.75137	 -49.860	   3.410
2012.75410	 -49.050	   3.610
2012.75683	 -44.670	   5.230
2012.75956	 -48.350	   3.280
2012.76230	 -48.160	   3.100
2012.76503	 -56.540	   3.340
2012.76776	 -50.100	   3.180
2012.77049	 -49.720	   2.910
2012.77322	 -51.950	   2.890
2012.77596	 -54.060	   3.100
2012.77869	 -53.380	   3.240
2012.78142	 -50.960	   3.250
2012.78415	 -52.330	   2.900
2012.78689	 -52.380	   2.830
2012.78962	 -53.250	   2.950
2012.79235	 -51.330	   3.110
2012.79508	 -49.650	   3.300
2012.79781	 -49.810	   3.290
2012.80055	 -48.290	   3.250
2012.80328	 -51.600	   3.010
2012.80601	 -49.990	   3.160
2012.80874	 -49.840	   2.960
2012.81148	 -50.690	   3.100
2012.81421	 -51.450	   2.940
2012.81694	 -50.510	   3.330
2012.81967	 -47.660	   3.640
2012.82240	 -47.330	   3.970
2012.82514	 -50.900	   3.090
2012.82787	 -52.030	   3.540
2012.83060	 -52.550	   3.330
2012.83333	 -50.510	   3.180
2012.83607	 -49.310	   4.790
2012.83880	 -52.820	   4.840
2012.84153	 -50.110	   5.090
2012.84426	 -50.080	   4.660
2012.84699	 -48.790	   4.570
2012.84973	 -53.860	   4.330
2012.85246	 -51.050	   4.540
2012.85519	 -52.860	   4.420
2012.85792	 -52.700	   4.160
2012.86066	 -50.990	   5.030
2012.86339	 -51.470	   4.630
2012.86612	 -49.100	   4.140
2012.86885	 -48.680	   4.700
2012.87158	 -52.690	   3.220
2012.87432	 -52.710	   5.050
2012.87705	 -51.060	   5.010
2012.87978	 -52.610	   4.590
2012.88251	 -49.170	   4.620
2012.88525	 -51.310	   4.630
2012.88798	 -47.570	   4.360
2012.89071	 -46.860	   5.250
2012.89344	 -53.430	   5.230
2012.89617	 -53.870	   4.490
2012.89891	 -52.130	   2.680
2012.90164	 -52.480	   2.910
2012.90437	 -50.070	   3.130
2012.90710	 -52.740	   2.870
2012.90984	 -52.580	   3.050
2012.91257	 -50.630	   2.800
2012.91530	 -50.880	   2.940
2012.91803	 -52.660	   4.870
2012.92077	 -51.110	   4.520
2012.92350	 -49.400	   4.490
2012.92623	 -52.020	   4.120
2012.92896	 -51.640	   5.180
2012.93169	 -52.160	   4.490
2012.93443	 -49.620	   4.240
2012.93716	 -49.100	   4.490
2012.93989	 -46.920	   4.360
2012.94262	 -49.360	   4.340
2012.94536	 -48.720	   3.760
2012.94809	 -51.420	   3.860
2012.95082	 -48.430	   4.160
2012.95355	 -50.260	   2.650
2012.95628	 -48.900	   2.950
2012.95902	 -52.230	   2.850
2012.96175	 -49.460	   2.780
2012.96448	 -52.450	   2.750
2012.96721	 -50.920	   2.590
2012.96995	 -51.740	   2.540
2012.97268	 -48.980	   2.610
2012.97541	 -51.160	   2.710
2012.97814	 -53.430	   2.700
2012.98087	 -53.020	   2.580
2012.98361	 -52.990	   2.630
2012.98634	 -50.650	   2.630
2012.98907	 -53.140	   2.840
2012.99180	 -50.550	   2.740
2012.99454	 -51.410	   3.520
2012.99727	 -50.270	   2.870
2013.00000	 -51.890	   2.680
2013.00274	 -54.380	   2.930
2013.00548	 -51.810	   2.980
2013.00822	 -51.560	   2.760
2013.01096	 -50.210	   2.670
2013.01370	 -53.030	   2.910
2013.01644	 -51.900	   3.060
2013.01918	 -53.390	   3.090
2013.02192	 -50.760	   2.960
2013.02466	 -51.220	   2.780
2013.02740	 -51.210	   2.840
2013.03014	 -51.710	   2.830
2013.03288	 -52.990	   3.500
2013.03562	 -49.270	   3.380
2013.03836	 -51.280	   2.500
2013.04110	 -52.150	   2.530
2013.04384	 -52.760	   2.750
2013.04658	 -53.100	   2.740
2013.04932	 -52.820	   2.580
2013.05205	 -52.230	   2.590
2013.05479	 -53.230	   2.790
2013.05753	 -51.720	   2.460
2013.06027	 -53.420	   2.600
2013.06301	 -51.960	   2.680
2013.06575	 -52.170	   2.650
2013.06849	 -51.180	   2.610
2013.07123	 -52.020	   2.550
2013.07397	 -51.700	   2.680
2013.07671	 -53.740	   2.460
2013.07945	 -53.680	   2.580
2013.08219	 -53.540	   3.020
2013.08493	 -53.880	   2.940
2013.08767	 -52.350	   3.090
2013.09041	 -52.930	   2.800
2013.09315	 -53.030	   2.840
2013.09589	 -53.650	   2.840
2013.09863	 -56.180	   3.060
2013.10137	 -53.900	   3.000
2013.10411	 -53.070	   2.680
2013.10685	 -53.330	   2.580
2013.10959	 -54.420	   2.950
2013.11233	 -51.340	   3.410
2013.11507	 -52.550	   2.720
2013.11781	 -52.850	   2.660
2013.12055	 -53.370	   3.000
2013.12329	 -53.940	   2.800
2013.12603	 -52.200	   3.080
2013.12877	 -53.820	   2.690
2013.13151	 -53.180	   2.770
2013.13425	 -52.840	   2.890
2013.13699	 -55.690	   2.970
2013.13973	 -53.800	   3.200
2013.14247	 -51.220	   2.900
2013.14521	 -51.860	   3.810
2013.14795	 -53.760	   3.330
2013.15342	 -53.860	   2.860
2013.15616	 -55.360	   2.910
2013.15890	 -52.980	   2.770
2013.16164	 -55.380	   2.770
2013.16438	 -53.520	   3.330
2013.16712	 -55.940	   2.850
2013.16986	 -54.540	   2.820
2013.17260	 -54.070	   2.910
2013.17534	 -56.050	   3.570
2013.17808	 -54.480	   3.140
2013.18082	 -53.570	   3.560
2013.18356	 -56.590	   2.900
2013.18630	 -51.990	   3.160
2013.18904	 -55.440	   3.480
2013.19178	 -58.640	   3.390
2013.19452	 -54.830	   3.370
2013.19726	 -56.520	   3.630
2013.20000	 -54.410	   3.040
2013.20274	 -55.290	   2.990
2013.20548	 -55.530	   3.170
2013.20822	 -52.600	   3.380
2013.21096	 -55.550	   3.050
2013.21370	 -54.870	   3.330
2013.21644	 -59.220	   3.570
2013.21918	 -55.810	   3.510
2013.22192	 -57.490	   3.450
2013.22466	 -59.560	   4.130
2013.22740	 -55.680	   4.240
2013.23014	 -57.780	   3.080
2013.23288	 -58.280	   3.780
2013.23562	 -57.650	   3.100
2013.23836	 -57.340	   3.640
2013.24110	 -57.900	   3.440
2013.24384	 -55.770	   3.070
2013.24658	 -53.410	   3.140
2013.24932	 -55.210	   3.260
2013.25205	 -56.330	   3.460
2013.25479	 -56.780	   4.060
2013.25753	 -52.340	   3.870
2013.26027	 -56.630	   5.150
2013.26301	 -53.690	   3.460
2013.26575	 -55.300	   3.120
2013.26849	 -57.110	   3.260
2013.27123	 -55.140	   3.900
2013.27397	 -55.380	   3.310
2013.27671	 -54.870	   3.300
2013.27945	 -58.030	   3.500
2013.28219	 -56.670	   3.300
2013.28493	 -55.870	   3.450
2013.28767	 -56.330	   3.470
2013.29041	 -53.110	   3.630
2013.29315	 -56.050	   3.700
2013.29589	 -55.070	   3.910
2013.29863	 -55.650	   3.590
2013.30137	 -57.860	   3.670
2013.30411	 -56.940	   3.190
2013.30685	 -55.160	   3.100
2013.31233	 -53.850	   3.250
2013.31507	 -55.240	   3.640
2013.31781	 -56.040	   3.450
2013.32055	 -56.460	   3.810
2013.32329	 -57.420	   3.560
2013.32603	 -54.580	   3.150
2013.32877	 -56.780	   3.920
2013.33151	 -53.830	   3.350
2013.33425	 -54.100	   3.560
2013.33699	 -54.750	   3.380
2013.33973	 -56.430	   3.110
2013.34247	 -55.070	   3.380
2013.34521	 -58.060	   3.220
2013.34795	 -58.330	   3.200
2013.35068	 -59.670	   3.160
2013.35342	 -55.490	   3.420
2013.35616	 -57.950	   4.170
2013.35890	 -59.440	   3.680
2013.36164	 -56.980	   3.610
2013.36438	 -53.870	   3.780
2013.36712	 -53.770	   4.290
2013.36986	 -55.380	   3.470
2013.37260	 -57.190	   5.200
2013.37534	 -53.610	   4.310
2013.37808	 -54.890	   5.150
2013.38082	 -58.620	   4.920
2013.38630	 -57.230	   3.400
2013.38904	 -58.480	   3.730
2013.39178	 -50.330	   3.950
2013.39452	 -54.440	   4.040
2013.39726	 -55.530	   4.840
2013.40000	 -56.110	   3.560
2013.40274	 -56.030	   3.630
2013.40548	 -60.090	   3.430
2013.40822	 -56.840	   3.450
2013.41096	 -58.510	   4.200
2013.41370	 -62.850	   6.370
2013.41644	 -58.680	   3.840
2013.41918	 -59.670	   3.390
2013.42192	 -57.130	   3.880
2013.42466	 -57.700	   3.720
2013.42740	 -55.370	   3.640
2013.43014	 -60.200	   3.740
2013.43288	 -59.370	   6.620
2013.43562	 -59.950	   4.130
2013.43836	 -59.910	   4.340
2013.44110	 -62.690	   3.970
2013.44384	 -60.040	   4.660
2013.44658	 -59.780	   5.360
2013.44932	 -57.790	   4.350
2013.45205	 -63.030	   3.720
2013.45479	 -63.680	   3.740
2013.45753	 -63.280	   4.380
2013.46301	 -60.440	   3.970
2013.46575	 -58.600	   3.960
2013.47397	 -62.310	   3.790
2013.47671	 -60.100	   4.180
2013.47945	 -60.070	   4.340
2013.48219	 -60.060	   4.070
2013.48493	 -63.960	   3.650
2013.48767	 -62.660	   3.310
2013.49041	 -61.000	   3.410
2013.49315	 -64.320	   5.150
2013.49589	 -60.110	   3.850
2013.49863	 -60.330	   4.700
2013.50137	 -64.970	   4.130
2013.50411	 -64.320	   4.670
2013.50685	 -63.240	   5.290
2013.50959	 -63.290	   5.140
2013.51233	 -64.210	   4.820
2013.51507	 -61.630	   4.310
2013.51781	 -63.670	   4.250
2013.52055	 -64.830	   3.780
2013.52329	 -59.620	   4.220
2013.52603	 -59.620	   3.720
2013.52877	 -64.300	   5.480
2013.53151	 -59.230	   6.620
2013.53425	 -59.860	   4.010
2013.53699	 -55.610	   4.180
2013.53973	 -64.790	   4.200
2013.54247	 -57.590	   4.110
2013.54521	 -62.240	   3.720
2013.54795	 -66.890	   3.970
2013.55342	 -62.700	   9.010
2013.55616	 -62.580	   4.570
2013.55890	 -66.230	   4.590
2013.56164	 -56.230	   5.550
2013.56438	 -59.680	   6.700
2013.56712	 -69.370	   4.870
2013.56986	 -66.780	   4.620
2013.57260	 -62.310	   4.850
2013.57534	 -63.560	   4.370
2013.57808	 -60.220	   3.900
2013.58082	 -65.570	   4.790
2013.58356	 -60.350	   3.640
2013.58630	 -61.780	   6.640
2013.58904	 -64.790	   4.480
2013.59178	 -67.040	   4.400
2013.59452	 -65.230	   3.840
2013.59726	 -64.660	   3.780
2013.60000	 -71.940	   4.660
2013.60274	 -66.700	   3.450
2013.60548	 -65.540	   4.480
2013.60822	 -65.830	   5.570
2013.61096	 -66.590	   4.250
2013.61370	 -65.730	   3.900
2013.61644	 -64.060	   5.080
2013.61918	 -63.590	   3.650
2013.62192	 -64.100	   3.830
2013.62466	 -65.430	   5.460
2013.62740	 -64.180	   4.570
2013.63014	 -68.000	   4.410
2013.63288	 -71.830	   5.410
2013.63562	 -61.690	   4.280
2013.63836	 -62.710	   5.100
2013.64110	 -65.210	   7.320
2013.64384	 -63.580	   4.480
2013.64658	 -62.260	   5.620
2013.65479	 -78.170	   5.320
2013.65753	 -51.690	   5.060
2013.66027	 -62.000	   6.840
2013.66301	 -64.700	   6.460
2013.66575	 -65.600	   5.230
2013.66849	 -60.420	   5.760
2013.67123	 -63.550	   3.840
2013.67671	 -67.080	   4.400
2013.68219	 -68.260	   3.380
2013.68493	 -64.640	   3.630
2013.68767	 -63.780	   3.840
2013.69041	 -63.610	   4.920
2013.69315	 -70.850	   4.260
2013.69589	 -65.240	   3.960
2013.69863	 -61.270	   4.020
2013.70137	 -60.470	   4.330
2013.70411	 -73.510	   4.470
2013.70685	 -80.240	   5.400
2013.70959	 -64.770	   5.610
2013.71233	 -60.880	   4.130
2013.71507	 -66.020	   4.330
2013.71781	 -71.240	   4.620
2013.72055	 -69.710	   4.130
2013.72329	 -64.230	   5.150
2013.72603	 -67.420	   4.110
2013.72877	 -55.400	   4.690
2013.73151	 -67.260	   3.920
2013.73425	 -60.240	   4.660
2013.73699	 -58.980	   4.060
2013.73973	 -79.010	   3.960
2013.74247	 -59.570	   3.810
2013.74521	 -64.880	   4.020
2013.74795	 -71.670	   4.540
2013.75342	 -62.920	   3.960
2013.75616	 -65.430	   3.690
2013.75890	 -70.900	   3.880
2013.76164	 -68.080	   3.650
2013.76438	 -59.740	   4.680
2013.76712	 -70.010	   3.760
2013.76986	 -71.120	   3.510
2013.77260	 -62.870	   4.280
2013.77534	 -61.450	   5.290
2013.77808	 -64.400	   4.320
2013.78356	 -61.700	   4.200
2013.78630	 -59.440	   4.100
2013.78904	 -67.110	   3.910
2013.79178	 -63.270	   3.310
2013.79452	 -64.740	   3.390
2013.79726	 -70.470	   3.740
2013.80000	 -64.130	   3.600
2013.80274	 -67.180	   3.530
2013.80548	 -61.210	   3.280
2013.80822	 -65.820	   3.490
2013.81096	 -65.590	   3.230
2013.81370	 -66.970	   3.080
2013.81644	 -68.510	   3.450
2013.81918	 -67.130	   3.370
2013.82192	 -67.140	   3.500
2013.82466	 -66.280	   3.260
2013.82740	 -67.270	   3.180
2013.83014	 -65.210	   3.510
2013.83288	 -68.090	   3.990
2013.83562	 -67.110	   3.900
2013.83836	 -66.480	   3.540
2013.84110	 -66.530	   3.680
2013.84384	 -65.160	   3.620
2013.84658	 -67.390	   3.330
2013.84932	 -68.380	   2.950
2013.85205	 -68.990	   3.150
2013.85479	 -64.900	   3.310
2013.85753	 -65.980	   3.530
2013.86027	 -69.480	   3.410
2013.86301	 -68.480	   3.420
2013.86575	 -67.340	   3.330
2013.86849	 -63.360	   3.230
2013.87123	 -63.570	   3.390
2013.87397	 -66.800	   3.090
2013.87671	 -64.680	   3.310
2013.87945	 -64.370	   3.150
2013.88219	 -64.990	   2.960
2013.88493	 -65.710	   3.140
2013.88767	 -63.390	   3.220
2013.89041	 -65.360	   3.010
2013.89315	 -65.000	   3.050
2013.89589	 -66.480	   3.130
2013.89863	 -65.710	   3.950
2013.90137	 -68.690	   3.050
2013.90411	 -66.660	   3.190
2013.90685	 -65.080	   3.200
2013.90959	 -66.350	   3.020
2013.91233	 -66.350	   2.920
2013.91507	 -67.420	   2.990
2013.91781	 -67.920	   2.940
2013.92055	 -66.920	   2.750
2013.92329	 -64.160	   2.680
2013.92603	 -66.240	   2.780
2013.92877	 -65.300	   2.780
2013.93151	 -66.110	   2.840
2013.93425	 -65.480	   2.790
2013.93699	 -64.020	   3.220
2013.93973	 -67.970	   3.130
2013.94247	 -69.060	   2.930
2013.94521	 -66.660	   3.190
2013.94795	 -70.640	   2.930
2013.95068	 -63.710	   3.180
2013.95342	 -69.450	   3.140
2013.95616	 -66.950	   3.290
2013.95890	 -64.990	   3.620
2013.96164	 -66.330	   3.440
2013.96438	 -69.270	   3.140
2013.96712	 -67.880	   3.170
2013.96986	 -69.030	   2.880
2013.97260	 -69.060	   2.830
2013.97534	 -68.160	   3.020
2013.97808	 -69.280	   2.890
2013.98082	 -65.540	   3.190
2013.98356	 -69.540	   2.980
2013.98630	 -68.570	   2.790
2013.98904	 -67.370	   2.760
2013.99178	 -68.520	   2.980
2013.99452	 -69.420	   2.900
2013.99726	 -68.260	   2.880
2014.00000	 -64.890	   2.940
2014.00274	 -66.680	   3.500
2014.00548	 -66.600	   3.030
2014.00822	 -64.340	   3.080
2014.01096	 -63.980	   3.050
2014.01370	 -66.070	   2.950
2014.01644	 -67.010	   2.720
2014.01918	 -63.860	   2.960
2014.02192	 -67.340	   3.060
2014.02466	 -64.980	   3.010
2014.02740	 -71.150	   3.030
2014.03014	 -65.920	   2.820
2014.03288	 -65.950	   2.910
2014.03562	 -64.670	   2.990
2014.03836	 -68.970	   2.990
2014.04110	 -67.330	   2.800
2014.04384	 -71.390	   2.920
2014.04658	 -67.990	   2.790
2014.04932	 -68.570	   2.690
2014.05205	 -65.050	   2.760
2014.05479	 -64.120	   3.260
2014.05753	 -67.380	   3.030
2014.06027	 -65.580	   3.380
2014.06301	 -70.540	   3.100
2014.06575	 -67.200	   2.980
2014.06849	 -66.570	   3.360
2014.07123	 -68.950	   3.150
2014.07671	 -65.640	   3.850
2014.07945	 -69.090	   4.440
2014.08219	 -65.940	   3.250
2014.08493	 -66.710	   3.180
2014.08767	 -68.590	   3.480
2014.09041	 -65.070	   4.010
2014.09315	 -69.140	   3.580
2014.09589	 -73.420	   3.470
2014.09863	 -66.040	   3.490
2014.10137	 -69.730	   3.860
2014.10411	 -70.530	   3.220
2014.10685	 -70.230	   3.210
2014.10959	 -68.930	   3.370
2014.11233	 -63.410	   3.520
2014.11507	 -67.730	   3.080
2014.11781	 -67.550	   3.080
2014.12055	 -65.130	   3.400
2014.12329	 -68.940	   3.130
2014.12603	 -69.260	   3.180
2014.12877	 -65.940	   3.070
2014.13151	 -67.950	   3.240
2014.13425	 -69.770	   3.660
2014.13699	 -65.900	   3.190
2014.13973	 -66.820	   3.120
2014.14247	 -69.790	   3.220
2014.14521	 -68.340	   3.120
2014.14795	 -63.690	   3.350
2014.15068	 -66.840	   3.180
2014.15342	 -67.340	   3.180
2014.15616	 -69.520	   3.320
2014.15890	 -70.080	   3.660
2014.16164	 -66.390	   4.060
2014.16438	 -67.340	   3.940
2014.16712	 -71.880	   3.020
2014.17260	 -69.760	   3.280
2014.17534	 -63.130	   6.730
2014.17808	 -70.810	   3.510
2014.18082	 -73.490	   3.710
2014.18356	 -68.000	   3.660
2014.18630	 -73.500	   3.410
2014.18904	 -71.020	   3.290
2014.19178	 -68.390	   3.430
2014.19452	 -72.260	   3.950
2014.19726	 -74.930	   3.590
2014.20000	 -72.140	   3.440
2014.20274	 -69.720	   3.550
2014.20548	 -70.660	   3.270
2014.20822	 -73.670	   3.300
2014.21096	 -71.960	   3.090
2014.21370	 -69.450	   3.400
2014.21644	 -76.990	   3.400
2014.21918	 -71.610	   3.130
2014.22192	 -73.480	   3.170
2014.22466	 -72.740	   2.770
2014.22740	 -69.680	   3.370
2014.23014	 -73.180	   3.420
2014.23288	 -66.950	   3.700
2014.23562	 -71.390	   3.340
2014.23836	 -69.380	   3.590
2014.24110	 -65.180	   4.840
2014.24384	 -71.600	   3.700
2014.24658	 -64.720	   6.590
2014.24932	 -64.390	   4.180
2014.25205	 -71.600	   3.710
2014.25479	 -66.630	   4.660
2014.26027	 -75.580	   3.400
2014.26301	 -74.610	   3.500
2014.26575	 -74.830	   3.180
2014.26849	 -73.890	   3.900
2014.27123	 -72.120	   3.670
2014.27397	 -69.010	   4.800
2014.27671	 -71.000	   3.750
2014.27945	 -72.960	   3.520
2014.28219	 -71.170	   3.710
2014.28493	 -75.340	   3.510
2014.28767	 -75.530	   3.850
2014.29041	 -73.790	   3.360
2014.29315	 -74.030	   3.650
2014.29589	 -75.830	   3.410
2014.30411	 -75.630	   3.180
2014.30685	 -74.240	   3.450
2014.30959	 -77.230	   3.530
2014.31233	 -72.910	   3.680
2014.31507	 -71.820	   3.350
2014.31781	 -73.770	   3.940
2014.32055	 -70.860	   3.760
2014.32329	 -75.790	   3.530
2014.32603	 -73.410	   3.380
2014.32877	 -72.230	   4.210
2014.33151	 -72.960	   4.470
2014.33425	 -72.080	   3.370
2014.33699	 -72.610	   3.590
2014.33973	 -72.240	   3.380
2014.34247	 -75.090	   3.390
2014.34521	 -72.990	   3.400
2014.34795	 -72.380	   3.390
2014.35068	 -71.040	   3.380
2014.35342	 -73.990	   3.540
2014.35616	 -73.160	   3.430
2014.35890	 -72.920	   3.680
2014.36164	 -76.150	   4.090
2014.36438	 -77.110	   4.690
2014.36712	 -71.790	   4.310
2014.36986	 -78.050	   4.990
2014.37260	 -73.180	   4.640
2014.37534	 -70.320	   4.340
2014.37808	 -71.850	   5.630
2014.38082	 -73.060	   5.210
2014.38356	 -64.480	   6.120
2014.38630	 -76.760	   4.340
2014.40000	 -72.960	   4.660
2014.40274	 -71.610	   4.850
2014.40548	 -69.510	   4.490
2014.40822	 -71.040	   4.600
2014.41096	 -70.710	   4.190
2014.41370	 -74.500	   3.860
2014.41644	 -75.300	   4.310
2014.41918	 -71.240	   4.430
2014.42192	 -75.080	   4.540
2014.42466	 -66.840	   4.860
2014.42740	 -70.790	   4.500
2014.43014	 -73.410	   3.820
2014.43288	 -72.470	   4.780
2014.43562	 -69.800	   4.890
2014.43836	 -72.040	   4.380
2014.44110	 -73.780	   4.140
2014.44384	 -73.730	   4.070
2014.44658	 -74.270	   4.460
2014.44932	 -75.450	   3.780
2014.45205	 -75.250	   3.760
2014.45479	 -76.120	   3.820
2014.45753	 -74.810	   4.120
2014.46027	 -75.040	   4.010
2014.46301	 -78.000	   5.200
2014.46575	 -74.030	   4.030
2014.46849	 -73.130	   4.250
2014.47123	 -74.260	   4.030
2014.47397	 -72.610	   4.350
2014.47671	 -75.840	   4.740
2014.47945	 -74.190	   4.240
2014.48493	 -80.560	   4.310
2014.48767	 -78.130	   3.700
2014.49041	 -70.890	   5.060
2014.49315	 -84.400	   4.470
2014.49589	 -79.820	   4.130
2014.49863	 -78.780	   4.890
2014.50137	 -73.570	   4.000
2014.50411	 -76.460	   4.570
2014.50685	 -73.630	   4.260
2014.50959	 -73.350	   4.610
2014.51233	 -73.250	   4.720
2014.51507	 -74.100	   4.550
2014.51781	 -77.340	   4.700
2014.52055	 -82.020	   5.420
2014.52329	 -75.710	   4.310
2014.52603	 -79.270	   4.340
2014.52877	 -76.200	   4.090
2014.53151	 -80.160	   3.800
2014.53425	 -72.250	   4.170
2014.53699	 -72.320	   4.840
2014.53973	 -74.580	   4.650
2014.54247	 -79.890	   5.390
2014.54521	 -71.420	   5.430
2014.54795	 -80.390	   7.200
2014.55068	 -74.310	   4.770
2014.55342	 -76.470	   4.650
2014.55616	 -62.510	   5.340
2014.55890	 -77.760	   5.980
2014.56164	 -71.770	   5.710
2014.56438	 -74.130	   4.420
2014.56712	 -71.830	   5.040
2014.56986	 -77.650	   4.140
2014.57260	 -84.000	   6.720
2014.57534	 -72.870	   5.110
2014.57808	 -80.120	   4.540
2014.58082	 -77.110	   5.550
2014.58356	 -76.010	   5.310
2014.58904	 -77.000	   5.890
2014.59178	 -76.270	   4.890
2014.59726	 -69.830	   5.970
2014.60000	 -67.950	   7.170
2014.60274	 -71.660	   5.820
2014.60548	 -73.540	   4.800
2014.60822	 -73.130	   5.010
2014.61096	 -75.070	   4.270
2014.61370	 -73.720	   4.790
2014.61644	 -70.060	   4.860
2014.61918	 -76.600	   4.240
2014.62192	 -74.640	   4.350
2014.62466	 -71.820	   4.580
2014.62740	 -71.590	   4.490
2014.63014	 -75.000	   4.090
2014.63288	 -73.230	   4.910
2014.63562	 -74.510	   5.360
2014.63836	 -74.000	   4.770
2014.64110	 -78.570	   6.320
2014.64384	 -73.720	   4.640
2014.64658	 -76.560	   5.140
2014.64932	 -76.620	   5.130
2014.65205	 -74.060	   4.870
2014.65479	 -75.230	   5.130
2014.65753	 -76.770	   5.060
2014.66027	 -75.710	   4.040
2014.66301	 -69.920	   4.090
2014.66575	 -75.860	   4.170
2014.66849	 -82.320	   5.080
2014.67123	 -75.950	   4.540
2014.67397	 -79.300	   4.250
2014.67671	 -74.310	   4.910
2014.67945	 -75.700	   4.300
2014.68219	 -77.710	   4.630
2014.68493	 -73.570	   4.540
2014.68767	 -70.160	   4.750
2014.69041	 -76.850	   5.090
2014.69315	 -75.270	   4.950
2014.69589	 -71.830	   4.250
2014.70137	 -74.990	   4.470
2014.70411	 -71.510	   5.080
2014.70685	 -71.290	   5.050
2014.70959	 -73.450	   4.350
2014.71233	 -75.440	   3.690
2014.71507	 -70.980	   3.910
2014.71781	 -71.500	   4.110
2014.72055	 -74.640	   6.340
2014.72329	 -76.450	   4.260
2014.72603	 -78.080	   4.580
2014.72877	 -76.510	   4.200
2014.73151	 -75.800	   3.870
2014.73425	 -80.230	   5.240
2014.73699	 -74.440	   3.540
2014.73973	 -71.400	   3.540
2014.74247	 -74.640	   3.940
2014.74521	 -72.540	   3.960
2014.74795	 -72.930	   6.240
2014.75068	 -73.710	   4.720
2014.75342	 -82.840	   4.510
2014.75616	 -75.140	   4.600
2014.75890	 -73.380	   4.710
2014.76164	 -78.200	   3.750
2014.76438	 -72.260	   3.730
2014.76712	 -73.780	   3.840
2014.76986	 -78.170	   3.690
2014.77260	 -75.140	   3.890
2014.77534	 -75.570	   4.010
2014.77808	 -73.470	   3.950
2014.78082	 -74.860	   4.360
2014.78356	 -74.310	   4.860
2014.78630	 -78.110	   4.550
2014.78904	 -77.090	   4.430
2014.79178	 -76.090	   4.210
2014.79452	 -79.570	   3.950
2014.79726	 -72.910	   3.930
2014.80000	 -76.660	   4.350
2014.80274	 -78.560	   4.360
2014.80548	 -74.820	   3.830
2014.80822	 -74.840	   4.030
2014.81096	 -76.470	   4.130
2014.81370	 -75.070	   3.860
2014.81644	 -80.050	   5.270
2014.81918	 -75.970	   4.680
2014.82192	 -75.890	   4.500
2014.82466	 -75.390	   4.070
2014.82740	 -76.810	   4.330
2014.83014	 -74.860	   4.420
2014.83288	 -75.670	   4.220
2014.83562	 -72.100	   4.450
2014.83836	 -79.120	   5.030
2014.84110	 -72.840	   4.360
2014.84384	 -78.600	   4.140
2014.84658	 -79.900	   3.970
2014.84932	 -74.090	   4.150
2014.85479	 -74.150	   4.720
2014.85753	 -74.030	   3.750
2014.86027	 -75.590	   3.830
2014.86301	 -77.250	   3.850
2014.86575	 -74.220	   3.650
2014.86849	 -76.130	   3.230
2014.87123	 -77.050	   3.320
2014.87397	 -79.760	   3.190
2014.87671	 -78.410	   3.640
2014.87945	 -76.130	   3.600
2014.88219	 -78.770	   3.290
2014.88493	 -74.270	   3.410
2014.88767	 -76.760	   3.360
2014.89041	 -77.370	   3.730
2014.89315	 -77.480	   3.200
2014.89589	 -78.250	   3.370
2014.89863	 -80.360	   3.280
2014.90137	 -77.200	   3.510
2014.90411	 -75.950	   3.650
2014.90685	 -76.760	   3.770
2014.90959	 -79.580	   3.850
2014.91233	 -79.740	   3.980
2014.91507	 -77.100	   3.910
2014.91781	 -78.170	   3.470
2014.92055	 -83.410	   3.250
2014.92329	 -77.170	   3.300
2014.92603	 -78.410	   3.510
2014.92877	 -84.190	   3.320
2014.93151	 -76.680	   3.090
2014.93425	 -78.600	   3.410
2014.93699	 -81.670	   3.270
2014.93973	 -81.680	   3.210
2014.94247	 -80.270	   3.290
2014.94521	 -80.790	   3.100
2014.94795	 -78.570	   3.210
2014.95068	 -78.940	   3.070
2014.95342	 -77.640	   2.780
2014.95616	 -78.280	   3.040
2014.95890	 -79.660	   3.180
2014.96164	 -77.660	   3.240
2014.96438	 -77.170	   3.370
2014.96712	 -78.670	   3.750
2014.96986	 -78.780	   3.430
2014.97260	 -80.790	   3.010
2014.97534	 -80.010	   2.930
2014.97808	 -78.370	   3.140
2014.98082	 -78.440	   3.470
2014.98356	 -78.530	   3.670
2014.98630	 -76.340	   3.270
2014.98904	 -80.190	   3.430
2014.99178	 -79.800	   3.230
2014.99452	 -78.590	   3.140
2014.99726	 -80.980	   2.990
2015.00000	 -81.130	   2.990
2015.00274	 -83.330	   3.060
2015.00548	 -82.980	   3.150
2015.00822	 -82.410	   3.060
2015.01096	 -78.130	   2.940
2015.01370	 -81.650	   3.180
2015.01644	 -82.830	   3.310
2015.01918	 -82.200	   3.210
2015.02192	 -80.380	   3.670
2015.02466	 -83.690	   3.160
2015.02740	 -83.330	   3.260
2015.03288	 -80.830	   3.060
2015.03562	 -82.800	   3.610
2015.03836	 -84.760	   3.070
2015.04110	 -84.350	   3.190
2015.04384	 -81.840	   3.040
2015.04658	 -82.960	   3.180
2015.04932	 -83.310	   3.060
2015.05205	 -82.970	   3.680
2015.05479	 -81.620	   3.250
2015.05753	 -83.200	   3.480
2015.06027	 -81.780	   3.200
2015.06301	 -79.000	   3.790
2015.06575	 -80.780	   3.240
2015.06849	 -83.580	   3.090
2015.07123	 -84.610	   3.090
2015.07397	 -86.170	   3.010
2015.07671	 -87.780	   2.880
2015.07945	 -83.280	   3.380
2015.08219	 -83.630	   3.160
2015.08493	 -78.390	   3.220
2015.08767	 -81.700	   3.050
2015.09041	 -82.120	   3.050
2015.09315	 -81.870	   3.390
2015.09589	 -83.010	   3.220
2015.09863	 -83.290	   3.130
2015.10137	 -84.510	   2.930
2015.10411	 -82.690	   3.250
2015.10685	 -86.120	   2.940
2015.10959	 -84.010	   3.100
2015.11233	 -83.920	   3.150
2015.11507	 -82.130	   3.530
2015.11781	 -81.470	   3.220
2015.12055	 -80.370	   3.660
2015.12329	 -78.180	   3.350
2015.12603	 -78.630	   4.440
2015.12877	 -74.660	   3.930
2015.13151	 -84.110	   3.280
2015.13425	 -83.810	   3.210
2015.13699	 -82.210	   3.270
2015.13973	 -79.240	   3.280
2015.14247	 -81.640	   4.260
2015.14521	 -79.120	   3.650
2015.14795	 -77.540	   4.430
2015.15068	 -78.490	   3.590
2015.15342	 -78.000	   4.150
2015.15616	 -78.190	   3.860
2015.15890	 -81.960	   3.720
2015.16164	 -79.450	   3.900
2015.16438	 -82.620	   3.150
2015.16712	 -81.100	   3.440
2015.16986	 -84.510	   3.560
2015.17260	 -77.790	   4.330
2015.17534	 -82.840	   3.490
2015.17808	 -82.340	   3.860
2015.18082	 -85.130	   3.010
2015.18356	 -80.590	   3.950
2015.18630	 -77.080	   4.110
2015.18904	 -82.550	   3.730
2015.19178	 -79.640	   4.100
2015.19452	 -85.140	   3.510
2015.19726	 -81.180	   3.540
2015.20000	 -78.080	   4.090
2015.20274	 -83.670	   3.320
2015.20548	 -79.380	   3.750
2015.20822	 -81.460	   3.750
2015.21096	 -80.440	   3.750
2015.21370	 -81.490	   3.990
2015.21644	 -80.790	   3.310
2015.21918	 -84.370	   3.740
2015.22192	 -80.370	   3.700
2015.22466	 -76.870	   4.690
2015.22740	 -79.460	   4.270
2015.23014	 -80.890	   4.200
2015.23288	 -79.410	   4.210
2015.23562	 -80.290	   3.680
2015.23836	 -77.330	   3.990
2015.24110	 -74.240	   3.940
2015.24384	 -81.820	   3.690
2015.24658	 -82.190	   3.730
2015.24932	 -80.910	   4.220
2015.25205	 -80.250	   4.240
2015.25479	 -78.700	   4.130
2015.25753	 -76.180	   4.990
2015.26027	 -75.460	   4.920
2015.26301	 -81.520	   5.110
2015.26575	 -81.230	   4.190
2015.26849	 -82.590	   3.630
2015.27123	 -82.690	   3.590
2015.27397	 -81.080	   4.140
2015.27671	 -79.740	   4.430
2015.27945	 -75.790	   4.500
2015.28219	 -84.640	   4.030
2015.28493	 -82.130	   3.620
2015.28767	 -79.190	   4.820
2015.29041	 -77.060	   5.070
2015.29315	 -75.680	   5.050
2015.29589	 -77.990	   4.660
2015.29863	 -79.200	   4.870
2015.30137	 -79.180	   4.820
2015.30411	 -84.890	   7.600
2015.30685	 -79.890	   4.900
2015.30959	 -77.800	   4.840
2015.31233	 -79.810	   4.490
2015.31507	 -86.080	   3.750
2015.31781	 -79.430	   4.360
2015.32055	 -79.500	   4.370
2015.32329	 -78.670	   4.850
2015.32603	 -78.410	   4.840
2015.32877	 -84.610	   4.170
2015.33151	 -86.640	   4.350
2015.33425	 -77.770	   4.670
2015.33699	 -77.460	   4.980
2015.33973	 -82.200	   4.920
2015.34247	 -76.760	   4.930
2015.34521	 -83.690	   4.270
2015.34795	 -82.640	   4.380
2015.35068	 -85.980	   4.520
2015.35342	 -79.380	   4.870
2015.35616	 -84.660	   4.950
2015.35890	 -79.250	   4.910
2015.36164	 -77.810	   6.070
2015.36438	 -87.000	   3.980
2015.36712	 -79.170	   4.730
2015.36986	 -78.950	   5.220
2015.37260	 -82.140	   4.390
2015.37534	 -77.840	   5.520
2015.37808	 -82.090	   4.460
2015.38082	 -82.150	   4.360
2015.38356	 -83.270	   4.570
2015.38630	 -77.030	   4.230
2015.38904	 -79.800	   4.650
2015.39178	 -79.910	   4.550
2015.39452	 -91.270	   4.350
2015.39726	 -80.670	   4.330
2015.40000	 -81.770	   4.240
2015.40274	 -84.490	   3.750
2015.40548	 -88.850	   4.460
2015.40822	 -83.220	   3.770
2015.41096	 -78.400	   5.110
2015.41370	 -86.660	   4.970
2015.41644	 -83.600	   4.810
2015.41918	 -84.000	   5.230
2015.42192	 -80.730	   4.880
2015.42466	 -83.360	   4.760
2015.42740	 -76.910	   5.160
2015.43014	 -80.160	   4.900
2015.43288	 -78.110	   4.940
2015.43562	 -80.860	   4.870
2015.43836	 -81.520	   4.560
2015.44110	 -84.490	   5.030
2015.44384	 -80.650	   5.570
2015.44658	 -81.810	   4.980
2015.44932	 -83.000	   5.060
2015.45205	 -78.310	   5.770
2015.45479	 -79.860	   5.100
2015.45753	 -82.830	   5.000
2015.46027	 -84.380	   4.920
2015.46301	 -82.610	   4.870
2015.46575	 -86.640	   4.970
2015.46849	 -83.710	   6.410
2015.47123	 -79.580	   5.310
2015.47397	 -82.200	   5.020
2015.47671	 -85.450	   4.640
2015.47945	 -85.150	   5.710
2015.48219	 -79.420	   5.140
2015.48493	 -83.900	   4.900
2015.48767	 -86.280	   4.900
2015.49041	 -79.840	   4.860
2015.49315	 -80.740	   5.680
2015.49589	 -79.400	   4.550
2015.49863	 -79.460	   5.380
2015.50137	 -79.460	   5.170
2015.50411	 -77.400	   4.690
2015.50685	 -82.560	   5.310
2015.50959	 -78.560	   5.420
2015.51233	 -81.240	   4.800
2015.51507	 -85.840	   4.760
2015.51781	 -82.890	   4.820
2015.52055	 -81.390	   4.920
2015.52329	 -81.120	   5.210
2015.52603	 -86.260	   4.650
2015.52877	 -86.580	   8.460
2015.53151	 -87.520	   7.010
2015.53699	 -79.970	   5.680
2015.53973	 -82.810	   4.520
2015.54247	 -88.140	   5.100
2015.54521	 -83.780	   5.360
2015.54795	 -85.900	   4.830
2015.55068	 -82.950	   4.350
2015.55342	 -82.710	   4.880
2015.55616	 -84.080	   4.740
2015.55890	 -86.360	   4.230
2015.56164	 -83.900	   5.180
2015.56438	 -79.600	   5.100
2015.56712	 -88.430	   4.510
2015.56986	 -83.680	   5.080
2015.57260	 -83.340	   4.920
2015.57534	 -88.430	   4.610
2015.57808	 -82.980	   5.180
2015.58082	 -86.180	   5.870
2015.58356	 -87.130	   5.730
2015.58630	 -86.850	   6.020
2015.58904	 -84.720	   4.640
2015.59178	 -85.270	   4.770
2015.59452	 -83.400	   5.320
2015.59726	 -82.090	   5.210
2015.60000	 -86.450	   5.210
2015.60274	 -93.270	   5.080
2015.60548	 -89.200	   5.800
2015.60822	 -81.830	   4.990
2015.61096	 -83.910	   4.750
2015.61370	 -83.200	   5.170
2015.61644	 -84.210	   4.650
2015.61918	 -86.240	   4.430
2015.62192	 -86.860	   4.760
2015.62466	 -88.640	   4.520
2015.62740	 -88.000	   4.480
2015.63014	 -87.640	   4.490
2015.63288	 -84.960	   5.380
2015.63562	 -88.800	   4.610
2015.63836	 -91.630	   5.070
2015.64110	 -90.260	   4.630
2015.64384	 -83.070	   5.030
2015.64658	 -89.120	   5.720
2015.64932	 -78.510	   5.320
2015.65205	 -93.290	   5.380
2015.65479	 -88.620	   4.160
2015.65753	 -88.090	   4.400
2015.66027	 -88.670	   4.170
2015.66301	 -89.830	   4.040
2015.66575	 -90.280	   4.240
2015.66849	 -88.820	   4.390
2015.67123	 -84.610	   4.380
2015.67397	 -85.250	   4.170
2015.67671	 -85.970	   4.460
2015.67945	 -86.930	   4.330
2015.68219	 -84.060	   4.720
2015.68493	 -86.660	   4.620
2015.68767	 -89.840	   4.290
2015.69041	 -89.000	   4.450
2015.69315	 -87.120	   4.240
2015.69589	 -90.410	   4.450
2015.69863	 -89.200	   4.400
2015.70137	 -89.780	   4.220
2015.70411	 -87.710	   4.800
2015.70685	 -86.490	   4.200
2015.70959	 -84.750	   4.810
2015.71233	 -91.180	   4.290
2015.71507	 -84.880	   4.770
2015.71781	 -84.530	   4.870
2015.72055	 -90.820	   3.900
2015.72329	 -86.620	   4.100
2015.72603	 -89.560	   4.320
2015.72877	 -90.780	   4.300
2015.73151	 -95.760	   4.550
2015.73425	 -85.330	   4.410
2015.73699	 -88.850	   4.080
2015.73973	 -88.900	   4.380
2015.74247	 -93.160	   5.610
2015.74521	 -85.940	   4.850
2015.74795	 -90.260	   4.780
2015.75068	 -92.820	   5.400
2015.75342	 -84.590	   4.200
2015.75616	 -87.780	   4.290
2015.75890	 -86.650	   4.320
2015.76164	 -90.350	   4.050
2015.76438	 -82.450	   4.140
2015.76712	 -88.850	   3.930
2015.76986	 -90.020	   4.460
2015.77260	 -88.420	   3.960
2015.77534	 -85.310	   4.120
2015.77808	 -89.700	   3.810
2015.78082	 -89.150	   3.760
2015.78356	 -84.300	   3.930
2015.78630	 -89.290	   3.870
2015.78904	 -91.720	   3.560
2015.79178	 -88.560	   3.860
2015.79452	 -87.850	   4.290
2015.79726	 -87.350	   4.120
2015.80000	 -85.970	   4.610
2015.80274	 -92.120	   3.820
2015.80548	 -87.170	   4.220
2015.80822	 -84.540	   4.070
2015.81096	 -89.690	   3.850
2015.81370	 -84.490	   4.620
2015.81644	 -93.480	   4.040
2015.81918	 -85.860	   3.760
2015.82192	 -87.460	   3.960
2015.82466	 -89.440	   3.780
2015.82740	 -85.690	   4.020
2015.83288	 -90.450	   5.140
2015.83562	 -87.770	   4.230
2015.83836	 -90.190	   4.310
2015.84110	 -85.180	   4.650
2015.84384	 -90.650	   4.190
2015.84658	 -87.570	   3.700
2015.84932	 -87.410	   4.200
2015.85205	 -85.490	   4.690
2015.85479	 -88.130	   3.940
2015.85753	 -89.960	   4.710
2015.86027	 -89.390	   3.960
2015.86301	 -92.220	   3.960
2015.86575	 -90.680	   3.340
2015.86849	 -80.840	   3.560
2015.87123	 -88.950	   3.720
2015.87397	 -86.080	   3.600
2015.87671	 -87.270	   3.470
2015.87945	 -88.450	   3.440
2015.88219	 -89.530	   3.880
2015.88493	 -94.200	   4.720
2015.88767	 -93.080	   4.350
2015.89041	 -88.630	   3.820
2015.89315	 -91.280	   3.020
2015.89589	 -91.430	   3.570
2015.89863	 -83.340	   6.580
2015.90137	 -91.110	   4.000
2015.90411	 -94.290	   3.590
2015.90685	 -93.950	   3.550
2015.90959	 -91.400	   3.520
2015.91233	 -93.060	   3.360
2015.91507	 -91.880	   3.540
2015.91781	 -92.870	   3.870
2015.92055	 -92.290	   3.620
2015.92329	 -94.770	   3.510
2015.92603	 -90.960	   3.570
2015.92877	 -93.360	   4.140
2015.93151	 -93.330	   3.570
2015.93425	 -94.610	   3.600
2015.93699	 -89.900	   3.260
2015.93973	 -91.350	   4.060
2015.94247	 -89.850	   3.890
2015.94795	 -87.930	   4.010
2015.95068	 -92.600	   3.560
2015.95342	 -87.440	   3.630
2015.95616	 -90.650	   2.800
2015.95890	 -92.220	   2.800
2015.96164	 -93.880	   3.080
2015.96438	 -93.130	   2.770
2015.96712	 -93.820	   2.910
2015.96986	 -90.590	   3.520
2015.97260	 -92.980	   3.240
2015.97534	 -92.320	   3.030
2015.97808	 -91.680	   3.020
2015.98082	 -89.840	   3.300
2015.98356	 -92.470	   3.100
2015.98630	 -95.060	   2.830
2015.98904	 -93.160	   3.470
2015.99178	 -92.890	   2.930
2015.99452	 -91.420	   2.900
2015.99726	 -93.290	   2.910
2016.00000	 -90.420	   2.870
2016.00273	 -89.110	   2.790
2016.00546	 -94.130	   3.620
2016.00820	 -93.410	   3.710
2016.01093	 -95.640	   3.240
2016.01366	 -89.670	   3.480
2016.01639	 -89.770	   3.390
2016.01913	 -92.160	   3.130
2016.02186	 -93.200	   2.900
2016.02459	 -93.150	   2.980
2016.02732	 -94.930	   3.030
2016.03005	 -94.860	   3.210
2016.03279	 -93.570	   3.400
2016.03552	 -95.110	   3.410
2016.03825	 -94.760	   2.970
2016.04098	 -90.310	   3.360
2016.04372	 -94.050	   3.560
2016.04645	 -92.370	   3.870
2016.04918	 -93.560	   3.090
2016.05191	 -92.980	   3.390
2016.05464	 -91.710	   3.020
2016.05738	 -92.110	   2.740
2016.06011	 -93.170	   2.880
2016.06284	 -91.960	   3.130
2016.06557	 -91.090	   3.340
2016.06831	 -95.090	   2.970
2016.07104	 -91.520	   3.140
2016.07377	 -92.520	   2.960
2016.07650	 -95.040	   3.260
2016.07923	 -93.930	   4.360
2016.08197	 -90.190	   3.080
2016.08470	 -94.300	   2.890
2016.08743	 -91.360	   3.280
2016.09016	 -93.660	   2.920
2016.09290	 -93.620	   2.770
2016.09563	 -91.330	   3.350
2016.10383	-102.290	   3.060
2016.10656	-101.670	   2.950
2016.10929	-107.140	   3.000
2016.11202	-103.800	   2.990
2016.11475	-106.010	   3.940
2016.12022	-107.070	   3.570
2016.12295	-103.150	   3.680
2016.12568	-105.640	   2.970
2016.12842	-106.560	   2.980
2016.13115	-108.120	   2.940
2016.13388	-109.220	   2.950
2016.13661	-107.990	   3.090
2016.13934	-110.880	   2.970
2016.14208	-110.450	   3.160
2016.14481	-109.230	   2.990
2016.14754	-108.800	   2.990
2016.15027	-112.660	   3.100
2016.15301	-111.020	   2.900
2016.15574	-110.260	   3.030
2016.15847	-109.790	   3.430
2016.16120	-112.550	   3.540
2016.16393	-111.390	   3.370
2016.16667	-112.140	   3.190
2016.16940	-108.340	   5.170
2016.17213	-110.730	   3.720
2016.17486	-112.180	   3.530
2016.17760	-112.330	   3.850
2016.18033	-113.580	   3.290
2016.18306	-111.940	   3.450
2016.18579	-110.890	   4.220
2016.18852	-112.930	   3.900
2016.19126	-112.470	   3.900
2016.19399	-115.220	   3.480
2016.19672	-110.660	   3.580
2016.19945	-111.990	   4.280
2016.20219	-114.290	   3.740
2016.20492	-112.720	   3.860
2016.20765	-114.820	   3.250
2016.21038	-112.710	   3.540
2016.21311	-112.630	   3.350
2016.21585	-111.790	   3.520
2016.21858	-114.080	   3.210
2016.22131	-115.490	   3.380
2016.22404	-113.160	   3.460
2016.22678	-112.620	   4.430
2016.22951	-116.710	   2.860
2016.23224	-116.860	   3.280
2016.23497	-115.720	   2.970
2016.23770	-112.090	   3.440
2016.24044	-116.050	   3.710
2016.24317	-115.020	   3.280
2016.24590	-111.820	   3.720
2016.24863	-113.460	   3.810
2016.25137	-115.360	   3.580
2016.25683	-118.270	   6.740
2016.25956	-116.730	   3.180
2016.26230	-113.100	   3.380
2016.26503	-113.330	   3.410
2016.26776	-113.880	   3.320
2016.27049	-111.420	   3.430
2016.27322	-112.340	   3.660
2016.27596	-115.570	   4.500
2016.27869	-116.120	   3.790
2016.28142	-113.800	   3.640
2016.28415	-119.580	   4.930
2016.28689	-116.250	   5.450
2016.28962	-118.100	   3.940
2016.29235	-109.500	   4.450
2016.29508	-109.100	   4.290
2016.29781	-114.300	   4.400
2016.30055	-116.440	   3.680
2016.30328	-115.570	   3.780
2016.30601	-113.230	   3.800
2016.30874	-115.800	   3.500
2016.31148	-113.180	   3.680
2016.31421	-116.190	   3.630
2016.31694	-116.880	   3.500
2016.31967	-121.270	   3.990
2016.32240	-119.830	   3.900
2016.32514	-119.910	   4.070
2016.32787	-117.170	   3.560
2016.33060	-120.590	   3.290
2016.33333	-118.650	   4.180
2016.33607	-118.590	   3.910
2016.33880	-120.200	   3.830
2016.34153	-114.060	   3.520
2016.34426	-118.850	   3.530
2016.34699	-112.930	   3.760
2016.34973	-112.640	   4.160
2016.35246	-116.610	   4.140
2016.35519	-114.870	   4.100
2016.35792	-115.950	   4.710
2016.36066	-122.450	   4.310
2016.36339	-117.200	   4.310
2016.36612	-116.600	   4.720
2016.36885	-112.670	   4.560
2016.37158	-113.430	   4.310
2016.37432	-121.840	   3.690
2016.37705	-118.650	   3.570
2016.37978	-116.420	   3.760
2016.38251	-117.920	   3.710
2016.38525	-116.950	   3.690
2016.38798	-118.590	   3.840
2016.39071	-119.490	   4.900
2016.39344	-119.150	   4.670
2016.39617	-127.510	   5.010
2016.39891	-122.010	   4.730
2016.40164	-115.440	   3.940
2016.40437	-119.490	   3.730
2016.40710	-118.440	   4.000
2016.40984	-116.910	   4.050
2016.41257	-116.960	   4.620
2016.41530	-117.630	   3.990
2016.41803	-118.000	   4.050
2016.42077	-118.280	   4.220
2016.42350	-117.190	   4.050
2016.42623	-115.130	   4.300
2016.42896	-118.450	   5.150
2016.43169	-121.530	   4.790
2016.43443	-122.980	   6.620
2016.43716	-114.690	   4.690
2016.43989	-116.750	   4.030
2016.44262	-122.310	   4.400
2016.44536	-117.570	   4.190
2016.44809	-120.990	   4.810
2016.45082	-119.590	   5.020
2016.45355	-116.060	   5.140
2016.45628	-116.740	   4.460
2016.45902	-118.360	   4.200
2016.46175	-118.780	   4.320
2016.46448	-123.450	   5.410
2016.46721	-121.170	   4.870
2016.46995	-125.660	   4.290
2016.47268	-119.900	   4.420
2016.47541	-115.700	   4.320
2016.47814	-122.930	   4.910
2016.48087	-121.270	   4.780
2016.48361	-121.550	   4.750
2016.48634	-124.440	   5.690
2016.48907	-122.900	   4.220
2016.49180	-118.270	   4.710
2016.49454	-118.850	   5.030
2016.49727	-123.860	   4.950
2016.50000	-120.420	   4.270
2016.50273	-117.330	   4.340
2016.50546	-129.130	   4.530
2016.50820	-124.050	   4.450
2016.51093	-120.560	   4.580
2016.51366	-123.560	   4.890
2016.51639	-121.770	   4.500
2016.51913	-124.020	   5.490
2016.52186	-129.940	   5.470
2016.52459	-128.230	   4.800
2016.52732	-124.790	   5.560
2016.53005	-128.570	   5.660
2016.53279	-124.230	   4.190
2016.53552	-119.910	   4.230
2016.53825	-127.540	   4.150
2016.54098	-127.460	   4.640
2016.54372	-121.410	   5.090
2016.54645	-135.740	   4.790
2016.54918	-123.990	   3.920
2016.55191	-122.760	   4.910
2016.55464	-128.830	   4.070
2016.55738	-128.170	   4.660
2016.56011	-123.160	   4.830
2016.56284	-126.350	   4.930
2016.56557	-128.430	   3.860
2016.56831	-124.250	   4.140
2016.57104	-123.570	   4.740
2016.57377	-124.140	   5.220
2016.57650	-125.590	   5.050
2016.57923	-127.780	   4.690
2016.58197	-121.860	   4.940
2016.58470	-127.920	   4.890
2016.58743	-122.060	   4.070
2016.59016	-126.350	   3.950
2016.59290	-124.750	   4.130
2016.59563	-123.270	   4.120
2016.59836	-126.160	   4.790
2016.60109	-135.300	   5.960
2016.60383	-124.490	   5.320
2016.60656	-126.730	   5.120
2016.60929	-121.500	   5.070
2016.61202	-123.700	   4.580
2016.61475	-124.520	   3.660
2016.61749	-124.770	   3.880
2016.62022	-121.190	   4.090
2016.62295	-126.870	   4.440
2016.62568	-128.560	   4.270
2016.62842	-127.090	   4.390
2016.63115	-125.590	   5.480
2016.63388	-127.390	   5.420
2016.63661	-119.450	   5.370
2016.63934	-121.890	   6.040
2016.64208	-123.920	   5.520
2016.64481	-124.230	   5.210
2016.64754	-127.500	   5.030
2016.65027	-126.110	   5.000
2016.65301	-126.130	   5.880
2016.65574	-128.420	   6.000
2016.65847	-126.030	   5.270
2016.66120	-134.210	   5.940
2016.66393	-126.050	   4.620
2016.66667	-123.900	   4.730
2016.66940	-123.660	   4.500
2016.67213	-134.110	   5.850
2016.67486	-124.590	   4.820
2016.67760	-130.840	   5.180
2016.68033	-128.710	   5.550
2016.68306	-124.150	   5.050
2016.68579	-130.360	   4.320
2016.68852	-127.770	   4.560
2016.69126	-124.110	   4.850
2016.69399	-128.070	   4.170
2016.69672	-126.580	   5.150
2016.69945	-128.380	   4.860
2016.70219	-129.200	   4.840
2016.70492	-134.710	   8.410
2016.71585	-138.200	   3.810
2016.71858	-137.390	   5.280
2016.72131	-128.030	   5.130
2016.72404	-133.800	   4.820
2016.72678	-126.640	   6.300
2016.72951	-137.060	   5.690
2016.73224	-130.310	   4.640
2016.73497	-131.330	   5.450
2016.73770	-135.060	   4.520
2016.74044	-135.920	   6.550
2016.74317	-136.480	   8.040
2016.74590	-130.770	   5.510
2016.74863	-131.210	   4.920
2016.75137	-131.630	   5.030
2016.75410	-132.710	   4.660
2016.75683	-133.000	   4.850
2016.75956	-141.500	   6.230
2016.76230	-126.880	   5.840
2016.76503	-136.940	   5.130
2016.76776	-128.030	   4.920
2016.77049	-132.750	   4.820
2016.77322	-134.230	   4.650
2016.77596	-133.080	   4.610
2016.77869	-129.150	   5.180
2016.78142	-130.520	   5.100
2016.78415	-136.090	   5.060
2016.78689	-130.400	   4.710
2016.78962	-130.450	   5.280
2016.79235	-127.360	   5.700
2016.79508	-135.020	   4.870
2016.79781	-134.970	   4.460
2016.80328	-131.860	   7.170
2016.80601	-126.050	   4.760
2016.80874	-127.160	   4.490
2016.81148	-130.600	   4.620
2016.81421	-128.740	   4.480
2016.81694	-127.650	   4.630
2016.81967	-130.000	   4.360
2016.82240	-129.430	   4.070
2016.82514	-129.420	   4.460
2016.82787	-127.680	   4.750
2016.83060	-127.420	   4.390
2016.83333	-130.060	   4.380
2016.83607	-130.820	   4.410
2016.83880	-130.130	   4.600
2016.84153	-131.820	   4.090
2016.84426	-124.310	   6.090
2016.84699	-131.080	   4.240
2016.84973	-132.200	   4.320
2016.85246	-129.930	   4.150
2016.85519	-132.250	   3.450
2016.85792	-131.980	   3.610
2016.86066	-132.480	   3.990
2016.86339	-133.610	   3.510
2016.86612	-130.850	   3.710
2016.86885	-131.370	   3.680
2016.87158	-133.080	   3.680
2016.87432	-137.840	   3.590
2016.87705	-129.760	   3.710
2016.87978	-131.010	   4.180
2016.88251	-132.450	   3.520
2016.88525	-131.770	   4.260
2016.88798	-130.370	   3.960
2016.89071	-132.950	   3.850
2016.89344	-137.420	   3.790
2016.89617	-131.940	   4.130
2016.89891	-136.090	   3.820
2016.90164	-132.910	   3.660
2016.90437	-129.490	   3.950
2016.90710	-133.140	   4.570
2016.90984	-132.720	   4.460
2016.91257	-131.700	   3.980
2016.91530	-131.060	   4.350
2016.91803	-134.990	   4.190
2016.92077	-132.540	   4.040
2016.92350	-131.140	   3.920
2016.92623	-135.560	   4.120
2016.92896	-140.560	   3.520
2016.93169	-141.410	   3.270
2016.93443	-137.210	   3.710
2016.93716	-133.540	   3.970
2016.93989	-137.450	   4.030
2016.94262	-142.350	   3.460
2016.94536	-135.000	   3.720
2016.94809	-132.430	   4.010
2016.95082	-136.810	   3.780
2016.95355	-136.230	   3.680
2016.95628	-139.830	   3.060
2016.95902	-135.250	   3.790
2016.96175	-133.970	   3.610
2016.96448	-134.260	   3.720
2016.96721	-132.680	   4.060
2016.96995	-131.590	   3.900
2016.97268	-139.000	   3.540
2016.97541	-139.880	   3.310
2016.97814	-132.290	   3.700
2016.98087	-142.010	   3.040
2016.98361	-138.860	   2.990
2016.98634	-141.030	   3.660
2016.98907	-136.070	   3.960
2016.99180	-142.780	   3.200
2016.99454	-138.690	   3.580
2016.99727	-141.220	   3.310
2017.00000	-137.320	   3.810
2017.00274	-141.250	   3.440
2017.00548	-136.210	   3.540
2017.00822	-140.420	   3.100
2017.01096	-139.990	   3.530
2017.01370	-134.960	   3.630
2017.01644	-135.510	   3.290
2017.01918	-131.210	   3.390
2017.02192	-131.300	   3.510
2017.02466	-132.350	   3.770
2017.02740	-129.960	   4.250
2017.03014	-130.860	   4.020
2017.03288	-132.790	   3.500
2017.03562	-135.450	   3.240
2017.03836	-140.340	   2.820
2017.04110	-135.130	   3.520
2017.04384	-134.790	   3.270
2017.04658	-135.300	   3.890
2017.04932	-133.930	   3.570
2017.05205	-134.550	   3.510
2017.05479	-137.430	   3.210
2017.05753	-134.700	   3.570
2017.06027	-138.180	   3.540
2017.06301	-135.040	   3.270
2017.06575	-133.400	   3.270
2017.06849	-130.240	   3.880
2017.07123	-135.330	   3.370
2017.07397	-137.310	   3.600
2017.07671	-135.420	   3.590
2017.07945	-133.700	   3.660
2017.08219	-136.000	   4.110
2017.08493	-134.890	   3.670
2017.08767	-138.850	   3.550
2017.09041	-138.570	   3.340
2017.09315	-131.430	   3.840
2017.09589	-133.200	   4.890
2017.09863	-131.430	   4.150
2017.10137	-136.990	   3.620
2017.10411	-138.230	   3.840
2017.10685	-133.470	   3.950
2017.10959	-142.540	   2.790
2017.11233	-138.900	   3.060
2017.11507	-136.810	   3.110
2017.11781	-137.480	   3.140
2017.12055	-139.850	   3.340
2017.12329	-138.930	   3.470
2017.12603	-134.960	   3.620
2017.12877	-137.150	   3.230
2017.13151	-137.470	   3.420
2017.13425	-136.520	   3.810
2017.13699	-137.240	   3.860
2017.13973	-136.960	   3.850
2017.14247	-135.480	   3.990
2017.14521	-138.030	   4.080
2017.14795	-138.070	   3.760
2017.15068	-135.970	   3.770
2017.15616	-138.700	   3.380
2017.15890	-136.040	   3.300
2017.16164	-138.450	   3.390
2017.16438	-139.330	   3.560
2017.16712	-141.570	   3.270
2017.16986	-144.270	   3.120
2017.17260	-142.560	   3.090
2017.17534	-140.950	   3.350
2017.17808	-144.130	   3.160
2017.18082	-145.890	   2.800
2017.18356	-139.340	   3.370
2017.18630	-140.960	   3.180
2017.18904	-147.120	   3.310
2017.19178	-139.600	   3.120
2017.19452	-141.910	   2.960
2017.19726	-144.010	   3.430
2017.20000	-145.010	   3.190
2017.20274	-140.360	   4.130
2017.20548	-136.470	   4.230
2017.20822	-145.390	   3.020
2017.21096	-144.850	   3.500
2017.21370	-145.500	   3.910
2017.21644	-146.070	   3.390
2017.21918	-142.480	   4.410
2017.22192	-135.060	   5.290
2017.22466	-143.560	   4.000
2017.22740	-138.730	   4.650
2017.23014	-143.250	   3.780
2017.23288	-140.390	   4.170
2017.23562	-136.680	   4.590
2017.23836	-138.270	   4.390
2017.24110	-141.390	   4.040
2017.24384	-142.940	   3.890
2017.24658	-137.340	   6.490
2017.24932	-142.730	   4.730
2017.25205	-131.990	   5.560
2017.25479	-131.530	   4.450
2017.25753	-134.300	   5.010
2017.26027	-132.780	   4.360
2017.26301	-135.650	   4.690
2017.26575	-146.440	   3.800
2017.26849	-138.500	   4.730
2017.27123	-144.420	   4.700
2017.27397	-141.820	   4.490
2017.27671	-142.390	   5.560
2017.27945	-146.200	   4.750
2017.28219	-142.920	   4.570
2017.28493	-141.130	   4.180
2017.28767	-141.280	   4.390
2017.29041	-141.830	   4.320
2017.29315	-147.720	   3.910
2017.29589	-142.660	   4.130
2017.29863	-143.790	   5.130
2017.30137	-143.080	   4.920
2017.30411	-143.300	   4.700
2017.30685	-144.430	   3.720
2017.30959	-145.510	   3.160
2017.31233	-140.340	   3.390
2017.31507	-137.450	   3.940
2017.31781	-141.480	   3.950
2017.32055	-136.650	   4.430
2017.32329	-134.720	   4.460
2017.32603	-136.020	   4.160
2017.32877	-136.920	   3.910
2017.33151	-141.780	   3.680
2017.33425	-140.930	   3.820
2017.33699	-140.290	   4.000
2017.33973	-138.880	   4.150
2017.34247	-140.130	   4.260
2017.34521	-138.940	   4.480
2017.34795	-140.690	   3.920
2017.35068	-138.960	   4.320
2017.35342	-141.590	   4.300
2017.35616	-141.440	   4.760
2017.35890	-137.870	   4.190
2017.36164	-138.930	   3.970
2017.36438	-140.400	   4.300
2017.36712	-139.610	   4.160
2017.36986	-140.530	   4.130
2017.37260	-141.380	   3.720
2017.37534	-146.200	   3.520
2017.37808	-139.720	   4.260
2017.38082	-138.970	   4.260
2017.38356	-140.230	   3.950
2017.38630	-139.180	   3.750
2017.38904	-138.070	   3.950
2017.39178	-140.270	   3.940
2017.39452	-143.060	   5.070
2017.39726	-140.470	   4.450
2017.40000	-139.350	   3.700
2017.40274	-142.350	   3.470
2017.40548	-143.900	   3.620
2017.40822	-145.800	   4.040
2017.41096	-143.540	   4.770
2017.41370	-142.350	   4.140
2017.41644	-139.670	   5.770
2017.41918	-142.810	   5.290
2017.42192	-140.940	   5.080
2017.42466	-141.030	   4.670
2017.42740	-137.740	   4.050
2017.43014	-141.650	   4.290
2017.43288	-141.670	   4.720
2017.43562	-145.890	   5.060
2017.43836	-146.570	   5.150
2017.44110	-142.820	   3.910
2017.44384	-147.330	   3.660
2017.44658	-143.290	   4.760
2017.44932	-137.700	   4.800
2017.45205	-144.610	   5.300
2017.45479	-143.420	   4.900
2017.45753	-139.860	   6.020
2017.46027	-141.190	   6.180
2017.46301	-143.930	   4.620
2017.46575	-139.600	   4.200
2017.46849	-145.130	   4.590
2017.47123	-140.410	   4.390
2017.47397	-144.790	   4.050
2017.47671	-144.260	   4.480
2017.47945	-141.550	   4.770
2017.48219	-147.860	   4.320
2017.48493	-141.330	   4.150
2017.48767	-143.830	   4.500
2017.49041	-145.060	   4.880
2017.49315	-141.720	   4.940
2017.49589	-143.880	   4.550
2017.49863	-142.850	   4.460
2017.50411	-142.990	   5.460
2017.50685	-143.780	   4.660
2017.50959	-144.360	   4.740
2017.51233	-146.490	   4.840
2017.51507	-151.100	   4.500
2017.51781	-147.860	   4.720
2017.52055	-142.140	   4.300
2017.52603	-147.630	   5.070
2017.52877	-145.160	   5.190
2017.53151	-146.090	   4.830
2017.53425	-147.770	   4.600
2017.53699	-148.030	   4.950
2017.53973	-146.040	   4.710
2017.54247	-144.000	   3.540
2017.54521	-142.700	   4.450
2017.54795	-140.740	   4.310
2017.55068	-141.790	   4.070
2017.55616	-144.790	   4.030
2017.55890	-145.210	   4.430
2017.56164	-143.460	   5.140
2017.56438	-139.930	   4.940
2017.56712	-140.990	   5.360
2017.56986	-143.900	   4.550
2017.57260	-144.610	   4.790
2017.57534	-145.960	   5.650
2017.57808	-143.810	   6.540
2017.58082	-148.310	   7.100
2017.58356	-142.980	   5.790
2017.58630	-144.100	   4.540
2017.58904	-140.790	   6.140
2017.59178	-144.130	   4.870
2017.59452	-144.090	   4.730
2017.59726	-141.690	   4.730
2017.60000	-144.570	   5.040
2017.60274	-144.230	   5.240
2017.60548	-143.310	   4.890
2017.60822	-148.180	   5.910
2017.61096	-141.330	   5.210
2017.61370	-144.390	   4.480
2017.61644	-142.350	   4.410
2017.61918	-144.260	   4.240
2017.62466	-143.680	   4.890
2017.62740	-147.900	   4.760
2017.63014	-143.770	   5.360
2017.63288	-145.250	   6.130
2017.63562	-139.800	   5.440
2017.63836	-144.130	   5.810
2017.64110	-145.850	   5.290
2017.64384	-142.760	   4.090
2017.64658	-145.670	   4.300
2017.64932	-140.730	   4.740
2017.65205	-145.030	   5.150
2017.65479	-143.170	   4.500
2017.65753	-144.390	   4.970
2017.66027	-143.120	   5.250
2017.66301	-143.360	   5.010
2017.66575	-144.080	   4.920
2017.66849	-144.430	   7.080
2017.67123	-146.240	   4.470
2017.67397	-143.660	   4.630
2017.67671	-140.690	   5.200
2017.67945	-143.060	   4.580
2017.68219	-145.520	   4.320
2017.68493	-143.790	   4.420
2017.68767	-142.490	   4.290
2017.69041	-150.410	   4.210
2017.69315	-150.040	   4.370
2017.69589	-145.220	   4.760
2017.69863	-145.340	   4.610
2017.70137	-146.360	   4.670
2017.70411	-142.760	   4.410
2017.70685	-147.600	   3.700
2017.70959	-151.920	   4.520
2017.71233	-147.760	   4.250
2017.71507	-147.100	   4.310
2017.71781	-145.730	   4.800
2017.72055	-144.420	   4.050
2017.72329	-147.840	   3.900
2017.72603	-146.010	   5.200
2017.72877	-147.460	   4.220
2017.73151	-147.080	   4.270
2017.73425	-147.080	   4.840
2017.73699	-146.440	   4.180
2017.73973	-147.850	   4.100
2017.74247	-153.860	   4.690
2017.74521	-139.160	   5.910
2017.74795	-144.400	   4.410
2017.75068	-147.720	   4.510
2017.75342	-147.610	   4.370
2017.75616	-146.370	   4.990
2017.75890	-146.010	   5.770
2017.76164	-146.360	   4.440
2017.76438	-141.340	   5.150
2017.76712	-149.130	   4.740
2017.76986	-149.270	   5.930
2017.77260	-144.410	   5.490
2017.77534	-144.050	   5.970
2017.77808	-145.640	   5.070
2017.78082	-146.340	   5.000
2017.78356	-157.990	   4.000
2017.78630	-146.750	   4.940
2017.78904	-152.220	   4.920
2017.79178	-147.510	   5.390
2017.79452	-141.470	   4.860
2017.79726	-148.610	   4.120
2017.80000	-146.330	   4.390
2017.80274	-149.760	   3.480
2017.80548	-149.930	   3.290
2017.80822	-149.640	   3.430
2017.81096	-147.940	   3.530
2017.81370	-150.750	   3.520
2017.81644	-148.050	   4.000
2017.81918	-148.000	   3.880
2017.82192	-148.660	   3.550
2017.82466	-151.370	   3.590
2017.82740	-147.730	   3.800
2017.83014	-146.950	   3.970
2017.83288	-147.560	   3.780
2017.83562	-144.440	   3.990
2017.83836	-145.620	   4.020
2017.84110	-149.550	   4.410
2017.84384	-151.580	   3.800
2017.84658	-146.490	   3.330
2017.84932	-150.900	   3.910
2017.85205	-147.310	   4.540
2017.85479	-147.100	   3.980
2017.85753	-148.110	   3.710
2017.86301	-150.040	   4.010
2017.86575	-150.420	   3.470
2017.86849	-148.910	   3.470
2017.87123	-149.230	   4.060
2017.87397	-151.860	   4.090
2017.87671	-148.570	   3.870
2017.87945	-149.610	   3.720
2017.88219	-151.410	   3.950
2017.88493	-152.730	   3.350
2017.88767	-151.040	   3.590
2017.89041	-149.130	   3.790
2017.89315	-152.070	   3.860
2017.89589	-152.910	   3.760
2017.89863	-151.940	   3.500
2017.90137	-148.880	   3.670
2017.90411	-148.880	   3.580
2017.90685	-148.300	   3.850
2017.90959	-149.230	   3.530
2017.91233	-150.200	   3.770
2017.91507	-149.770	   3.950
2017.91781	-152.840	   3.970
2017.92055	-148.200	   3.980
2017.92329	-151.930	   3.790
2017.92603	-150.210	   3.640
2017.92877	-150.750	   3.350
2017.93151	-150.780	   3.720
2017.93425	-150.990	   3.690
2017.93699	-154.020	   3.240
2017.93973	-153.390	   3.510
2017.94247	-152.350	   3.510
2017.94521	-149.080	   3.480
2017.94795	-153.090	   3.490
2017.95068	-157.890	   2.980
2017.95342	-152.830	   3.540
2017.95616	-151.450	   3.670
2017.95890	-154.380	   3.790
2017.96164	-154.730	   3.920
2017.96438	-154.130	   3.720
2017.96712	-154.530	   4.190
2017.96986	-153.390	   4.300
2017.97260	-152.240	   3.530
2017.97534	-150.790	   3.500
2017.97808	-153.310	   3.630
2017.98082	-150.250	   3.570
2017.98356	-153.530	   3.250
2017.98630	-151.150	   3.440
2017.98904	-152.450	   3.320
2017.99178	-151.050	   3.680
2017.99452	-150.000	   4.470
2018.00548	-154.110	   3.520
2018.00822	-153.830	   3.460
2018.01096	-148.790	   3.710
2018.01370	-156.490	   3.590
2018.01644	-154.020	   3.420
2018.01918	-148.900	   3.410
2018.02192	-152.560	   3.820
2018.02466	-150.340	   3.760
2018.02740	-151.850	   3.350
2018.03014	-149.850	   3.360
2018.03288	-151.810	   3.410
2018.03562	-152.610	   3.270
2018.03836	-148.360	   3.640
2018.04110	-151.090	   3.610
2018.04384	-151.560	   3.660
2018.04658	-152.410	   3.750
2018.04932	-151.880	   3.710
2018.05205	-153.850	   3.800
2018.05479	-153.240	   3.600
2018.05753	-150.600	   4.000
2018.06027	-154.540	   3.840
2018.06301	-153.240	   3.530
2018.06575	-152.110	   3.660
2018.06849	-151.820	   3.770
2018.07123	-150.030	   3.690
2018.07397	-151.670	   3.660
2018.07671	-153.300	   3.970
2018.07945	-156.250	   3.120
2018.08219	-149.860	   3.090
2018.08493	-153.020	   3.120
2018.08767	-154.770	   3.300
2018.09041	-154.670	   3.390
2018.09315	-153.100	   3.030
2018.09589	-154.620	   3.040
2018.09863	-152.250	   3.400
2018.10137	-154.720	   3.470
2018.10411	-152.360	   3.460
2018.10685	-154.690	   3.290
2018.10959	-153.240	   3.430
2018.11233	-153.340	   3.570
2018.11507	-153.140	   3.220
2018.11781	-154.250	   3.270
2018.12055	-152.080	   3.530
2018.12329	-151.000	   3.550
2018.12603	-151.030	   3.820
2018.12877	-153.540	   4.140
2018.13151	-153.740	   3.550
2018.13425	-153.900	   3.620
2018.13699	-153.400	   3.600
2018.13973	-153.680	   3.850
2018.14247	-153.580	   3.680
2018.14521	-152.430	   3.850
2018.14795	-153.410	   3.700
2018.15068	-153.920	   3.800
2018.15342	-154.440	   3.720
2018.15616	-155.740	   3.620
2018.15890	-149.660	   4.070
2018.16164	-158.360	   3.980
